171
216
167
164
167
146
159
191
186
162
143
155
150
161
167
155
125
144
191
194
160
183
173
141
140
194
172
161
184
178
156
177
161
149
178
153
153
139
165
143
202
173
171
164
171
164
161
166
152
197
157
185
184
106
146
174
155
137
147
141
136
191
162
146
166
163
159
150
144
148
169
155
169
164
163
149
179
203
182
184
154
160
127
195
187
167
158
139
144
155
161
158
147
185
151
161
161
155
171
148
160
169
167
207
174
108
154
119
112
123
111
146
111
215
108
110
113
209
202
166
157
163
141
166
165
158
161
163
165
167
172
158
149
163
166
171
156
157
146
194
146
170
168
166
128
157
166
164
148
158
174
155
115
180
187
160
178
183
181
162
155
185
174
201
160
174
156
146
178
172
