-0.113227 0.895088 0.437032 
-0.184362 0.837871 0.518636 
-0.043093 0.900946 0.443877 
-0.250126 0.843366 0.493241 
-0.316597 0.847786 0.469533 
0.024465 0.898406 0.464602 
-0.197259 0.801687 0.578002 
-0.196332 0.766353 0.639245 
-0.346106 0.876842 0.412219 
0.061150 0.872043 0.519000 
-0.413759 0.879201 0.391785 
0.094344 0.844302 0.574934 
0.084183 0.923295 0.436065 
-0.483182 0.866671 0.396633 
-0.535490 0.884816 0.352648 
-0.234567 0.732626 0.688241 
-0.590292 0.901212 0.311080 
0.137077 0.952138 0.399048 
-0.561480 0.936546 0.257030 
0.106123 0.810605 0.635973 
0.169174 0.801641 0.666702 
0.178557 0.985075 0.352202 
-0.207059 0.702910 0.746209 
-0.230771 0.667071 0.802364 
0.237125 0.799877 0.686183 
0.248629 0.994535 0.352812 
-0.183407 0.645886 0.850403 
-0.284507 0.752290 0.642205 
0.287340 1.028155 0.304117 
-0.049351 0.887092 0.466289 
-0.622797 0.947367 0.223515 
-0.291157 0.642670 0.829897 
-0.579322 0.852541 0.397783 
0.266552 0.770792 0.743525 
0.291358 0.828062 0.650625 
-0.607746 0.983556 0.164661 
0.011111 0.929147 0.408286 
-0.615131 1.018019 0.103361 
-0.296502 0.606778 0.890587 
0.257519 1.057105 0.246910 
-0.325675 0.571488 0.944472 
0.359129 0.844405 0.638794 
-0.598947 0.816461 0.455342 
0.258951 1.092683 0.185819 
-0.573508 1.050918 0.056614 
-0.654001 0.788703 0.489962 
-0.349519 0.535660 1.000577 
-0.607762 0.914331 0.284200 
-0.692991 0.939680 0.219812 
0.415332 0.829069 0.678870 
-0.369811 0.499610 1.057923 
-0.498504 0.958804 0.233823 
-0.132147 0.758737 0.667919 
0.261138 0.734895 0.804206 
-0.394048 0.572343 0.926461 
-0.434354 0.979920 0.212874 
0.283014 1.128494 0.129796 
0.190137 1.092465 0.169552 
-0.405272 1.015220 0.158947 
-0.349835 0.732472 0.660629 
0.296268 1.164681 0.070510 
-0.714159 0.764133 0.517843 
-0.541416 1.085798 0.004142 
-0.738111 0.728313 0.573908 
-0.284504 0.529117 1.027599 
0.462623 0.807842 0.726963 
-0.579962 0.784338 0.515407 
-0.781211 0.767587 0.495662 
0.526813 0.828917 0.706093 
-0.295839 0.708909 0.714379 
0.288299 1.199051 0.009230 
-0.220347 0.521466 1.056328 
-0.349338 0.467863 1.117698 
-0.761081 0.941155 0.200798 
0.192392 0.720517 0.812408 
0.357095 1.213310 0.001245 
0.346777 1.015536 0.340282 
-0.539702 1.121402 -0.056928 
-0.275978 0.882631 0.419183 
-0.353009 0.570685 0.939249 
0.481980 0.775812 0.786957 
-0.812043 0.960179 0.155621 
-0.313889 0.440997 1.172666 
0.221104 1.202256 -0.012555 
0.212312 1.236489 -0.073799 
-0.600233 1.132998 -0.091591 
0.581952 0.856629 0.671572 
0.268862 0.700486 0.865494 
0.227829 1.272675 -0.132534 
0.618347 0.890746 0.621458 
-0.792950 0.700442 0.608776 
0.687108 0.890829 0.637946 
0.745728 0.877483 0.675169 
-0.737381 0.684619 0.649539 
-0.819141 0.793426 0.441868 
-0.828736 0.666204 0.659245 
0.258202 0.664344 0.925329 
0.342630 1.246467 -0.059512 
0.257277 0.713800 0.839701 
0.705819 0.926944 0.580105 
