0.245512 -0.915784 0.325675 
0.230042 -0.951600 0.215725 
0.238615 -0.898483 0.393889 
0.201283 -0.892657 0.453658 
0.135335 -0.906192 0.475281 
0.252519 -0.865828 0.494342 
0.278247 -0.951903 0.163992 
0.068836 -0.928542 0.466422 
0.173244 -0.977883 0.182812 
0.011499 -0.934004 0.507442 
0.314234 -0.958344 0.103466 
0.372417 -0.952262 0.063744 
-0.052100 -0.944752 0.536418 
-0.120062 -0.963254 0.542655 
-0.080380 -0.967972 0.484319 
-0.187972 -0.982797 0.545168 
0.365136 -0.973465 -0.003318 
0.286105 -0.839774 0.550850 
-0.224894 -0.976782 0.605173 
0.425041 -0.966048 -0.040147 
0.349097 -0.815134 0.571463 
0.492849 -0.948651 -0.050120 
0.550735 -0.942789 -0.090305 
0.609449 -0.936306 -0.129173 
-0.197213 -0.951510 0.665132 
0.666979 -0.930704 -0.169902 
-0.292655 -0.996992 0.605180 
0.303407 -0.998585 -0.026950 
0.107141 -1.000622 0.172166 
0.417063 -0.796524 0.565602 
-0.239701 -0.948171 0.721556 
-0.122823 -0.994767 0.434512 
-0.281877 -0.944676 0.778203 
0.308668 -1.016379 -0.095183 
0.720466 -0.904027 -0.132121 
-0.176511 -1.021425 0.397004 
-0.200235 -1.046065 0.335116 
0.766599 -0.905469 -0.185691 
-0.037553 -0.921879 0.601727 
-0.147017 -0.924637 0.707064 
0.661196 -0.913066 -0.101672 
0.478790 -0.771404 0.589239 
0.834173 -0.888889 -0.198295 
-0.239612 -1.072670 0.282756 
0.665690 -0.950360 -0.237814 
0.544838 -0.748615 0.600118 
-0.281124 -1.099415 0.232145 
0.268174 -1.043062 -0.146645 
-0.302232 -0.931877 0.844700 
0.210660 -1.069225 -0.178387 
-0.184208 -1.068557 0.239012 
0.651414 -0.896663 -0.033589 
0.587101 -0.752067 0.543533 
0.244232 -1.076743 -0.240164 
-0.260521 -0.905120 0.895140 
0.581509 -0.722238 0.654520 
-0.350036 -1.002486 0.646134 
0.694460 -0.959908 -0.301698 
0.643490 -0.697206 0.677579 
0.124698 -0.890062 0.543301 
0.872869 -0.862337 -0.145403 
-0.196319 -0.881060 0.912441 
0.474436 -0.770336 0.597579 
0.707409 -0.672998 0.695697 
0.255226 -1.092758 -0.308154 
0.774447 -0.651309 0.701661 
0.420378 -0.814890 0.497399 
-0.295429 -1.122236 0.166765 
-0.399035 -1.002634 0.697115 
0.126335 -1.013842 0.105406 
0.510324 -0.969466 -0.141834 
-0.004867 -0.895930 0.658808 
0.889778 -0.884640 -0.241770 
0.814903 -0.624629 0.753154 
0.939993 -0.840775 -0.139978 
0.335634 -0.799929 0.639195 
0.769193 -0.622961 0.807078 
0.599030 -0.949009 -0.162985 
0.378478 -0.841657 0.447120 
-0.313181 -1.145771 0.102492 
0.744396 -0.611832 0.872356 
0.897652 -0.864467 -0.178959 
0.690359 -0.615040 0.917851 
0.458157 -0.756087 0.664899 
0.690738 -0.980211 -0.369328 
-0.330114 -1.169141 0.037939 
-0.117693 -1.014862 0.358308 
-0.377348 -1.196061 -0.007274 
0.662258 -0.605220 0.981990 
-0.407791 -1.028607 0.614797 
-0.225305 -0.976972 0.604937 
-0.138534 -0.854945 0.943727 
0.306737 -1.091132 -0.356568 
0.195297 -1.118409 -0.335550 
0.784565 -0.879912 -0.114518 
-0.363295 -1.139916 0.175798 
-0.138661 -0.835676 1.011761 
0.727910 -0.592092 0.959243 
1.004397 -0.816827 -0.123286 
0.461392 -0.818962 0.439942 
