-0.247554 0.580564 0.775669 
-0.160366 0.629939 0.759908 
-0.198688 0.515781 0.833362 
-0.135468 0.496486 0.857409 
-0.169189 0.680777 0.712684 
-0.090744 0.632247 0.769434 
-0.132965 0.725619 0.675128 
-0.249440 0.469532 0.846947 
-0.297253 0.608923 0.735427 
-0.067187 0.511935 0.856393 
-0.194922 0.737072 0.647093 
-0.256324 0.707700 0.658376 
-0.021480 0.632367 0.774371 
-0.319950 0.652497 0.686935 
-0.103857 0.444155 0.889910 
-0.353153 0.568446 0.743069 
0.042915 0.648030 0.760404 
-0.297122 0.421046 0.856994 
-0.128083 0.384893 0.914031 
-0.115467 0.325025 0.938630 
-0.219556 0.417477 0.881764 
0.060341 0.595524 0.801068 
-0.072224 0.707407 0.703106 
-0.408177 0.528448 0.744402 
-0.430501 0.470000 0.770564 
0.001245 0.569480 0.822004 
-0.366097 0.495816 0.787489 
0.013177 0.512228 0.858749 
-0.209478 0.357032 0.910301 
-0.003507 0.453856 0.891068 
-0.034461 0.398537 0.916505 
-0.067346 0.574773 0.815537 
0.117808 0.617595 0.777623 
-0.287343 0.514016 0.808221 
-0.236088 0.659960 0.713243 
-0.213064 0.774548 0.595549 
0.000042 0.688579 0.725162 
