-0.215029 0.828930 0.516369 
-0.119928 0.848805 0.514925 
-0.051723 0.845557 0.531374 
-0.231358 0.859599 0.455591 
-0.131267 0.778850 0.613320 
-0.160367 0.734605 0.659271 
0.002970 0.868404 0.495848 
-0.281631 0.807158 0.518825 
-0.336216 0.770731 0.541233 
0.068519 0.857195 0.510413 
-0.063318 0.774064 0.629933 
-0.057354 0.728918 0.682194 
-0.374676 0.788716 0.487386 
-0.213488 0.697440 0.684105 
-0.429808 0.781874 0.451595 
-0.195217 0.892667 0.406245 
-0.220669 0.647673 0.729263 
-0.264185 0.719809 0.641935 
-0.285778 0.864396 0.413704 
-0.036552 0.894723 0.445124 
-0.087166 0.683710 0.724529 
-0.228978 0.596580 0.769196 
-0.329303 0.699588 0.634142 
-0.384005 0.821407 0.421699 
0.004303 0.823960 0.566631 
-0.104904 0.885747 0.452159 
-0.178537 0.920791 0.346799 
0.057096 0.797225 0.600976 
-0.113398 0.913831 0.389940 
0.006794 0.747476 0.664254 
0.117522 0.776770 0.618722 
0.107768 0.819780 0.562448 
-0.407418 0.744980 0.528219 
-0.134399 0.943712 0.302231 
-0.234715 0.765741 0.598791 
-0.024278 0.922715 0.384718 
-0.161360 0.631470 0.758425 
-0.073136 0.940780 0.331035 
-0.301006 0.663351 0.685099 
