0.529444 0.788786 0.320165 
0.462057 0.846447 0.309275 
0.480404 0.806037 0.368097 
0.381383 0.840869 0.464880 
0.455639 0.848094 0.316931 
0.428657 0.893914 0.261187 
0.553029 0.799407 0.254354 
0.606090 0.823302 0.106290 
0.400508 0.876182 0.351162 
0.335228 0.909441 0.391695 
0.638475 0.713647 0.296747 
0.647826 0.708693 0.291369 
0.601677 0.703741 0.384360 
0.605388 0.696006 0.395267 
0.570354 0.700299 0.447661 
0.514285 0.694138 0.560969 
0.690145 0.667244 0.310046 
0.769016 0.596414 0.330346 
0.746602 0.635548 0.281620 
0.855379 0.574478 0.226849 
0.518917 0.844800 0.212213 
0.504803 0.863582 0.194776 
0.619161 0.653191 0.467630 
0.623849 0.648667 0.469548 
0.563312 0.833849 0.158276 
0.570796 0.832002 0.149184 
0.741341 0.610510 0.347539 
0.738692 0.597903 0.380730 
0.600326 0.784635 0.203909 
0.600631 0.784539 0.203584 
0.615375 0.811812 0.115805 
0.631804 0.804858 0.102403 
0.604040 0.635508 0.534403 
0.595874 0.625958 0.570461 
0.793957 0.620696 0.231252 
0.803011 0.617856 0.221622 
0.438867 0.813509 0.424831 
0.404073 0.819769 0.472356 
0.596366 0.612188 0.600715 
0.594965 0.607932 0.612819 
0.763578 0.664903 0.185177 
0.762824 0.666000 0.184034 
0.597874 0.850539 0.059291 
0.590906 0.865957 0.036791 
0.675881 0.620574 0.440819 
0.688998 0.613031 0.434619 
0.546607 0.674084 0.549009 
0.500982 0.704729 0.560612 
0.729819 0.710193 0.142644 
0.718571 0.725283 0.128473 
0.349304 0.896780 0.395364 
0.307736 0.913502 0.431247 
0.530825 0.746987 0.412197 
0.528203 0.750084 0.409844 
0.419143 0.799574 0.491290 
0.415069 0.796695 0.505020 
0.507258 0.720738 0.513302 
0.502323 0.726589 0.508824 
0.664253 0.722309 0.231475 
0.671106 0.724611 0.214123 
0.463040 0.888118 0.213343 
0.445843 0.901450 0.213690 
0.541726 0.893446 0.061829 
0.538060 0.896247 0.061995 
0.511989 0.888468 0.125790 
0.507722 0.887753 0.134969 
0.809128 0.583153 0.289220 
0.812100 0.575798 0.300575 
0.350304 0.867520 0.459729 
0.350380 0.865291 0.464632 
0.659331 0.591458 0.535966 
0.663339 0.588265 0.536079 
0.685206 0.757482 0.114831 
0.682886 0.759942 0.113384 
0.658239 0.661603 0.379349 
0.661154 0.659432 0.379091 
0.420522 0.896758 0.269178 
0.417399 0.897392 0.273280 
0.745252 0.579402 0.410919 
0.745420 0.578065 0.413643 
