0.250359 -0.784178 0.572176 
0.132756 -0.805816 0.609458 
0.337241 -0.727272 0.601950 
0.395224 -0.600811 0.745759 
0.196313 -0.774537 0.616741 
0.092181 -0.755962 0.702607 
0.355723 -0.794808 0.496730 
0.438902 -0.843566 0.380631 
0.418764 -0.763650 0.504142 
0.551495 -0.698046 0.519748 
0.227995 -0.828992 0.522259 
0.159035 -0.967173 0.368342 
0.457609 -0.719598 0.543520 
0.520111 -0.648719 0.606879 
0.219674 -0.872022 0.466769 
0.211796 -0.912765 0.414228 
0.320870 -0.691878 0.660935 
0.317842 -0.685332 0.671845 
0.130849 -0.801266 0.616927 
0.082393 -0.821050 0.617064 
0.166666 -0.745740 0.674116 
0.135255 -0.715229 0.734906 
0.473030 -0.773047 0.459792 
0.527475 -0.782475 0.415294 
0.107884 -0.741934 0.713232 
0.068912 -0.739410 0.739165 
0.059599 -0.726541 0.762543 
0.059124 -0.726390 0.763028 
0.152699 -0.892405 0.476711 
0.107139 -0.906271 0.483473 
0.326758 -0.839738 0.450444 
0.316644 -0.855428 0.434281 
0.516921 -0.792184 0.407760 
0.582233 -0.820662 0.330335 
0.509987 -0.834935 0.351865 
0.508168 -0.846150 0.337201 
0.484232 -0.674652 0.591175 
0.502654 -0.643550 0.624151 
0.490715 -0.631996 0.647197 
0.494142 -0.609446 0.676813 
0.449288 -0.610944 0.700494 
0.429046 -0.600657 0.726536 
0.384396 -0.618194 0.727634 
0.367591 -0.620072 0.734662 
0.445164 -0.863098 0.349672 
0.400902 -0.882328 0.348175 
0.155497 -0.700056 0.744525 
0.172173 -0.685390 0.755484 
0.339846 -0.876477 0.391462 
0.341345 -0.880686 0.384706 
0.535758 -0.686948 0.544337 
0.538662 -0.687641 0.541698 
0.258768 -0.693239 0.694721 
0.245319 -0.693534 0.702037 
0.300472 -0.920440 0.352513 
0.298916 -0.922178 0.350973 
0.236630 -0.925200 0.382537 
0.231654 -0.925571 0.384877 
0.417687 -0.811298 0.438020 
0.413760 -0.814013 0.436475 
0.168277 -0.928134 0.417712 
0.168627 -0.928936 0.416387 
0.254634 -0.653354 0.752963 
0.254403 -0.651125 0.756219 
0.419158 -0.682388 0.617738 
0.416993 -0.682646 0.618622 
0.546427 -0.747268 0.453716 
0.554519 -0.734951 0.466318 
0.492213 -0.567708 0.736384 
0.500454 -0.559407 0.743274 
