0.008331 -0.527226 -0.852621 
-0.206639 -0.584989 -0.837506 
-0.046999 -0.567078 -0.833902 
-0.124322 -0.622769 -0.807741 
0.119872 -0.555133 -0.826110 
0.233198 -0.675779 -0.744394 
-0.111458 -0.594235 -0.823530 
-0.203948 -0.633203 -0.808649 
-0.013781 -0.470354 -0.888350 
-0.051188 -0.374143 -0.948792 
0.092141 -0.612124 -0.794756 
0.055626 -0.687164 -0.753472 
0.039208 -0.654362 -0.774406 
0.008819 -0.678611 -0.762723 
0.137986 -0.476815 -0.870981 
0.224318 -0.431766 -0.890021 
-0.060191 -0.426396 -0.918580 
-0.084679 -0.403202 -0.934531 
0.123651 -0.417840 -0.907264 
0.103607 -0.335383 -0.957994 
0.205045 -0.455414 -0.877703 
0.209970 -0.453842 -0.878197 
0.271413 -0.432298 -0.885505 
0.310945 -0.418529 -0.890152 
0.319708 -0.474708 -0.856026 
0.346200 -0.497972 -0.839854 
-0.181449 -0.589654 -0.832492 
-0.223203 -0.586920 -0.837837 
0.134550 -0.357338 -0.942203 
0.141240 -0.320206 -0.963646 
0.156959 -0.633508 -0.776283 
0.235701 -0.659487 -0.753841 
0.310833 -0.535378 -0.820806 
0.303828 -0.583264 -0.793008 
0.187776 -0.686992 -0.741789 
0.201674 -0.711114 -0.726232 
-0.062142 -0.635760 -0.794485 
-0.049181 -0.646673 -0.786852 
0.294624 -0.595190 -0.786750 
0.294188 -0.596802 -0.785832 
0.064587 -0.352567 -0.951274 
0.020857 -0.349585 -0.956944 
0.240364 -0.536228 -0.826586 
0.216963 -0.536510 -0.828505 
-0.128469 -0.444227 -0.914085 
-0.136360 -0.446288 -0.913566 
0.167899 -0.746110 -0.708472 
0.159882 -0.769954 -0.695035 
-0.048894 -0.365933 -0.953461 
-0.042734 -0.332964 -0.972480 
0.058752 -0.292198 -0.987627 
0.056987 -0.273933 -0.998625 
0.006103 -0.253816 -1.015103 
-0.006067 -0.244944 -1.021455 
0.053694 -0.428135 -0.907392 
0.048549 -0.428893 -0.907401 
-0.171211 -0.494258 -0.888201 
-0.173969 -0.497486 -0.886531 
0.108055 -0.679223 -0.753510 
0.106697 -0.680492 -0.752878 
0.331297 -0.397861 -0.900605 
0.340417 -0.392616 -0.902905 
0.398920 -0.412416 -0.885935 
0.406113 -0.413965 -0.884375 
0.254913 -0.373826 -0.921682 
0.249342 -0.354084 -0.933898 
-0.078727 -0.496560 -0.878587 
-0.081181 -0.497551 -0.878218 
-0.078616 -0.311958 -0.988148 
-0.078769 -0.311681 -0.988326 
