0.254115 0.498851 -0.828597 
0.362535 0.414527 -0.834707 
0.258345 0.403531 -0.877736 
0.292613 0.343929 -0.892239 
0.306591 0.528147 -0.791873 
0.346051 0.299277 -0.889203 
0.204530 0.369415 -0.906477 
0.328813 0.576978 -0.747649 
0.389164 0.542071 -0.744789 
0.262281 0.288689 -0.920797 
0.186635 0.515995 -0.836012 
0.262697 0.595870 -0.758900 
0.425030 0.388284 -0.817670 
0.196009 0.612362 -0.765894 
0.407405 0.273216 -0.871421 
0.397446 0.593057 -0.700228 
0.123164 0.498882 -0.857874 
0.197063 0.278357 -0.940044 
0.481033 0.351520 -0.803145 
0.442489 0.612154 -0.655340 
0.130929 0.604106 -0.786075 
0.444770 0.500322 -0.742871 
0.132065 0.437565 -0.889436 
0.507808 0.290102 -0.811154 
0.130119 0.280640 -0.950952 
0.496854 0.455617 -0.738613 
0.124772 0.375204 -0.918506 
0.084086 0.642835 -0.761376 
0.069599 0.585081 -0.807983 
0.483601 0.560838 -0.672005 
0.483511 0.235319 -0.843114 
0.337760 0.627357 -0.701670 
0.086721 0.235781 -0.967929 
0.368873 0.225364 -0.901745 
0.064872 0.471272 -0.879599 
0.251500 0.648763 -0.718230 
