0.108776 0.774364 0.623320 
-0.547699 0.793609 0.264973 
0.207414 0.656774 0.725002 
0.884758 -0.461215 0.066964 
0.920037 0.351720 -0.172699 
0.561356 0.494743 0.663407 
-0.055455 0.876923 0.477421 
-0.495611 -0.121937 0.859942 
-0.159855 0.726738 -0.668055 
-0.063548 -0.189090 -0.979901 
0.361199 0.662896 0.655823 
0.141165 -0.618868 0.772706 
-0.484707 0.516060 0.706216 
-0.661436 0.269474 -0.699918 
0.517054 0.221364 0.826833 
-0.872055 -0.101007 0.478871 
-0.699856 0.707388 0.099019 
0.410993 -0.505672 0.758538 
0.431917 0.119692 0.893936 
0.517102 -0.833905 -0.192895 
0.737271 0.613703 -0.282487 
0.931489 -0.363533 0.013151 
0.730738 0.321566 -0.602177 
0.268673 0.616891 0.739771 
0.980951 0.194047 -0.008953 
0.395838 0.388839 0.831936 
-0.180985 0.574421 0.798301 
0.730491 0.077962 -0.678457 
0.879917 -0.412551 0.235686 
0.694576 -0.674076 0.251367 
-0.359430 0.927612 -0.101711 
0.444243 0.528262 0.723593 
-0.984021 0.033838 -0.174807 
-0.038193 -0.840823 -0.539962 
-0.196561 0.802957 0.562693 
0.867211 0.479990 0.132495 
0.627276 -0.717502 -0.302847 
0.369334 -0.672046 0.641831 
0.461034 -0.710620 -0.531477 
-0.156749 -0.874250 -0.459475 
-0.751912 -0.279468 -0.597098 
0.042339 -0.751559 0.658305 
-0.478889 -0.826590 -0.295657 
0.780579 0.602805 0.165295 
-0.732064 -0.674290 0.097034 
0.615528 0.710115 -0.341852 
-0.051360 0.939494 -0.338694 
0.986712 0.144050 -0.075156 
0.778094 -0.614828 0.128673 
0.839983 0.535831 0.085519 
-0.608318 0.507354 0.610362 
-0.435591 -0.316107 0.842815 
-0.639964 0.394939 -0.659143 
0.221524 -0.002101 0.975153 
-0.576602 0.133427 -0.806056 
0.396882 0.008122 -0.917834 
0.628357 0.642406 0.438729 
-0.389913 0.857623 -0.335337 
0.843935 0.050753 0.534039 
-0.771228 -0.580219 -0.261824 
0.872065 0.050833 -0.486743 
0.663706 0.701441 0.259759 
0.375091 0.863292 -0.337688 
0.769572 0.159246 0.618385 
0.743364 0.604277 -0.286808 
0.616244 -0.103795 0.780686 
0.636958 -0.151751 0.755815 
0.407798 0.761536 0.503750 
-0.829617 0.210344 -0.517195 
0.436728 0.877614 0.197642 
-0.485884 0.643502 -0.591458 
-0.060696 0.391169 0.918315 
-0.688311 -0.167413 0.705834 
-0.440254 -0.897530 0.024817 
-0.512675 -0.734767 -0.444165 
0.206379 0.876701 0.434515 
-0.040116 0.463175 -0.885358 
-0.310882 -0.327831 0.892120 
-0.968546 -0.246442 0.034425 
-0.547575 -0.836678 0.011487 
0.880841 -0.412680 -0.231979 
-0.701344 0.420286 -0.575740 
0.754486 0.656060 -0.018346 
0.721568 -0.439472 0.534980 
-0.344790 -0.058404 0.936861 
0.229171 -0.860826 0.454377 
-0.914065 0.238785 -0.327823 
-0.161411 0.813017 0.559419 
-0.309275 0.773162 -0.553687 
0.691313 -0.586719 -0.421719 
-0.353685 -0.894893 0.272164 
0.495919 -0.854344 -0.155434 
0.543404 -0.777634 -0.316223 
-0.408487 0.892594 0.190824 
-0.636387 -0.362109 -0.681094 
0.634986 0.556240 -0.536088 
0.412962 -0.786820 0.458668 
-0.944086 0.244350 0.221347 
0.665477 0.739644 0.100337 
-0.771443 0.428730 0.470177 
-0.271510 -0.723206 0.635024 
0.646710 0.449606 0.616134 
-0.202733 0.307741 0.929621 
0.319730 0.747978 0.581637 
-0.352108 -0.717423 -0.601103 
-0.211274 -0.702260 -0.679849 
-0.051515 0.501575 -0.863579 
-0.633233 0.498696 0.591877 
0.689815 0.376196 0.618573 
-0.693490 0.718179 -0.057354 
-0.653681 -0.747679 0.116945 
0.669933 -0.727786 -0.146685 
0.665758 -0.161762 -0.728423 
0.529496 -0.548727 -0.646941 
0.522811 -0.220103 -0.823543 
0.645604 0.406084 -0.646754 
0.725822 -0.480395 0.492344 
-0.957175 -0.268959 0.107136 
0.677793 -0.543905 -0.494736 
0.403810 -0.072185 0.911990 
-0.645809 0.117304 0.754434 
0.474033 0.039139 0.879637 
-0.883387 -0.182380 -0.431699 
-0.831964 -0.515903 -0.204157 
-0.459753 -0.724542 0.513484 
-0.370817 0.919957 0.127176 
-0.150458 0.766503 0.624368 
-0.453971 0.740259 -0.495910 
0.497930 0.803852 -0.325404 
0.811461 0.133875 0.568866 
0.768871 0.551329 -0.323841 
0.487310 -0.121330 0.864759 
0.548881 0.286119 -0.785407 
0.852595 0.476674 0.214159 
-0.251958 0.911581 0.324866 
-0.795783 -0.536185 0.281488 
0.745484 0.658633 -0.102259 
0.086183 0.986725 -0.137648 
0.680542 0.558000 -0.474867 
-0.715315 0.187240 0.673249 
0.915138 -0.186107 0.357612 
-0.443542 -0.583842 -0.679999 
-0.767833 0.558745 0.313427 
-0.280865 0.887541 -0.365219 
-0.736323 -0.646066 -0.201063 
0.608501 -0.632593 0.479117 
-0.352050 -0.907930 -0.227427 
0.816448 0.199517 -0.541853 
-0.457712 -0.350553 0.817075 
0.353370 -0.769181 0.532438 
-0.017804 -0.534538 -0.844957 
-0.748236 -0.130295 -0.650512 
-0.522381 0.099985 0.846830 
0.586539 0.756789 0.288519 
-0.368624 -0.800703 0.472218 
0.300601 0.447525 -0.842235 
-0.287283 -0.713999 -0.638493 
0.474975 0.787370 0.392998 
-0.609123 -0.551334 0.570088 
-0.901238 0.237091 -0.362709 
0.282588 -0.959130 0.014639 
0.277109 -0.470605 0.837700 
0.995649 -0.092190 -0.013555 
0.873066 -0.482780 -0.068402 
-0.259575 0.965682 0.008862 
-0.588016 -0.514297 -0.624288 
-0.616042 0.323270 -0.718324 
-0.203109 -0.452735 -0.868203 
-0.748140 -0.331558 -0.574766 
-0.795007 -0.312281 0.520043 
-0.265822 0.683404 0.679925 
0.716310 0.157118 -0.679864 
0.843728 -0.300822 0.444556 
-0.357063 -0.506616 0.784759 
0.802626 0.471360 0.365529 
-0.400287 0.649532 0.646436 
-0.042970 -0.998811 -0.023004 
0.647824 0.288874 0.704894 
0.658135 0.336567 -0.673484 
-0.875279 0.458124 -0.154947 
0.621332 -0.741281 -0.253869 
0.446395 0.615523 0.649510 
0.880057 0.343400 -0.327988 
0.248630 0.968471 0.015696 
0.261554 0.510521 -0.819120 
-0.390435 0.667146 -0.634410 
-0.844943 -0.096209 -0.526132 
0.234684 -0.564590 0.791304 
-0.228375 -0.953123 0.198498 
0.033109 -0.865994 -0.498957 
0.672118 -0.714556 -0.194080 
-0.474819 0.729243 -0.492698 
-0.466488 0.482719 0.741196 
0.081286 -0.190858 0.978246 
-0.681719 -0.703733 0.200049 
-0.746925 -0.613207 0.257060 
-0.475282 -0.243312 -0.845521 
0.031112 0.915505 -0.401101 
-0.561284 -0.595850 -0.574390 
0.759071 0.641580 0.110394 
-0.501779 0.824858 0.260435 
0.403173 -0.902630 -0.150698 
0.820755 -0.301672 -0.485135 
0.708329 0.651136 0.272566 
0.582770 0.743156 0.328782 
-0.070045 -0.661775 0.746424 
-0.882842 -0.270219 -0.384150 
-0.656514 0.666363 -0.353483 
-0.298758 -0.715893 0.631063 
0.769478 -0.589707 0.245252 
-0.828385 0.382690 -0.409056 
0.862699 -0.491820 0.117742 
-0.145715 -0.629888 0.762895 
0.300986 -0.802605 0.515007 
-0.385937 0.832687 0.397096 
0.830455 -0.240292 0.502598 
0.787025 -0.147954 -0.598917 
-0.491817 0.079311 -0.867079 
0.087953 0.934817 -0.344066 
-0.694191 0.672451 0.256727 
0.551371 -0.605948 -0.573426 
-0.498341 -0.825570 -0.264745 
0.982859 0.127821 0.132853 
0.603309 -0.741298 0.294102 
0.525336 0.711674 0.466414 
-0.624547 0.042891 0.779808 
-0.915140 -0.081610 -0.394788 
-0.644800 0.399730 0.651497 
-0.585911 -0.548371 0.596655 
0.813563 -0.304166 0.495578 
-0.798377 -0.447013 0.403452 
-0.521834 0.225015 0.822835 
0.725501 -0.310737 -0.614077 
-0.605270 -0.790189 0.096172 
0.602471 0.294023 -0.742010 
-0.320996 0.925164 0.202568 
-0.399871 0.586848 -0.704069 
0.050198 -0.876866 0.478106 
-0.266877 -0.390006 0.881290 
-0.725932 0.683515 -0.076354 
0.287183 -0.840573 0.459307 
-0.560202 -0.638367 -0.527885 
-0.548477 -0.732941 0.402455 
-0.057156 -0.505486 0.860940 
-0.766897 -0.622304 0.156865 
-0.996712 -0.061058 -0.053260 
0.530669 0.710077 -0.462797 
0.583758 -0.777878 -0.232663 
-0.267040 0.386361 0.882845 
-0.324960 0.919582 0.220839 
0.952022 -0.268833 0.146231 
0.325428 0.496717 0.804592 
-0.679592 0.503622 0.533405 
0.566995 -0.334722 -0.752647 
0.557168 -0.414223 -0.719710 
-0.661362 -0.232365 0.713166 
0.548513 -0.824591 -0.138504 
-0.740228 0.578982 0.341823 
0.154985 -0.746283 -0.647334 
-0.423674 0.257754 0.868368 
0.926889 0.074113 -0.367945 
-0.234735 -0.615549 -0.752329 
-0.393438 -0.511746 0.763756 
-0.586721 0.749523 -0.306552 
-0.690432 0.484312 0.537351 
0.048479 0.742286 -0.668327 
-0.545775 0.482542 -0.685042 
0.289704 0.582815 0.759209 
-0.431226 -0.233004 -0.871638 
0.267086 0.462752 0.845296 
0.521259 0.004204 -0.853388 
0.771250 0.633587 0.061165 
-0.712229 -0.603106 0.359156 
-0.853032 -0.412463 0.319704 
-0.606178 0.267020 -0.749165 
-0.713368 -0.610957 -0.343275 
-0.590193 -0.248250 0.768144 
-0.311889 -0.765875 0.562282 
-0.650236 -0.383886 -0.655610 
-0.058398 0.719706 0.691818 
-0.940829 0.261926 -0.215026 
0.668376 0.076246 -0.739905 
-0.959189 0.260683 -0.109548 
0.829818 0.257610 0.495014 
0.150177 0.917569 -0.368123 
0.624006 -0.765411 -0.157365 
-0.594603 -0.676553 0.434423 
-0.780597 -0.159714 0.604285 
-0.746326 0.316952 -0.585268 
-0.370735 -0.590355 -0.716963 
-0.854773 -0.132086 0.501913 
0.358060 -0.709421 -0.607054 
-0.827339 -0.346175 0.442350 
-0.028595 -0.923563 -0.382379 
-0.639948 0.693738 -0.330445 
0.172035 0.812830 -0.556517 
0.770678 0.637210 -0.004321 
0.269137 -0.711352 0.649264 
-0.134983 -0.950162 0.281018 
0.172632 -0.465797 0.867889 
0.516653 0.275805 -0.810556 
-0.605200 -0.690079 -0.396894 
-0.100888 -0.744501 0.659954 
-0.492266 0.530921 0.689781 
0.207274 -0.919292 0.334574 
0.949618 0.140039 -0.280385 
-0.504998 0.025235 -0.862752 
0.644589 -0.601859 -0.471456 
0.754135 0.346482 -0.557880 
-0.278254 -0.876184 0.393544 
-0.571912 0.634051 -0.520478 
-0.118525 -0.992929 0.006567 
0.709740 0.244208 0.660781 
0.007907 0.958399 0.285324 
-0.629439 -0.297998 0.717638 
-0.816823 -0.157101 -0.555085 
-0.240269 0.751596 0.614308 
0.334912 0.209839 0.918587 
0.939157 -0.341574 0.036218 
-0.680972 0.579108 0.448230 
0.604600 0.794563 0.055936 
-0.911733 -0.192254 0.363017 
0.206147 -0.756027 -0.621230 
-0.264439 0.520790 -0.811695 
0.783473 -0.610611 0.115431 
0.184810 -0.535951 0.823773 
0.763882 0.255658 0.592556 
0.050205 -0.827732 -0.558874 
-0.222110 -0.865893 0.448215 
0.930599 -0.340322 -0.134782 
0.344127 -0.885832 -0.311253 
-0.669565 -0.466484 0.577992 
0.496110 0.504026 -0.706988 
-0.695087 -0.520719 0.495687 
-0.460885 -0.543303 0.701717 
0.515788 0.500037 -0.695648 
0.797997 0.283749 0.531683 
0.049013 -0.654947 0.754084 
0.650350 0.049146 -0.758043 
0.433076 -0.508717 -0.744079 
0.734351 -0.654640 0.179375 
-0.266991 -0.570254 0.776870 
-0.553299 -0.758551 0.344181 
-0.477772 -0.561427 0.675672 
0.760276 -0.169385 -0.627128 
0.620541 -0.480541 0.619685 
0.705588 0.708594 -0.006399 
0.837548 0.064871 0.542498 
0.289461 -0.323573 -0.900840 
0.425405 0.883337 0.196840 
-0.658804 0.694414 0.289423 
0.473758 -0.457316 0.752606 
0.261593 -0.142206 0.954645 
-0.377944 0.309411 -0.872596 
-0.894214 0.445187 -0.046796 
-0.670761 0.098904 0.735049 
-0.853264 0.023293 0.520958 
0.443262 -0.630865 -0.636811 
-0.474889 0.867283 0.149331 
-0.533109 -0.058283 -0.844037 
-0.915278 0.264913 -0.303458 
0.794111 -0.445883 0.413008 
0.180937 0.728146 -0.661109 
0.209306 -0.667469 0.714616 
0.656761 0.212956 -0.723405 
-0.567281 0.604227 0.559555 
0.614320 -0.744292 -0.261993 
-0.035486 0.989832 0.137747 
0.419167 -0.822064 -0.385370 
-0.600635 0.315219 0.734762 
0.643766 0.756627 -0.114372 
-0.803250 -0.088405 0.589045 
0.289077 -0.762878 0.578317 
0.495011 0.293116 -0.817953 
-0.272650 -0.726836 0.630374 
0.920492 -0.285980 0.266288 
0.316750 -0.771963 0.551128 
0.895746 0.443487 0.030948 
0.068632 -0.471958 0.878946 
0.867849 0.289897 -0.403483 
0.380574 -0.368352 -0.848222 
-0.905869 -0.423542 -0.003658 
-0.705114 -0.702091 0.099413 
0.660228 0.452145 -0.599720 
0.797730 -0.602244 -0.030482 
0.269258 0.672845 0.689043 
-0.608460 0.000318 -0.793584 
0.734928 -0.056414 0.675795 
-0.131897 0.902185 -0.410688 
-0.589817 0.524878 0.613693 
-0.171411 0.147402 -0.974110 
-0.012884 0.973676 0.227572 
0.908691 0.403632 0.106588 
0.283983 0.223006 -0.932535 
0.964160 0.077169 -0.253850 
-0.569873 -0.721643 -0.393034 
-0.718355 -0.186330 0.670259 
-0.593574 -0.524465 -0.610416 
-0.689282 0.542219 -0.480509 
-0.076026 0.692075 -0.717811 
-0.493598 -0.650775 0.576933 
0.188955 0.914702 -0.357234 
-0.605449 0.484578 -0.631360 
0.662021 -0.483066 0.573041 
0.683484 -0.539653 -0.491553 
-0.509790 -0.522726 -0.683280 
0.631403 0.107875 0.767915 
0.072299 0.625021 -0.777252 
0.491727 -0.716659 0.494575 
-0.887042 -0.056892 0.458170 
-0.420109 0.517349 -0.745559 
0.750505 -0.192578 0.632184 
-0.856180 0.052602 0.513993 
-0.222472 -0.526561 -0.820512 
-0.695856 -0.512159 -0.503467 
-0.987996 0.104065 0.114169 
0.076462 -0.508919 -0.857412 
-0.376371 0.530351 0.759653 
-0.263312 0.258204 0.929515 
-0.754412 0.599224 -0.267942 
0.619875 0.677046 -0.396691 
0.759813 0.606942 0.233036 
0.451207 -0.657117 -0.603829 
-0.507058 -0.083836 -0.857825 
-0.971008 0.012748 -0.238706 
0.123144 0.358634 -0.925320 
-0.738250 -0.504483 -0.447753 
-0.580828 0.044519 -0.812808 
-0.692330 0.670648 0.266288 
-0.779935 -0.600217 -0.177316 
-0.191899 -0.929293 -0.315578 
0.237422 0.809801 -0.536520 
-0.602041 0.612482 -0.512262 
-0.173815 -0.772191 0.611154 
0.759449 0.148936 -0.633289 
-0.400820 -0.574451 0.713687 
-0.532588 -0.589075 -0.607733 
0.002833 -0.432629 0.901568 
0.299837 -0.199371 0.932925 
-0.754339 -0.060259 0.653713 
0.188905 0.779254 0.597560 
0.856358 0.035969 0.515128 
-0.793225 0.608827 -0.011119 
-0.217883 -0.892226 0.395549 
-0.451013 0.731645 -0.511159 
0.018615 -0.832586 -0.553582 
-0.201662 -0.970433 0.132636 
0.310766 0.699878 0.643113 
-0.497024 -0.149079 -0.854835 
-0.747855 0.309225 0.587446 
0.703395 -0.502552 0.502670 
0.268507 -0.723828 -0.635592 
-0.254420 -0.327081 -0.910104 
0.703347 0.503337 -0.501951 
-0.010296 0.846019 -0.533054 
0.839789 -0.074031 -0.537842 
0.634077 0.638588 0.436063 
-0.077208 0.537608 0.839653 
-0.246506 -0.812903 -0.527658 
0.409070 -0.592121 0.694301 
0.157541 0.818960 -0.551802 
-0.826795 0.319569 -0.462911 
0.118644 0.881419 0.457191 
0.290064 0.956429 -0.033277 
0.853255 -0.514639 -0.084277 
-0.582217 0.587868 0.561635 
-0.129291 0.715469 0.686577 
-0.907729 -0.292223 0.301055 
0.826006 0.485116 0.287014 
-0.645084 0.084008 0.759480 
-0.605594 -0.635376 0.479117 
-0.733959 -0.260432 -0.627280 
0.387060 0.853224 -0.349561 
-0.108985 0.222176 -0.968896 
0.962436 -0.164194 -0.216232 
-0.549446 -0.274991 -0.788980 
-0.309202 0.851955 -0.422572 
-0.432591 -0.772105 0.465531 
0.693536 -0.719258 0.040920 
0.093597 -0.332727 -0.938367 
-0.392918 -0.042907 -0.918572 
-0.722651 0.644948 0.248631 
0.012862 0.324900 0.945661 
0.459820 0.768111 -0.445613 
0.653066 0.723593 0.223424 
-0.421871 -0.308079 -0.852709 
0.315137 0.397666 0.861714 
0.599193 -0.615732 -0.511705 
0.409539 0.712076 -0.570286 
-0.942715 -0.294438 0.156826 
-0.351207 0.480522 -0.803587 
-0.043772 0.779281 0.625144 
-0.948709 -0.164068 -0.270245 
0.591370 -0.739744 -0.321031 
0.719932 -0.627294 -0.296985 
0.325932 -0.377586 0.866716 
0.352141 -0.903981 -0.242517 
0.278768 -0.930883 -0.236105 
0.491909 0.682608 -0.540437 
0.633734 -0.719679 0.283626 
