-0.881865 0.098295 0.466533 
-0.898117 0.127208 0.436502 
-0.822510 0.030981 0.572292 
-0.789084 0.009516 0.630168 
-0.798834 0.088549 0.605838 
-0.754868 0.195455 0.668133 
-0.819245 -0.038530 0.584844 
-0.816408 -0.098936 0.595752 
-0.802753 -0.098517 0.618454 
-0.790734 -0.142236 0.642948 
-0.885064 0.004655 0.470786 
-0.968347 -0.133593 0.346207 
-0.795580 0.159162 0.604032 
-0.792212 0.232247 0.602162 
-0.915292 -0.039952 0.424999 
-0.932099 -0.064755 0.399542 
-0.950269 -0.066173 0.369420 
-0.992740 -0.098011 0.301933 
-0.811033 0.220296 0.572034 
-0.815851 0.239356 0.562058 
-0.782614 -0.153810 0.657660 
-0.763695 -0.205751 0.694489 
-0.845554 -0.091776 0.546469 
-0.858638 -0.118257 0.527384 
-0.883768 0.168222 0.456206 
-0.885654 0.237485 0.445977 
-0.766416 0.206452 0.647771 
-0.757653 0.220662 0.660915 
-0.962269 -0.001757 0.342839 
-0.976524 0.074767 0.311262 
-0.834620 0.270036 0.527655 
-0.847632 0.297478 0.503171 
-0.759290 -0.095732 0.690567 
-0.753816 -0.082100 0.698291 
-0.731836 0.189588 0.707099 
-0.725258 0.186380 0.718384 
-0.940410 0.058295 0.373104 
-0.938540 0.063434 0.375694 
-0.910723 0.211159 0.406912 
-0.915237 0.218350 0.398656 
-0.729879 0.119676 0.717513 
-0.728418 0.067471 0.725290 
-0.865117 0.303623 0.473416 
-0.874081 0.313495 0.457474 
-0.923667 0.274755 0.378842 
-0.924228 0.277512 0.377624 
-0.783775 -0.015687 0.641590 
-0.773164 -0.008854 0.658565 
-0.845869 -0.162170 0.553149 
-0.845885 -0.165735 0.553487 
-0.968579 0.098340 0.322085 
-0.975282 0.107870 0.309943 
-0.962945 0.168792 0.324260 
-0.961694 0.184436 0.324742 
-0.879451 -0.123736 0.493275 
-0.885198 -0.129154 0.484258 
-0.752274 0.273697 0.664446 
-0.751789 0.276004 0.665019 
-0.983777 -0.099861 0.317053 
-0.995398 -0.111545 0.298890 
-0.933981 -0.126390 0.402715 
-0.933034 -0.129889 0.404650 
-0.847555 0.183639 0.514950 
-0.845923 0.184334 0.517597 
-0.922492 0.142579 0.394327 
-0.923275 0.138012 0.393488 
-0.729324 0.049434 0.725627 
-0.729189 0.032392 0.727595 
-0.945842 0.326918 0.336565 
-0.947470 0.330746 0.333463 
