0.129025 0.785453 -0.605323 
0.121239 0.845513 -0.520008 
0.168889 0.865229 -0.472075 
0.237259 0.856189 -0.458966 
0.109935 0.889490 -0.443533 
0.236052 0.786623 -0.570529 
0.043249 0.901549 -0.430510 
0.139467 0.912144 -0.385411 
0.290782 0.861732 -0.415769 
0.299752 0.758902 -0.578114 
-0.021894 0.892719 -0.450082 
-0.075078 0.870504 -0.486401 
0.076789 0.760663 -0.644589 
-0.030774 0.846678 -0.531216 
0.064800 0.827397 -0.557867 
0.163250 0.742748 -0.649365 
0.042890 0.722296 -0.690253 
0.335149 0.713228 -0.615614 
0.068460 0.676156 -0.733571 
0.297848 0.886807 -0.353356 
0.339187 0.780607 -0.524980 
0.395134 0.744294 -0.538420 
-0.060024 0.810903 -0.582094 
0.181676 0.694901 -0.695777 
0.260131 0.732296 -0.629345 
0.358608 0.858776 -0.365929 
0.137496 0.662522 -0.736315 
0.320838 0.671364 -0.668082 
0.377997 0.824376 -0.421335 
0.001673 0.760268 -0.649608 
0.266713 0.654872 -0.707112 
0.004202 0.664398 -0.747367 
0.192681 0.919357 -0.343011 
-0.069483 0.910232 -0.408227 
0.313256 0.903610 -0.292163 
0.383760 0.656788 -0.649121 
0.027281 0.865993 -0.499311 
