-0.815211 0.040956 0.577714 
-0.799261 -0.023650 0.600519 
-0.814152 -0.086931 0.574107 
-0.799109 0.107867 0.591430 
-0.842189 -0.126920 0.524031 
-0.760867 -0.058755 0.646243 
-0.829467 0.144179 0.539626 
-0.837466 0.204610 0.506740 
-0.757919 0.093587 0.645601 
-0.721412 0.056098 0.690230 
-0.887896 0.023190 0.459460 
-0.870637 0.159805 0.465245 
-0.841655 0.262534 0.471903 
-0.910360 -0.024284 0.413104 
-0.933648 0.010835 0.358027 
-0.800575 0.246701 0.546093 
-0.743221 0.160629 0.649477 
-0.780290 -0.134343 0.610819 
-0.740510 -0.172089 0.649639 
-0.871768 0.266713 0.410956 
-0.877397 -0.122506 0.463860 
-0.699755 0.146349 0.699232 
-0.785287 0.194366 0.587831 
-0.894463 0.278761 0.349611 
-0.891528 -0.171963 0.419054 
-0.940474 0.074231 0.331660 
-0.919092 -0.166680 0.357055 
-0.934500 0.142311 0.326278 
-0.952504 -0.024716 0.303522 
-0.952332 -0.091353 0.291065 
-0.725358 -0.235930 0.646678 
-0.789096 -0.195896 0.582196 
-0.902034 0.125704 0.412957 
-0.916246 0.216944 0.336791 
-0.948547 -0.155693 0.275715 
-0.842932 -0.191880 0.502641 
-0.921867 -0.082974 0.378518 
-0.678872 0.208937 0.703902 
-0.860687 0.095310 0.500133 
-0.717387 -0.040112 0.695519 
-0.861464 -0.062960 0.503900 
-0.739505 0.226647 0.633849 
