-0.999944 -0.008317 -0.006471 
-0.994092 -0.108537 -0.001104 
-0.998147 0.060600 0.005554 
-0.990494 -0.119626 0.067907 
-0.989373 -0.081485 -0.120418 
-0.987195 -0.022104 -0.157979 
-0.984061 -0.177697 -0.006929 
-0.976863 -0.126673 -0.172314 
-0.993206 0.097477 0.063566 
-0.989553 0.069337 0.126398 
-0.994076 0.092992 -0.056269 
-0.980380 0.037111 -0.193590 
-0.975423 -0.214339 0.051077 
-0.970967 -0.014760 -0.238758 
-0.962254 -0.190417 -0.194442 
-0.952121 -0.165071 -0.257327 
-0.976595 0.105582 -0.187390 
-0.984003 0.164015 0.069550 
-0.979329 -0.162528 0.120412 
-0.978450 0.119196 0.168603 
-0.977302 -0.120280 0.174393 
-0.981646 0.038954 0.186691 
-0.935063 -0.228550 -0.270967 
-0.959727 -0.265478 0.091900 
-0.997806 -0.022654 0.062203 
-0.965746 -0.222746 -0.133115 
-0.984070 0.177765 0.002527 
-0.991263 0.041929 -0.125057 
-0.954879 -0.280454 -0.097728 
-0.981824 -0.029361 0.187506 
-0.960352 0.146527 -0.237181 
-0.962490 0.082231 -0.258556 
-0.984398 0.143439 -0.101907 
-0.943699 -0.286879 -0.164721 
-0.956367 -0.062699 -0.285361 
-0.957313 -0.287771 0.027195 
-0.952311 -0.260817 0.158362 
