0.637067 0.398263 0.659949 
0.736531 0.370376 0.565989 
0.592082 0.380323 0.710488 
0.718945 0.434405 0.542596 
0.692251 0.313138 0.650180 
0.676888 0.490099 0.549205 
0.546558 0.432220 0.717259 
0.660697 0.273957 0.698876 
0.635149 0.545132 0.547190 
0.614785 0.254286 0.746577 
0.777222 0.369684 0.509175 
0.696151 0.215789 0.684696 
0.739774 0.175368 0.649601 
0.543889 0.491023 0.680501 
0.776744 0.423908 0.465801 
0.758241 0.228973 0.610444 
0.792218 0.176044 0.584293 
0.559756 0.275758 0.781429 
0.818416 0.342182 0.461634 
0.847642 0.346645 0.401673 
0.589875 0.595268 0.545622 
0.758312 0.111751 0.642242 
0.805669 0.431899 0.405413 
0.589890 0.504539 0.630453 
0.534511 0.620455 0.573875 
0.517498 0.582322 0.626974 
0.705855 0.137466 0.694890 
0.512253 0.322652 0.795923 
0.702231 0.516136 0.490383 
0.740703 0.301507 0.600377 
0.772387 0.491553 0.402237 
0.819898 0.283056 0.497641 
0.837200 0.421034 0.349037 
0.642623 0.464318 0.609462 
0.503076 0.406279 0.762792 
0.657495 0.573169 0.489058 
