0.903508 -0.434351 0.003480 
0.920700 -0.406787 0.066286 
0.859943 -0.507206 -0.090775 
0.951827 -0.353191 0.100324 
0.830438 -0.557660 -0.130573 
0.849428 -0.521335 -0.188191 
0.986422 -0.291672 0.096002 
0.849419 -0.518082 -0.258827 
0.951569 -0.356915 0.170936 
0.843845 -0.540860 0.019889 
0.880901 -0.461013 -0.286250 
0.892338 -0.437698 -0.352019 
0.880538 -0.455492 -0.419430 
0.871563 -0.468208 -0.488406 
1.019297 -0.232462 0.075671 
0.823659 -0.579225 0.075751 
0.817053 -0.594118 0.144559 
0.966349 -0.333735 0.236083 
0.782723 -0.654314 0.130491 
0.841624 -0.522823 -0.454927 
0.927045 -0.376110 -0.353557 
0.751256 -0.711361 0.157979 
1.047504 -0.184486 0.119291 
0.924835 -0.394050 -0.050566 
1.064992 -0.156381 0.181775 
0.719041 -0.767108 0.128749 
0.736869 -0.739782 0.221107 
0.953794 -0.358987 0.300927 
0.897159 -0.420724 -0.534124 
1.098867 -0.097205 0.200503 
0.895527 -0.420344 -0.604814 
0.936761 -0.391963 0.361114 
0.725326 -0.763282 0.286792 
0.896931 -0.414596 -0.675277 
0.863733 -0.472339 -0.699017 
0.834714 -0.521863 -0.740312 
0.920531 -0.423560 0.422255 
0.956654 -0.325456 -0.314093 
0.930294 -0.358787 -0.603415 
1.118012 -0.060616 0.143104 
0.712650 -0.788746 0.351530 
0.989730 -0.265946 -0.333184 
1.023922 -0.204876 -0.343252 
0.678212 -0.850108 0.358501 
0.911792 -0.442181 0.489908 
0.900605 -0.465061 0.555873 
0.651311 -0.899758 0.401060 
1.045765 -0.163701 -0.396427 
1.047870 -0.164891 -0.290075 
0.801815 -0.581109 -0.720125 
0.927940 -0.418736 0.601773 
0.878843 -0.506101 0.609184 
0.961593 -0.360039 0.622318 
0.801978 -0.606117 -0.173490 
0.693542 -0.809984 0.078634 
1.069103 -0.120000 -0.446880 
0.663972 -0.880410 0.467883 
0.979904 -0.330431 0.683865 
0.617011 -0.960961 0.409876 
0.954065 -0.340581 -0.086437 
1.003007 -0.292013 0.738549 
0.885781 -0.484899 0.416784 
1.037247 -0.175031 -0.477812 
1.082363 -0.104298 -0.278300 
1.102459 -0.061928 -0.424186 
0.947471 -0.337337 -0.409050 
0.660390 -0.889998 0.537849 
0.681907 -0.854509 0.595099 
1.127888 -0.047678 0.241793 
0.682383 -0.856935 0.665766 
1.117982 -0.031547 -0.486122 
0.671214 -0.846969 0.022656 
1.149207 -0.012554 0.299342 
0.651846 -0.912509 0.697054 
0.845789 -0.565578 0.628416 
0.769631 -0.636793 -0.749512 
1.177401 0.035398 0.342996 
1.110439 -0.070819 0.073545 
0.582466 -1.022434 0.415139 
0.618292 -0.972713 0.712855 
1.206856 0.089232 0.307863 
0.737589 -0.694735 -0.724692 
0.872014 -0.483873 -0.132635 
0.641863 -0.897128 -0.017626 
0.616183 -0.940344 -0.067354 
0.702993 -0.756253 -0.720378 
0.775362 -0.651090 -0.221124 
0.668256 -0.817842 -0.719964 
0.554816 -1.069355 0.370040 
1.148564 0.020985 -0.449996 
0.669389 -0.819106 -0.649274 
0.754028 -0.667311 -0.687664 
1.170718 0.062688 -0.502628 
0.914091 -0.381402 -0.735308 
1.233302 0.138127 0.264161 
1.253651 0.171468 0.323103 
0.648480 -0.850131 -0.779683 
0.584834 -1.032780 0.729362 
0.788071 -0.601408 -0.807889 
0.521500 -1.127344 0.347077 
