-0.198326 0.398041 0.895673 
-0.295383 0.535923 0.790908 
-0.375128 0.477213 0.794699 
-0.104439 0.429198 0.897152 
-0.018613 0.471842 0.881487 
-0.462097 0.447115 0.765868 
0.067389 0.502379 0.862017 
-0.460800 0.528169 0.713232 
-0.179044 0.310066 0.933704 
0.146534 0.530977 0.834621 
-0.425847 0.606930 0.671037 
-0.370115 0.675913 0.637303 
-0.216390 0.593641 0.775091 
-0.341323 0.739218 0.580565 
-0.429781 0.374247 0.821722 
-0.220503 0.225261 0.949018 
0.022118 0.573962 0.818583 
0.225098 0.538326 0.812118 
0.227120 0.461867 0.857377 
-0.027422 0.639196 0.768555 
-0.078192 0.536818 0.840067 
-0.524196 0.548387 0.651529 
-0.430060 0.284646 0.856753 
-0.511708 0.271024 0.815292 
-0.012278 0.706165 0.707940 
0.148563 0.450763 0.880194 
-0.199544 0.139878 0.969854 
-0.291454 0.164292 0.942371 
0.092217 0.616523 0.781917 
-0.584683 0.251170 0.771401 
-0.425584 0.706873 0.564986 
-0.285801 0.718893 0.633649 
-0.380005 0.163423 0.910434 
-0.292510 0.407867 0.864918 
-0.138765 0.080223 0.987071 
-0.394343 0.547927 0.737746 
-0.131262 0.202643 0.970415 
-0.649293 0.248438 0.718817 
-0.297907 0.201134 0.933165 
-0.618504 0.179713 0.764955 
-0.699667 0.205094 0.684400 
0.171359 0.580524 0.796008 
-0.563453 0.468542 0.680433 
-0.409570 0.760830 0.503380 
-0.608247 0.170768 0.775160 
-0.038900 0.202469 0.978516 
-0.051369 0.101991 0.993458 
-0.630821 0.446838 0.634351 
-0.313103 0.609202 0.728587 
-0.123108 0.161899 0.979098 
-0.216861 0.038230 0.975454 
0.022904 0.270759 0.962375 
-0.227419 0.773147 0.592050 
-0.097726 0.679852 0.726809 
-0.479594 0.718166 0.504209 
-0.086947 0.025694 0.995882 
0.011182 0.568148 0.822851 
0.286574 0.565128 0.773631 
-0.678452 0.133398 0.722432 
-0.071297 0.275252 0.958725 
-0.427794 0.647885 0.630268 
-0.297413 0.009194 0.954705 
0.159378 0.502709 0.849637 
-0.488808 0.216886 0.845001 
-0.462140 0.199750 0.864017 
-0.399832 0.080242 0.913069 
-0.541712 0.420454 0.727851 
-0.154538 0.519991 0.840076 
-0.542485 0.146409 0.827209 
-0.430966 0.398361 0.809677 
-0.104378 0.080215 0.991298 
-0.241431 0.471895 0.847954 
0.101189 0.315070 0.943659 
-0.478873 0.073249 0.874823 
-0.373079 0.252878 0.892673 
-0.359087 0.657748 0.662136 
0.267169 0.633208 0.726408 
0.044378 0.589619 0.806461 
-0.178513 -0.029882 0.983484 
0.009217 0.050857 0.998663 
-0.396601 0.598393 0.696156 
-0.411681 0.476266 0.776975 
0.144786 0.557494 0.817458 
-0.686766 0.300799 0.661719 
0.038688 0.252393 0.966851 
-0.160101 0.575943 0.801659 
-0.344045 0.093622 0.934274 
-0.462229 0.525946 0.713950 
-0.172084 0.508068 0.843951 
-0.427536 0.092653 0.899238 
0.086164 0.589120 0.803438 
0.049008 0.492975 0.868662 
0.002236 0.226100 0.974102 
-0.202388 0.570651 0.795862 
-0.320032 0.416869 0.850764 
-0.041991 0.472288 0.880444 
-0.070564 -0.046243 0.996435 
-0.334134 0.769009 0.544959 
-0.113594 0.005420 0.993512 
-0.546237 0.661332 0.514067 
-0.289344 0.522811 0.801841 
-0.543095 0.065072 0.837146 
-0.034186 0.371291 0.927887 
-0.289269 0.296562 0.910151 
-0.671057 0.212012 0.710446 
-0.137449 0.780506 0.609851 
-0.157172 0.068978 0.985159 
-0.104972 0.612317 0.783612 
-0.413539 0.177278 0.893061 
-0.282313 0.799057 0.530855 
-0.048254 0.788705 0.612875 
-0.199901 0.392249 0.897875 
-0.507988 0.636244 0.580639 
-0.313771 0.764467 0.563150 
-0.203884 0.200924 0.958155 
-0.385837 0.212910 0.897663 
0.207228 0.635706 0.743595 
-0.394057 0.596663 0.699080 
-0.199044 0.714153 0.671093 
0.023138 0.358941 0.933074 
-0.060733 0.104625 0.992656 
-0.221234 0.642928 0.733280 
-0.143719 0.827639 0.542549 
-0.256558 0.714293 0.651125 
-0.579032 0.584960 0.567929 
-0.027029 0.379625 0.924745 
-0.364843 0.257670 0.894704 
0.164328 0.372354 0.913427 
-0.017527 0.076693 0.996901 
-0.275096 0.545132 0.791930 
-0.060594 0.754676 0.653294 
-0.045216 0.123699 0.991289 
-0.183250 -0.031980 0.982546 
-0.244429 0.052174 0.968263 
0.080604 0.413107 0.907108 
-0.163780 0.570573 0.804750 
0.230098 0.688686 0.687580 
-0.568248 0.209268 0.795802 
0.113474 0.440585 0.890510 
0.336266 0.594860 0.730115 
-0.438496 0.644349 0.626527 
-0.150024 0.655009 0.740578 
0.085568 0.184206 0.979156 
-0.353287 0.678327 0.644252 
-0.108367 0.594740 0.796580 
-0.115157 0.784788 0.608972 
-0.379646 0.252759 0.889934 
-0.568497 0.334833 0.751464 
-0.241568 0.843937 0.478973 
-0.540891 0.121289 0.832302 
0.031410 0.755521 0.654371 
-0.135224 0.394333 0.908964 
0.249519 0.631177 0.734409 
-0.099159 0.682411 0.724212 
-0.262398 0.465633 0.845182 
0.139257 0.451719 0.881225 
-0.500651 0.389934 0.772852 
-0.558872 0.181807 0.809079 
-0.042484 0.498392 0.865910 
0.035446 0.114095 0.992837 
-0.627299 0.359079 0.691056 
-0.426887 0.580153 0.693679 
-0.410894 0.393716 0.822285 
0.095547 0.423389 0.900895 
-0.471293 0.356228 0.806836 
0.057497 0.696094 0.715644 
-0.496398 0.322449 0.805988 
-0.560683 0.237909 0.793116 
-0.366790 0.773054 0.517545 
-0.551695 0.671268 0.495007 
-0.105719 0.725365 0.680198 
-0.218446 0.624942 0.749486 
-0.494358 0.699329 0.516284 
0.105219 0.511573 0.852773 
-0.418500 0.682527 0.599178 
0.088468 0.269071 0.959048 
-0.066729 0.008004 0.997739 
-0.689540 0.406445 0.599447 
0.012996 0.718075 0.695844 
0.212504 0.584852 0.782810 
-0.506374 0.567213 0.649503 
-0.056345 0.312695 0.948181 
-0.227310 0.088133 0.969826 
0.008835 0.806915 0.590602 
-0.518325 0.650076 0.555645 
-0.078301 0.324466 0.942651 
-0.467850 0.142512 0.872242 
-0.595930 0.519295 0.612535 
0.174135 0.621933 0.763464 
-0.639827 0.102896 0.761600 
-0.317261 0.229692 0.920101 
-0.315429 0.421076 0.850411 
-0.462277 0.395266 0.793766 
0.092547 0.615376 0.782782 
-0.268950 0.669168 0.692734 
-0.094647 0.440053 0.892970 
-0.467917 0.624253 0.625589 
-0.153117 -0.043768 0.987238 
-0.121580 0.404759 0.906305 
0.286232 0.409380 0.866302 
-0.481071 0.653698 0.584166 
-0.490669 0.521088 0.698363 
-0.195885 0.136045 0.971144 
0.097965 0.400876 0.910879 
-0.705361 0.244014 0.665525 
-0.089238 0.522282 0.848091 
-0.222972 0.797477 0.560637 
-0.529303 0.676111 0.512555 
-0.192396 0.772568 0.605081 
-0.127088 0.609774 0.782320 
-0.375891 0.159806 0.912781 
-0.425244 0.703479 0.569459 
-0.137982 0.078806 0.987295 
-0.001505 0.289174 0.957275 
-0.112660 0.668448 0.735177 
-0.416415 0.584422 0.696455 
-0.371376 0.334889 0.865985 
-0.627808 0.307239 0.715165 
0.113947 0.731626 0.672116 
0.099250 0.580836 0.807947 
-0.667984 0.286201 0.686940 
-0.386218 0.482230 0.786314 
-0.486661 0.501287 0.715452 
0.181026 0.293967 0.938516 
-0.444513 0.452060 0.773337 
-0.339621 0.787829 0.513794 
-0.082972 0.316520 0.944950 
-0.296193 0.380951 0.875869 
-0.278527 0.349200 0.894696 
-0.113280 -0.068126 0.991225 
-0.698214 0.142856 0.701491 
-0.006328 0.476659 0.879065 
-0.172786 0.707645 0.685116 
-0.263647 -0.027752 0.964220 
-0.149651 0.378159 0.913565 
0.162015 0.564549 0.809343 
-0.260445 0.070815 0.962888 
-0.275686 0.789659 0.548119 
-0.298117 0.238227 0.924324 
-0.326045 0.656735 0.679995 
-0.022565 0.385973 0.922234 
-0.281312 0.388425 0.877490 
-0.115854 -0.047142 0.992147 
-0.161115 0.241207 0.957006 
-0.311506 0.582417 0.750836 
-0.379179 0.483233 0.789119 
-0.269433 -0.008851 0.962979 
-0.654095 0.220328 0.723613 
0.148969 0.629222 0.762816 
-0.553098 0.595102 0.583041 
-0.351718 0.745189 0.566557 
-0.226014 0.714087 0.662568 
0.110346 0.306562 0.945433 
-0.128934 0.290529 0.948140 
0.169355 0.677742 0.715531 
-0.490603 0.470616 0.733369 
-0.227059 0.601806 0.765685 
-0.065207 0.228064 0.971460 
-0.031730 0.284957 0.958015 
-0.152352 0.130836 0.979628 
-0.683767 0.287734 0.670576 
0.085540 0.510901 0.855373 
-0.404555 0.717133 0.567499 
0.230781 0.694512 0.681464 
0.114694 0.733950 0.669449 
-0.057538 0.740217 0.669902 
0.221288 0.625044 0.748566 
-0.014139 0.649110 0.760563 
-0.397045 0.295662 0.868872 
-0.641633 0.204509 0.739245 
-0.539063 0.402958 0.739619 
-0.077388 0.682331 0.726936 
-0.577510 0.431810 0.692837 
-0.341904 0.826044 0.448054 
0.098180 0.539334 0.836349 
-0.313098 0.752343 0.579612 
0.284436 0.585481 0.759149 
-0.295117 0.026191 0.955102 
-0.096556 0.412032 0.906039 
-0.666415 0.368326 0.648250 
-0.197408 0.560836 0.804048 
-0.559020 0.372053 0.740995 
-0.105782 0.717665 0.688307 
-0.414444 0.771845 0.482173 
-0.669788 0.287910 0.684465 
0.047336 0.167999 0.984650 
-0.190548 0.456484 0.869088 
-0.422149 0.756491 0.499512 
-0.125047 0.196462 0.972505 
-0.076911 0.325518 0.942402 
0.290508 0.492028 0.820679 
-0.201392 0.750616 0.629299 
0.117603 0.641291 0.758232 
0.099432 0.268635 0.958096 
-0.057146 0.830139 0.554620 
0.103867 0.638522 0.762563 
-0.001207 0.718025 0.696016 
-0.410663 0.815147 0.408523 
-0.347090 0.075080 0.934822 
0.105862 0.540045 0.834952 
-0.392327 0.622567 0.677119 
-0.283573 0.816562 0.502804 
-0.651314 0.369850 0.662571 
0.028671 0.662115 0.748854 
-0.434155 0.388037 0.812980 
-0.474644 0.392657 0.787739 
-0.527112 0.619305 0.581906 
-0.275763 0.716310 0.640980 
-0.346409 0.324328 0.880234 
-0.365439 0.676358 0.639527 
-0.271356 0.823465 0.498268 
-0.162072 0.706194 0.689219 
0.012927 0.467440 0.883930 
-0.035525 0.281273 0.958970 
-0.243707 0.393179 0.886576 
-0.289832 0.812077 0.506486 
-0.632416 0.350924 0.690581 
-0.088111 0.106430 0.990409 
-0.371806 0.564535 0.736926 
0.196444 0.470590 0.860206 
-0.028962 0.046292 0.998508 
-0.623096 0.179293 0.761318 
-0.028630 0.351872 0.935610 
-0.110396 0.004760 0.993876 
-0.215777 -0.039053 0.975661 
-0.108267 0.023344 0.993848 
0.032911 0.248024 0.968195 
0.091151 0.430403 0.898023 
0.154032 0.382289 0.911114 
-0.497188 0.579185 0.646025 
0.035484 -0.016483 0.999234 
-0.469997 0.027078 0.882253 
-0.471234 0.320495 0.821719 
-0.320041 0.752193 0.576002 
-0.141435 -0.032845 0.989403 
-0.051418 0.613644 0.787907 
-0.330944 0.684744 0.649309 
0.170394 0.611563 0.772630 
