-0.694538 -0.402141 0.604896 
-0.620041 -0.328532 0.719455 
-0.683708 -0.490803 0.559932 
-0.607369 -0.249908 0.779935 
-0.772844 -0.362160 0.557255 
-0.554038 -0.490211 0.680246 
-0.666112 -0.169091 0.775714 
-0.556947 -0.205595 0.854056 
-0.787575 -0.272577 0.599182 
-0.641482 -0.098588 0.842218 
-0.476195 -0.534351 0.724879 
-0.845256 -0.190935 0.596456 
-0.509300 -0.597719 0.654961 
-0.481509 -0.212931 0.919288 
-0.679270 -0.577491 0.510279 
-0.778600 -0.444533 0.500849 
-0.439074 -0.158971 0.992004 
-0.694658 -0.654457 0.448315 
-0.393958 -0.108066 1.065306 
-0.772930 -0.629969 0.391098 
-0.632409 -0.732153 0.457714 
-0.717182 -0.044292 0.805866 
-0.438343 -0.663707 0.679675 
-0.365417 -0.725664 0.708711 
-0.400636 -0.542190 0.789912 
-0.854278 -0.390163 0.464561 
-0.322007 -0.814503 0.693774 
-0.654039 -0.474946 0.597210 
-0.607349 -0.562663 0.586002 
-0.857503 -0.101913 0.640333 
-0.487687 -0.445518 0.769338 
-0.752785 -0.374955 0.567875 
-0.717159 -0.263960 0.669662 
-0.462570 -0.685422 0.643799 
-0.563706 -0.118124 0.902048 
-0.555731 -0.745168 0.520572 
-0.362082 -0.173685 1.054099 
-0.920090 -0.185972 0.530311 
-0.319721 -0.110854 1.132248 
-0.361678 -0.205952 1.034463 
-0.795066 -0.023592 0.746658 
-0.693494 -0.739915 0.396396 
-0.981423 -0.107396 0.522303 
-0.565493 -0.425448 0.709812 
-0.924071 -0.029123 0.623896 
-0.758485 -0.113972 0.724449 
-0.771737 -0.180180 0.671131 
-0.848513 -0.130092 0.631173 
-0.873253 -0.000068 0.688922 
-0.999958 0.024515 0.586961 
-0.463718 -0.374510 0.835545 
-0.932098 -0.345861 0.420049 
-0.711019 -0.700678 0.404517 
-0.849957 -0.476810 0.414825 
-0.816000 -0.683221 0.318233 
-0.800102 -0.474193 0.462565 
-0.385123 -0.405124 0.889262 
-0.597829 -0.027425 0.926730 
-0.664213 -0.588717 0.517245 
-0.647369 -0.353695 0.678572 
-0.964737 -0.031261 0.584953 
-0.763839 -0.413557 0.533712 
-0.640263 -0.278144 0.731997 
-0.914021 -0.149938 0.558270 
-0.561981 -0.638974 0.580646 
-0.486513 -0.710913 0.605843 
-0.399201 -0.265086 0.963082 
-0.443809 -0.686766 0.660320 
-0.381345 -0.029408 1.125752 
-0.612718 -0.104703 0.865034 
-0.283304 -0.231761 1.090955 
-0.742053 -0.108311 0.743158 
-0.777337 0.051859 0.809847 
-0.477812 -0.233425 0.909999 
-0.841876 -0.560568 0.370359 
-0.770114 -0.546205 0.445648 
-0.982255 -0.212240 0.456517 
-0.418170 -0.468544 0.819364 
-0.719226 -0.809557 0.329405 
-0.817957 -0.044847 0.712302 
-0.830471 0.053507 0.761719 
-0.886055 -0.692763 0.247514 
-0.485175 -0.146719 0.956959 
-0.758910 -0.284294 0.618432 
-0.451670 -0.069866 1.035611 
-0.629498 -0.259466 0.753538 
-0.541755 -0.064273 0.955748 
-0.482750 -0.807001 0.549736 
-0.322264 -0.567967 0.846423 
-0.307656 -0.904006 0.651545 
-0.408204 -0.810899 0.616276 
-0.806622 -0.241888 0.600595 
-0.331719 -0.822933 0.679563 
-0.796167 -0.795127 0.267182 
-0.883793 -0.298824 0.493902 
-0.363595 -0.623136 0.773978 
-0.689097 0.023449 0.873853 
-0.615099 -0.664861 0.515457 
-0.397345 -0.248285 0.975218 
-0.387525 -0.385142 0.899432 
-0.366523 -0.734354 0.702299 
-0.695618 -0.484056 0.553099 
-1.010977 0.113226 0.631782 
-0.653805 -0.009548 0.886037 
-0.744407 -0.530482 0.479178 
-0.359013 -0.020966 1.151645 
-0.593196 -0.654592 0.542086 
-0.435530 -0.719892 0.647435 
-0.733573 0.003880 0.820577 
-0.932783 -0.353133 0.414906 
-0.617257 -0.821822 0.416123 
-0.380304 -0.197417 1.022527 
-0.245764 -0.619246 0.885388 
-1.046786 -0.033094 0.507919 
-0.903312 -0.070182 0.617636 
-0.717185 -0.067449 0.791502 
-0.269030 -0.321247 1.048665 
-0.672531 -0.830508 0.359607 
-0.625892 -0.040366 0.892746 
-0.288159 -0.046095 1.201603 
-0.939817 -0.017707 0.616409 
-0.319726 -0.365198 0.974515 
-0.899850 -0.208978 0.534766 
-0.358289 -0.496123 0.857652 
-0.646548 0.072067 0.943362 
-0.267017 -0.069630 1.206564 
-1.002150 0.018372 0.581124 
-0.230884 -0.954112 0.691488 
-0.943770 -0.008420 0.618512 
-0.354851 -0.630245 0.777659 
-0.448334 -0.798437 0.586882 
-0.882144 -0.186990 0.564780 
-0.321741 -0.365862 0.972239 
-0.476657 -0.501102 0.745072 
-0.688320 -0.190976 0.741599 
-0.733843 -0.241403 0.668218 
-0.574420 -0.523128 0.640980 
-0.719117 -0.138841 0.745442 
-0.256670 -0.794311 0.766735 
-0.839238 -0.380164 0.484675 
-0.776287 -0.634597 0.385123 
-0.541232 -0.724555 0.546766 
-0.909834 -0.489686 0.351453 
-0.797225 -0.561689 0.410967 
-0.904644 0.090853 0.716268 
-0.489689 -0.149520 0.951045 
-0.938547 0.050174 0.659680 
-0.633866 0.064397 0.950337 
-0.484997 -0.653642 0.642761 
-0.569821 -0.773705 0.489842 
-0.292959 -0.161841 1.125384 
-0.422506 -0.381892 0.869088 
-0.741706 -0.741793 0.350634 
-0.723346 -0.719357 0.381530 
-0.785070 -0.273144 0.601148 
-0.434291 -0.530016 0.766330 
-0.373827 -0.729124 0.698787 
-0.473301 -0.134426 0.975565 
-0.639774 -0.091208 0.848375 
-0.869019 -0.262099 0.530343 
-0.324025 -0.098216 1.136104 
-0.512931 -0.872969 0.480908 
-0.279472 -0.866196 0.701064 
-1.003261 -0.361589 0.344469 
-0.748573 -0.441482 0.530516 
-0.537102 -0.629924 0.609271 
-0.749399 -0.586844 0.439607 
-0.346050 -0.495058 0.869634 
-0.657237 -0.802502 0.391122 
-0.468198 -0.321755 0.864116 
-0.553685 -0.516582 0.664220 
-0.850755 -0.476523 0.414265 
-0.563896 -0.100414 0.912855 
-0.744330 -0.766145 0.333105 
-0.420817 -0.467557 0.817527 
-0.545894 -0.302531 0.804167 
-0.591702 -0.570241 0.595776 
-0.424257 -0.619667 0.720017 
-0.743156 -0.153158 0.714327 
-0.318950 -0.274404 1.031538 
-0.927802 -0.461496 0.352314 
-1.010339 -0.305155 0.372918 
-0.490196 -0.101367 0.980438 
-0.916516 -0.758488 0.178578 
-0.300256 -0.307723 1.028167 
-0.499931 -0.364552 0.808222 
-0.905752 -0.040651 0.633692 
-1.037038 -0.144421 0.447898 
-0.383250 -0.532707 0.811876 
-0.426148 -0.464728 0.814350 
-0.250046 -0.564305 0.915497 
-0.867262 -0.402192 0.445091 
-0.509186 -0.155116 0.929540 
-0.336608 -0.905728 0.623696 
-0.615925 -0.312132 0.733433 
-0.467712 -0.257027 0.904705 
-1.058101 0.055694 0.552513 
-0.881179 -0.237951 0.534069 
-0.348191 -0.672654 0.757519 
-0.543134 -0.249760 0.839446 
-0.948084 -0.430154 0.352989 
-0.695500 -0.671042 0.437251 
-0.746482 -0.505559 0.492714 
-0.178076 -0.824863 0.820490 
-0.542088 -0.262120 0.832748 
-0.538062 -0.316076 0.803012 
-0.959190 0.080290 0.659260 
-1.035431 -0.121893 0.463355 
-0.438460 -0.158814 0.992670 
-0.393029 -0.575669 0.776187 
-0.638572 -0.298798 0.720753 
-0.933535 -0.420450 0.372465 
-0.652878 -0.485239 0.591900 
-0.916634 -0.571536 0.294405 
-0.551079 -0.223687 0.848265 
-0.278557 -0.318557 1.041520 
-0.799200 -0.506876 0.443132 
-1.011950 -0.219520 0.424534 
-0.519990 -0.071596 0.971340 
-0.440550 -0.577841 0.730882 
-0.554746 -0.498357 0.674539 
-0.321596 -0.310826 1.006503 
-0.739502 -0.082784 0.761349 
-0.634186 -0.707225 0.471529 
-0.431670 -0.616463 0.715146 
-0.491499 -0.798806 0.546725 
-0.299041 -0.392121 0.976954 
-0.559522 -0.495334 0.671996 
-0.942488 -0.302026 0.437622 
-0.454871 -0.161644 0.975735 
-0.707856 -0.256181 0.683091 
-0.596230 -0.419390 0.685136 
-0.240257 -0.484037 0.974329 
-0.914009 -0.282702 0.475949 
-0.710317 -0.080499 0.789763 
-0.262244 -0.790414 0.763995 
-0.849085 -0.128937 0.631361 
-0.363608 -0.495779 0.852945 
-0.469456 -0.687488 0.636148 
-0.507429 -0.594525 0.658672 
-0.482156 -0.627864 0.661375 
-0.696326 -0.361657 0.628348 
-0.333865 -0.187758 1.071473 
-0.989439 0.068637 0.624054 
-0.588647 -0.186696 0.836453 
-0.554911 -0.075049 0.936896 
-0.644105 -0.698260 0.467914 
-0.639011 -0.485307 0.604686 
-0.460829 -0.374091 0.838477 
-0.925191 -0.652471 0.236299 
-0.812802 -0.036625 0.722170 
-0.708041 -0.437123 0.570712 
-0.450172 -0.721649 0.632802 
-0.973383 -0.513388 0.277970 
-0.707604 -0.265375 0.677624 
-0.512881 -0.871729 0.481725 
-0.402136 -0.075466 1.077957 
-0.536265 -0.132172 0.918720 
-0.355068 -0.353701 0.948952 
-0.367521 -0.639562 0.760160 
-0.594065 -0.444846 0.671353 
-0.947186 0.059455 0.657444 
-0.460403 -0.361468 0.846699 
-0.704031 -0.564479 0.495443 
-0.941682 -0.343964 0.412361 
-0.507770 -0.440672 0.753766 
-0.795672 -0.006973 0.756403 
-0.217991 -0.881541 0.748418 
-0.875894 -0.848079 0.160595 
-0.707746 -0.480446 0.544119 
-0.509818 0.008460 1.030395 
-0.549413 -0.294382 0.805966 
-0.203089 -0.754320 0.841098 
-0.725872 -0.220713 0.688422 
-0.268895 -0.773851 0.768114 
-0.860385 -0.576242 0.343518 
-0.587916 -0.565064 0.602490 
-0.848402 -0.570879 0.357928 
-0.231952 -0.375614 1.049249 
-0.490794 -0.714116 0.599897 
-0.886780 -0.662523 0.265596 
-0.597511 -0.489801 0.640287 
-0.885885 -0.384456 0.438863 
-0.465287 -0.777982 0.583885 
-0.718011 0.066094 0.873553 
-0.544528 -0.631157 0.601638 
-0.179679 -0.809016 0.828833 
-0.435123 -0.111991 1.024794 
-0.675346 -0.588994 0.506775 
-0.417597 -0.780359 0.626526 
-0.671350 -0.217505 0.740845 
-0.736553 -0.024644 0.800131 
-0.968044 -0.196685 0.479308 
-0.799837 -0.708714 0.317375 
-0.820440 -0.140619 0.650614 
-0.857191 -0.431796 0.436048 
-0.260391 -0.409297 1.002054 
-0.223686 -0.829428 0.775468 
-0.780447 -0.391555 0.531993 
-0.871604 -0.099949 0.628507 
-0.777763 -0.096218 0.717625 
-0.252686 -0.531723 0.933260 
-0.971806 -0.089706 0.542170 
-0.754059 -0.455999 0.516439 
-0.938924 -0.058331 0.592043 
-0.662099 -0.438493 0.612360 
-0.436293 -0.884277 0.544788 
-0.603768 -0.288924 0.759070 
-0.508046 -0.231987 0.882924 
-0.407676 -0.839949 0.598749 
-0.631753 -0.109938 0.844180 
-0.629301 -0.404527 0.663762 
-0.517682 -0.555977 0.673092 
-0.593004 -0.230631 0.805177 
-0.472672 -0.192752 0.939977 
-0.660047 -0.582175 0.525156 
-0.476163 -0.510839 0.739490 
-0.611140 -0.254467 0.773619 
-0.851345 -0.090763 0.652943 
-0.184556 -0.697938 0.893205 
-0.450579 -0.373829 0.848121 
-0.375236 -0.608817 0.772090 
-0.551034 -0.659821 0.577844 
-0.862948 -0.655862 0.291771 
-0.337936 -0.148015 1.092354 
-0.851293 -0.382055 0.472350 
-0.518232 -0.312035 0.823861 
-0.323268 -0.689944 0.769852 
-0.963506 -0.340430 0.394364 
-0.345671 -0.203054 1.051067 
-0.902972 -0.463109 0.374282 
-0.893992 -0.109841 0.601663 
-0.320639 -0.294501 1.017513 
-0.621096 -0.820941 0.413118 
-0.481589 -0.512566 0.733401 
-0.632598 -0.513910 0.592880 
-0.246774 -0.702027 0.833117 
-0.498970 -0.454908 0.753078 
