-0.571127 -0.288044 -0.768665 
-0.648164 -0.249735 -0.719386 
-0.578661 -0.374781 -0.724356 
-0.488277 -0.322273 -0.811003 
-0.713416 -0.193391 -0.673527 
-0.552024 -0.298064 -0.778734 
-0.542856 -0.459783 -0.702786 
-0.562004 -0.522781 -0.640977 
-0.636328 -0.480081 -0.603828 
-0.697689 -0.297418 -0.651745 
-0.413208 -0.286953 -0.864243 
-0.667474 -0.130883 -0.733041 
-0.502065 -0.127451 -0.855387 
-0.336027 -0.249162 -0.908297 
-0.279148 -0.182028 -0.942837 
-0.529101 -0.033011 -0.847916 
-0.689854 -0.037004 -0.723002 
-0.597343 -0.109721 -0.794445 
-0.644684 -0.538169 -0.542915 
-0.273792 -0.318666 -0.907464 
-0.594927 -0.604894 -0.529306 
-0.560928 -0.259650 -0.786093 
-0.773640 -0.197323 -0.602117 
-0.484916 -0.265683 -0.833228 
-0.494257 0.053363 -0.867677 
-0.438926 0.122178 -0.890178 
-0.698652 -0.412912 -0.584285 
-0.465419 -0.507973 -0.724810 
-0.669033 -0.571537 -0.475121 
-0.731164 0.034588 -0.681325 
-0.262374 -0.405143 -0.875796 
-0.185655 -0.439758 -0.878718 
-0.196413 -0.211228 -0.957499 
-0.545110 0.122605 -0.829351 
-0.520740 -0.328069 -0.788163 
-0.760678 -0.379169 -0.526878 
-0.599421 -0.111066 -0.792691 
-0.357844 0.141578 -0.922986 
-0.746932 -0.423591 -0.512507 
-0.786066 0.057683 -0.615446 
-0.520064 -0.592748 -0.614965 
-0.233699 -0.106163 -0.966496 
-0.418409 -0.388082 -0.821174 
-0.607491 -0.201037 -0.768465 
-0.665821 0.064626 -0.743307 
-0.387742 -0.551101 -0.738880 
-0.161759 -0.362201 -0.917957 
-0.821405 -0.137835 -0.553439 
-0.707289 -0.052117 -0.705001 
-0.469112 0.156655 -0.869134 
-0.860264 -0.164612 -0.482544 
-0.766720 -0.128992 -0.628889 
-0.517032 -0.592290 -0.617956 
-0.647388 -0.310731 -0.695942 
-0.566332 -0.183209 -0.803556 
-0.738202 -0.059057 -0.671990 
-0.325486 -0.340892 -0.881959 
-0.574666 -0.562488 -0.594446 
-0.657687 -0.166616 -0.734634 
-0.502659 0.229610 -0.833435 
-0.385598 -0.502070 -0.774106 
-0.658022 -0.526320 -0.538511 
-0.532250 -0.527176 -0.662417 
-0.280876 0.166610 -0.945172 
-0.280784 0.082037 -0.956259 
-0.306283 -0.537410 -0.785736 
-0.765389 -0.044839 -0.642004 
-0.447023 -0.026350 -0.894134 
-0.083553 -0.352849 -0.931942 
-0.212334 0.027363 -0.976814 
-0.500327 -0.281569 -0.818775 
-0.562804 -0.522291 -0.640675 
-0.510025 -0.169812 -0.843231 
-0.331529 -0.608336 -0.721121 
-0.662556 -0.569123 -0.486948 
-0.185384 -0.058692 -0.980912 
-0.399553 -0.628016 -0.667797 
-0.464982 -0.036452 -0.884569 
-0.823698 -0.145937 -0.547927 
-0.412090 -0.574353 -0.707319 
-0.778324 0.143930 -0.611143 
-0.767472 -0.146834 -0.624041 
-0.578705 0.211374 -0.787669 
-0.704307 -0.162414 -0.691067 
-0.121363 -0.179999 -0.976151 
-0.761487 -0.288883 -0.580244 
-0.421583 -0.173139 -0.890107 
-0.231295 -0.312822 -0.921219 
-0.103882 -0.264988 -0.958640 
-0.828979 0.114467 -0.547440 
-0.527756 -0.533672 -0.660809 
-0.619236 -0.011244 -0.785124 
-0.582315 -0.595975 -0.552922 
-0.528052 -0.319048 -0.787000 
-0.414778 0.203928 -0.886776 
-0.302714 -0.526526 -0.794440 
-0.570825 0.018373 -0.820866 
-0.224615 -0.256744 -0.940016 
-0.266487 -0.460797 -0.846553 
-0.246535 0.108691 -0.963020 
-0.409707 -0.573167 -0.709662 
-0.538603 -0.662174 -0.520992 
-0.611089 0.130091 -0.780799 
-0.715287 -0.252461 -0.651635 
-0.758056 -0.446404 -0.475473 
-0.550908 -0.194234 -0.811649 
-0.633441 0.250191 -0.732227 
-0.849150 -0.059133 -0.524831 
-0.799933 -0.319215 -0.508143 
-0.864345 0.021086 -0.502456 
-0.704128 -0.151749 -0.693668 
-0.372489 0.270717 -0.887673 
-0.732414 0.035720 -0.679922 
-0.808872 0.045916 -0.586189 
-0.181923 -0.240820 -0.953368 
-0.472926 -0.441959 -0.762243 
-0.704587 -0.204278 -0.679579 
-0.782618 0.168301 -0.599320 
-0.616812 -0.247885 -0.747059 
-0.530787 -0.098447 -0.841768 
-0.010750 -0.345292 -0.938434 
-0.234176 0.112088 -0.965711 
-0.635862 -0.617987 -0.462354 
-0.489993 -0.533643 -0.689299 
-0.437489 -0.076304 -0.895981 
-0.342777 0.336100 -0.877235 
-0.872559 0.096672 -0.478848 
-0.269469 -0.020196 -0.962797 
-0.244246 -0.371871 -0.895575 
-0.665507 -0.057506 -0.744173 
-0.723538 0.192725 -0.662834 
-0.330560 0.218215 -0.918211 
-0.332030 -0.411987 -0.848541 
-0.108960 -0.418781 -0.901526 
-0.320641 -0.237758 -0.916875 
-0.581506 0.040227 -0.812547 
-0.662764 -0.136148 -0.736347 
-0.633725 -0.418397 -0.650643 
-0.360616 -0.043546 -0.931697 
-0.501439 -0.234950 -0.832681 
-0.786842 -0.292457 -0.543460 
-0.460503 -0.486048 -0.742761 
-0.400544 -0.411726 -0.818563 
-0.311937 -0.339802 -0.887260 
-0.542329 -0.469419 -0.696796 
-0.374840 0.222610 -0.899966 
-0.801464 -0.047621 -0.596144 
-0.594334 0.043896 -0.803020 
-0.721924 -0.503929 -0.474218 
-0.433033 0.104170 -0.895339 
-0.416436 -0.222830 -0.881435 
-0.735963 0.100592 -0.669508 
-0.847343 -0.263478 -0.461074 
-0.792632 -0.123642 -0.597031 
-0.834481 -0.064483 -0.547251 
-0.674123 -0.454269 -0.582407 
-0.734693 -0.346772 -0.583074 
-0.552525 -0.066463 -0.830842 
-0.320370 -0.237605 -0.917010 
-0.102025 -0.272441 -0.956748 
-0.629730 -0.015414 -0.776661 
-0.325020 0.059357 -0.943843 
-0.415603 -0.216290 -0.883455 
-0.585663 -0.154250 -0.795742 
-0.349745 -0.266339 -0.898188 
-0.620498 -0.435697 -0.652035 
-0.411227 0.070204 -0.908825 
-0.839602 -0.140311 -0.524768 
-0.699141 -0.229502 -0.677148 
-0.525461 -0.222228 -0.821283 
-0.737092 -0.284970 -0.612771 
-0.283608 -0.088157 -0.954880 
-0.711228 -0.500989 -0.493116 
-0.865057 -0.076120 -0.495865 
-0.561963 0.267037 -0.782872 
-0.149888 -0.308779 -0.939249 
-0.511487 0.076806 -0.855852 
-0.199434 -0.220943 -0.954678 
-0.636007 -0.543548 -0.547769 
-0.323098 0.209259 -0.922940 
-0.406316 -0.322922 -0.854768 
-0.590321 -0.519545 -0.617733 
-0.192211 -0.132116 -0.972420 
-0.121353 -0.266962 -0.956036 
-0.219355 -0.119437 -0.968307 
-0.147866 -0.485875 -0.861430 
-0.217802 0.019909 -0.975790 
-0.779718 0.185271 -0.598092 
-0.276600 -0.040055 -0.960150 
-0.433932 0.010726 -0.900882 
-0.601777 -0.012046 -0.798573 
-0.294402 -0.228464 -0.927972 
-0.684574 -0.158314 -0.711544 
-0.420881 -0.171270 -0.890801 
-0.279198 -0.016867 -0.960086 
-0.513114 -0.444478 -0.734270 
-0.332693 -0.135679 -0.933224 
-0.567773 0.074362 -0.819820 
-0.331104 -0.007000 -0.943568 
-0.240515 0.152164 -0.958644 
-0.432429 0.102857 -0.895782 
-0.584580 0.191863 -0.788324 
-0.482621 -0.586025 -0.650885 
-0.181225 -0.333812 -0.925055 
-0.474375 -0.036795 -0.879553 
-0.088215 -0.331727 -0.939242 
-0.777506 -0.196866 -0.597267 
-0.618162 -0.257279 -0.742754 
-0.470279 -0.703355 -0.533037 
-0.897827 -0.020930 -0.439851 
-0.477138 -0.170763 -0.862079 
-0.659773 -0.475668 -0.581756 
-0.397055 0.177070 -0.900552 
-0.896971 -0.128311 -0.423060 
-0.778344 0.129647 -0.614306 
-0.388679 -0.552855 -0.737075 
-0.206643 -0.512948 -0.833176 
-0.030433 -0.419936 -0.907043 
-0.833294 -0.052457 -0.550336 
-0.748591 -0.087868 -0.657184 
-0.432406 -0.548706 -0.715505 
-0.194769 -0.068283 -0.978469 
-0.326669 -0.249402 -0.911639 
-0.860387 -0.133785 -0.491767 
-0.405408 -0.621548 -0.670315 
-0.541184 0.208381 -0.814676 
-0.677219 0.151714 -0.719971 
-0.748864 -0.334074 -0.572361 
-0.320632 -0.405598 -0.855970 
-0.848691 0.104480 -0.518466 
-0.804122 -0.209171 -0.556449 
-0.864842 -0.057806 -0.498705 
-0.273223 -0.465320 -0.841918 
-0.327573 0.217674 -0.919410 
-0.232165 -0.404415 -0.884617 
-0.329576 -0.450771 -0.829569 
-0.673496 -0.387196 -0.629668 
-0.656811 0.174473 -0.733593 
-0.378789 0.029047 -0.925027 
-0.143636 -0.467079 -0.872471 
-0.417856 -0.204171 -0.885274 
-0.206704 -0.242960 -0.947757 
-0.452102 -0.655005 -0.605453 
-0.641743 0.235490 -0.729870 
-0.865402 -0.107018 -0.489517 
-0.173529 -0.220972 -0.959718 
-0.734381 0.212821 -0.644509 
-0.525511 -0.639305 -0.561362 
-0.569519 -0.663651 -0.484990 
-0.475546 0.145757 -0.867532 
-0.687408 -0.437969 -0.579356 
-0.240047 -0.014649 -0.970651 
-0.308629 -0.046434 -0.950048 
-0.718827 -0.228054 -0.656718 
-0.579786 -0.674783 -0.456635 
-0.606628 0.011918 -0.794896 
-0.520731 -0.328082 -0.788164 
-0.268459 0.164602 -0.949124 
-0.695096 -0.237720 -0.678477 
-0.510207 -0.029641 -0.859540 
-0.569626 -0.266394 -0.777535 
-0.353272 0.223621 -0.908401 
-0.313046 -0.549013 -0.774976 
-0.333514 -0.135929 -0.932894 
-0.798577 -0.203488 -0.566452 
-0.650115 -0.377551 -0.659398 
-0.118848 -0.179551 -0.976543 
-0.357745 0.141376 -0.923055 
-0.279961 -0.319239 -0.905378 
-0.806044 -0.138818 -0.575345 
-0.828542 -0.052478 -0.557462 
-0.549582 -0.033420 -0.834771 
-0.736177 -0.326071 -0.593060 
-0.653934 -0.383590 -0.652095 
-0.899547 -0.105207 -0.423965 
-0.758075 -0.381263 -0.529114 
-0.755126 0.057995 -0.653009 
-0.866513 0.018887 -0.498797 
-0.926898 -0.017512 -0.374906 
-0.515656 -0.547488 -0.659056 
-0.588587 -0.100147 -0.802207 
-0.417368 -0.218922 -0.881974 
-0.253663 -0.191518 -0.948144 
-0.808738 -0.216462 -0.546888 
-0.413987 -0.331239 -0.847877 
-0.721256 -0.116311 -0.682833 
-0.819982 -0.058680 -0.569374 
-0.512617 -0.519974 -0.683265 
-0.773469 -0.149687 -0.615905 
-0.262523 -0.316385 -0.911582 
-0.694318 0.024441 -0.719253 
-0.501073 0.138959 -0.854176 
-0.548019 0.120383 -0.827758 
-0.490532 0.056818 -0.869569 
-0.165880 -0.473088 -0.865258 
-0.289864 -0.213661 -0.932914 
-0.357602 -0.155323 -0.920867 
-0.360067 -0.037013 -0.932192 
-0.569578 0.180591 -0.801853 
-0.626184 -0.550005 -0.552620 
-0.634235 -0.364921 -0.681600 
-0.768668 -0.373541 -0.519246 
-0.573495 -0.407726 -0.710537 
-0.515989 -0.111754 -0.849274 
-0.709822 -0.519567 -0.475607 
-0.276181 -0.133213 -0.951829 
-0.837066 -0.261262 -0.480690 
-0.796705 -0.057514 -0.601625 
-0.759413 0.131239 -0.637235 
-0.542058 -0.471449 -0.695635 
-0.595098 -0.603558 -0.530638 
-0.671004 0.060191 -0.739006 
-0.323757 -0.380871 -0.866094 
-0.615555 -0.402269 -0.677695 
-0.734163 -0.327208 -0.594928 
-0.397183 -0.271128 -0.876775 
-0.286764 -0.006877 -0.957977 
-0.252673 -0.283679 -0.925031 
-0.129381 -0.001716 -0.991594 
-0.502148 0.319617 -0.803550 
-0.322327 -0.044796 -0.945568 
-0.734564 0.097096 -0.671556 
-0.875532 -0.079739 -0.476535 
-0.525252 -0.112151 -0.843524 
-0.125696 -0.492948 -0.860932 
-0.494002 0.185448 -0.849453 
-0.587248 -0.448022 -0.674104 
-0.634137 0.117755 -0.764202 
-0.629436 0.095451 -0.771168 
-0.820556 -0.195746 -0.537002 
-0.692547 -0.209193 -0.690374 
-0.718512 -0.503058 -0.480286 
-0.830405 0.023224 -0.556676 
-0.413502 -0.510694 -0.753795 
-0.574809 -0.563576 -0.593276 
-0.481325 -0.654273 -0.583312 
-0.494084 0.052334 -0.867838 
-0.374502 0.271545 -0.886573 
