154
156
199
220
166
162
173
218
186
196
232
177
180
188
193
192
201
183
196
222
194
182
177
175
192
199
183
197
179
179
184
188
221
206
219
189
214
192
186
177
202
214
214
146
191
234
189
196
192
138
234
185
168
230
185
174
201
200
223
197
188
206
195
198
186
178
164
227
227
216
187
235
162
194
212
181
158
213
199
221
175
193
189
243
214
232
192
223
180
180
201
149
198
225
198
206
182
212
182
191
186
165
222
202
212
196
221
178
208
203
184
171
180
202
172
187
190
187
206
198
192
188
237
185
202
180
189
200
195
190
185
167
161
198
158
203
175
182
180
220
192
219
217
195
164
172
178
169
198
165
224
200
214
168
179
199
152
187
214
190
182
197
208
208
157
199
195
182
176
191
183
190
177
171
193
186
190
207
196
194
144
173
173
201
184
178
217
199
174
182
196
186
184
164
190
209
214
178
190
203
216
193
228
199
206
201
210
190
178
195
230
189
170
209
183
224
204
212
199
188
181
213
226
138
162
192
203
156
220
170
240
197
204
200
202
190
205
209
179
222
193
186
232
187
212
197
194
197
171
207
198
228
218
205
204
218
150
165
201
214
183
196
158
200
201
219
203
209
190
172
204
161
177
183
200
216
175
197
183
191
220
177
197
211
152
189
213
166
170
228
199
188
182
205
215
205
182
192
171
186
212
229
228
196
190
186
162
177
198
173
169
189
208
232
168
177
174
191
261
197
186
180
224
164
181
186
181
175
197
220
161
194
229
200
191
210
186
222
