-0.597274 -0.488558 0.639981 
-0.505419 -0.437697 0.784247 
-0.604993 -0.569525 0.560915 
-0.547857 -0.690661 0.517302 
-0.687565 -0.470543 0.557533 
-0.800409 -0.390615 0.504607 
-0.641965 -0.588870 0.503829 
-0.741165 -0.640776 0.350665 
-0.729696 -0.413872 0.561192 
-0.760161 -0.372891 0.563838 
-0.589413 -0.440073 0.690848 
-0.575846 -0.356395 0.778640 
-0.763681 -0.353822 0.576656 
-0.799070 -0.291291 0.592759 
-0.817960 -0.331190 0.537394 
-0.848167 -0.318596 0.515544 
-0.577996 -0.394124 0.743368 
-0.565941 -0.345603 0.798828 
-0.689938 -0.588627 0.451882 
-0.744616 -0.588351 0.392673 
-0.559510 -0.623620 0.563149 
-0.498374 -0.696333 0.566153 
-0.525655 -0.406838 0.789180 
-0.484143 -0.416921 0.825514 
-0.493329 -0.467225 0.771619 
-0.484701 -0.483342 0.766932 
-0.532608 -0.684495 0.539263 
-0.517039 -0.719725 0.525440 
-0.587223 -0.336646 0.783507 
-0.587589 -0.334366 0.785100 
-0.518804 -0.609960 0.619331 
-0.502395 -0.604453 0.641979 
-0.836415 -0.271101 0.569778 
-0.840660 -0.257280 0.577226 
-0.640534 -0.393581 0.675847 
-0.668872 -0.367809 0.667531 
-0.497541 -0.518069 0.722658 
-0.498537 -0.530084 0.711088 
-0.709419 -0.627912 0.396409 
-0.730949 -0.671327 0.335106 
-0.713715 -0.503248 0.500554 
-0.716609 -0.506867 0.494249 
-0.464168 -0.642003 0.650766 
-0.427038 -0.663780 0.672129 
-0.762092 -0.613915 0.351358 
-0.764735 -0.613213 0.349097 
-0.811755 -0.387461 0.495025 
-0.809954 -0.403790 0.482730 
-0.624436 -0.648775 0.470600 
-0.621284 -0.659545 0.464626 
-0.810828 -0.441224 0.449104 
-0.810512 -0.459554 0.433448 
-0.438519 -0.702872 0.625524 
-0.419921 -0.747008 0.607221 
