0.407997 0.050777 -0.911570 
0.506838 -0.008027 -0.862004 
0.429105 0.115797 -0.895801 
0.343314 0.044803 -0.938151 
0.292352 0.089178 -0.952144 
0.546094 -0.059731 -0.835592 
0.418053 -0.071865 -0.905576 
0.280850 0.156281 -0.946942 
0.452806 0.176952 -0.873873 
0.512442 0.182071 -0.839198 
0.585701 -0.008117 -0.810486 
0.551820 -0.128009 -0.824080 
0.298094 -0.005811 -0.954519 
0.267793 -0.067671 -0.961097 
0.562402 -0.192131 -0.804232 
0.447149 -0.132152 -0.884643 
0.522509 0.059539 -0.850552 
0.509598 -0.227977 -0.829660 
0.567107 0.193734 -0.800535 
0.329224 -0.091079 -0.939849 
0.265922 -0.136100 -0.954339 
0.260546 0.219006 -0.940294 
0.279358 -0.201137 -0.938884 
0.614436 0.152128 -0.774161 
0.436013 -0.199764 -0.877489 
