0.814818 0.576268 -0.063143 
0.741298 0.658852 -0.128028 
0.697744 0.708703 -0.104372 
0.672660 0.720579 -0.168210 
0.677425 0.734365 -0.042468 
0.658387 0.752368 0.021648 
0.829772 0.558095 0.003016 
0.633544 0.741901 -0.219555 
0.672669 0.734817 0.086951 
0.858026 0.511591 0.045460 
0.763202 0.646157 -0.001904 
0.754823 0.627932 -0.189588 
0.781091 0.579637 -0.232201 
0.785660 0.546004 -0.290890 
0.605885 0.744702 -0.279859 
0.561934 0.787432 -0.253341 
0.887495 0.460717 0.009606 
0.609219 0.791713 0.045205 
0.671118 0.696195 -0.254781 
0.612507 0.782477 0.112095 
0.796101 0.501634 -0.338506 
0.904242 0.424528 -0.046072 
0.666505 0.729459 0.153820 
0.853070 0.509287 0.113572 
0.673710 0.706800 0.215751 
0.928160 0.371875 -0.015088 
0.812552 0.449177 -0.371482 
0.581387 0.813522 -0.013077 
0.590605 0.748990 -0.300333 
0.940743 0.337006 0.037798 
0.529661 0.847553 -0.033359 
0.503941 0.858704 -0.093120 
0.621934 0.766151 -0.161898 
0.819736 0.550862 0.156792 
0.758535 0.523379 -0.388201 
0.737495 0.634028 -0.232615 
0.804904 0.416892 -0.422293 
0.626729 0.740061 0.243967 
0.881720 0.452628 0.133033 
0.784213 0.604339 -0.140656 
0.675275 0.666682 -0.315498 
0.802233 0.588040 0.103110 
0.581075 0.782395 0.224076 
0.561100 0.823253 -0.086144 
0.845150 0.429972 -0.317561 
0.876122 0.440280 0.196377 
0.728590 0.522379 -0.443031 
0.706830 0.678726 -0.199306 
0.943765 0.325482 -0.058046 
0.461026 0.877096 -0.134752 
0.719448 0.647099 -0.252303 
0.607487 0.744632 -0.276556 
0.560882 0.818205 0.126302 
0.822513 0.530000 -0.206331 
0.479137 0.877638 -0.013373 
0.876584 0.458018 0.147716 
0.678207 0.670712 -0.300302 
0.414825 0.894325 -0.167639 
0.751916 0.590573 -0.292995 
0.582984 0.791636 0.182871 
0.774227 0.629081 -0.069492 
0.641141 0.766150 -0.044192 
0.711240 0.659117 0.244341 
0.628878 0.692502 -0.353488 
0.959564 0.280795 0.019758 
0.765418 0.449404 -0.460619 
0.890955 0.452344 0.039810 
0.931912 0.341848 -0.121162 
0.761402 0.493812 -0.420020 
0.753600 0.657293 -0.007235 
0.683650 0.564754 -0.462251 
0.598297 0.689877 -0.407566 
0.948160 0.285364 -0.139857 
0.745385 0.429313 -0.509992 
0.624695 0.780397 0.027143 
0.695840 0.650669 0.304033 
0.721413 0.616410 -0.315599 
0.545591 0.793271 0.270280 
0.462990 0.865924 -0.189249 
0.508246 0.851767 0.127198 
0.452299 0.855800 -0.251061 
0.400638 0.880428 -0.253645 
0.413884 0.885165 -0.212562 
0.940320 0.324936 0.101063 
0.904627 0.383308 0.186345 
0.663818 0.658984 0.353676 
0.632542 0.713655 0.300976 
0.689214 0.678794 -0.253423 
0.861849 0.436769 0.257778 
0.836769 0.529812 -0.138265 
0.712530 0.634233 -0.300083 
0.629213 0.761856 -0.153835 
0.617195 0.692667 0.373206 
0.533584 0.820644 0.204530 
0.563436 0.761268 0.320953 
0.736852 0.600116 0.311303 
0.595863 0.757162 0.267680 
0.606309 0.795204 0.006327 
0.912235 0.409207 0.019430 
0.469124 0.828241 -0.306494 
