0.573548 0.606492 -0.611453 
0.402384 0.651977 -0.668119 
0.446032 0.646312 -0.622181 
0.372719 0.493272 -0.830678 
0.292392 0.486113 -0.826717 
0.268443 0.229347 -0.982981 
0.282575 0.292223 -0.917202 
0.332718 0.253321 -0.910598 
0.369868 0.393404 -0.855822 
0.288556 0.403561 -0.872189 
0.100992 0.330232 -0.964244 
0.287052 0.177324 -0.971402 
0.386635 0.384544 -0.874157 
0.471566 0.473976 -0.761543 
0.383662 0.584056 -0.729634 
0.529625 0.509482 -0.698330 
0.742668 0.468327 -0.546783 
0.685641 0.661623 -0.393720 
0.574621 0.657308 -0.513255 
0.396104 0.712244 -0.617592 
0.446963 0.759996 -0.492566 
0.437523 0.660472 -0.634298 
0.545784 0.633352 -0.564051 
0.348012 0.691052 -0.675345 
0.332354 0.609372 -0.725913 
0.464420 0.657306 -0.619174 
0.508845 0.627674 -0.591992 
0.415805 0.645940 -0.649764 
0.376258 0.564359 -0.746658 
0.359435 0.355367 -0.901285 
0.239487 0.428441 -0.882082 
-0.054679 0.508197 -0.912398 
-0.227169 0.478410 -0.866140 
-0.343377 0.647498 -0.724422 
-0.186723 0.808475 -0.611393 
-0.360645 0.699541 -0.650607 
-0.392831 0.606828 -0.699284 
-0.366555 0.727365 -0.601159 
-0.508740 0.613419 -0.631564 
-0.416819 0.715627 -0.579216 
-0.201970 0.807273 -0.602069 
-0.197493 0.719934 -0.674418 
-0.232676 0.912326 -0.449706 
-0.105612 0.857727 -0.525484 
-0.273573 0.851185 -0.480412 
-0.426494 0.888049 -0.296399 
-0.562270 0.742060 -0.438551 
-0.351671 0.870971 -0.422054 
-0.576357 0.774798 -0.360709 
-0.547903 0.658770 -0.567294 
-0.583830 0.547487 -0.611795 
-0.567812 0.602257 -0.565851 
-0.437433 0.716258 -0.570647 
-0.654207 0.684861 -0.417396 
-0.389425 0.786798 -0.578338 
-0.476008 0.795974 -0.414349 
-0.617155 0.763497 -0.275861 
-0.677562 0.622794 -0.457102 
-0.629894 0.759651 -0.279313 
-0.600952 0.674377 -0.482510 
-0.633318 0.704144 -0.349485 
-0.808195 0.548086 -0.319625 
-0.838366 0.314013 -0.556344 
-0.757610 0.057123 -0.720667 
-0.666597 0.187399 -0.737456 
-0.523414 -0.003723 -0.899552 
-0.623544 0.132654 -0.794703 
-0.644837 0.189680 -0.744373 
-0.804439 0.043981 -0.639281 
-0.662459 0.074000 -0.770085 
-0.465681 0.255369 -0.897455 
-0.251878 0.449835 -0.903291 
-0.007672 0.548165 -0.876291 
-0.146039 0.520385 -0.852766 
-0.113323 0.737187 -0.714677 
-0.011631 0.799827 -0.618518 
-0.122962 0.870502 -0.506805 
-0.273097 0.801319 -0.559649 
-0.035466 0.830284 -0.607225 
-0.033001 0.859062 -0.518444 
-0.082084 0.917222 -0.411353 
0.038817 0.898913 -0.455252 
-0.024461 0.856077 -0.526694 
0.098486 0.958172 -0.356112 
0.258334 0.894601 -0.405258 
0.015183 0.877623 -0.558844 
0.082278 0.916596 -0.420301 
0.197278 0.858739 -0.495761 
0.010191 0.948791 -0.391781 
0.253575 0.973100 -0.257019 
0.412984 0.944185 -0.056079 
0.426073 0.910678 0.066539 
0.285913 0.964221 0.115821 
0.387795 0.910044 0.207265 
0.212158 0.937644 0.362497 
0.322334 0.904395 0.306301 
0.189352 0.871196 0.518622 
0.203544 0.935776 0.342492 
0.287350 0.879098 0.396889 
0.136579 0.958400 0.314089 
0.311598 0.867541 0.457676 
0.299779 0.820566 0.489174 
0.255027 0.794946 0.557033 
0.453188 0.677521 0.627355 
0.634508 0.605212 0.527596 
0.655545 0.555300 0.514265 
0.667330 0.369513 0.697357 
0.555576 0.197236 0.845897 
0.550849 0.178759 0.815437 
0.637228 0.230260 0.745595 
0.505608 0.132261 0.878259 
0.286600 0.165829 0.973692 
0.360338 0.361996 0.888526 
0.562000 0.223372 0.834531 
0.710500 0.406876 0.647592 
0.540590 0.405319 0.764215 
0.656023 0.532177 0.588487 
0.724461 0.535502 0.457559 
0.656903 0.624159 0.437735 
0.501179 0.653052 0.615668 
0.558098 0.751740 0.417967 
0.515188 0.677335 0.546970 
0.325277 0.808402 0.542047 
0.257164 0.857094 0.460655 
0.468099 0.801691 0.431884 
0.395256 0.840988 0.381255 
0.565062 0.782767 0.322016 
0.653659 0.779193 0.119298 
0.614672 0.776936 0.141357 
0.726597 0.695886 0.095071 
0.684454 0.702606 0.255680 
0.782090 0.626881 0.148249 
0.634565 0.761821 0.265540 
0.615140 0.726196 0.312007 
0.754727 0.669509 0.163761 
0.687574 0.660263 0.373166 
0.673537 0.511457 0.597308 
0.688369 0.619951 0.426350 
0.657473 0.651201 0.383464 
0.588222 0.666027 0.472612 
0.561884 0.768779 0.346836 
0.609713 0.618484 0.563261 
0.547199 0.611414 0.574096 
0.509684 0.837751 0.366328 
0.680275 0.725195 0.252634 
0.638338 0.697003 0.341239 
0.746726 0.511585 0.502917 
0.505368 0.660692 0.636528 
0.491295 0.655271 0.575305 
0.393301 0.627392 0.689242 
0.507676 0.712378 0.529572 
0.332897 0.740186 0.616123 
0.501588 0.594447 0.668686 
0.302406 0.747988 0.642150 
0.124209 0.834653 0.575082 
0.141187 0.759070 0.643518 
0.007179 0.834637 0.575809 
0.012790 0.857160 0.518411 
0.168976 0.792241 0.618386 
0.238245 0.829690 0.519975 
0.257403 0.965572 0.279398 
-0.000608 0.969288 0.364555 
0.206335 0.887257 0.481945 
0.144414 0.931585 0.361482 
0.264220 0.937210 0.272194 
0.374976 0.828094 0.499264 
0.338361 0.700976 0.660503 
0.295330 0.778678 0.567870 
0.296223 0.696076 0.666497 
0.541429 0.582878 0.663318 
0.626996 0.486732 0.622056 
0.648434 0.686864 0.430143 
0.503671 0.810654 0.359208 
0.580585 0.841567 0.125551 
0.391949 0.974048 -0.137001 
0.498251 0.884256 -0.016447 
0.698251 0.751444 -0.165970 
0.679223 0.750267 -0.006432 
0.814798 0.610255 -0.122256 
0.898734 0.449256 -0.154254 
0.862198 0.447658 -0.262796 
0.935089 0.391278 -0.095176 
0.966120 0.218358 -0.307470 
0.958742 0.078885 -0.304515 
0.901706 0.216290 -0.418578 
0.768037 0.321120 -0.610117 
0.764653 0.378311 -0.529965 
0.832079 0.220470 -0.537151 
0.906787 0.021427 -0.475466 
0.787895 0.034420 -0.649707 
0.859145 0.119015 -0.524530 
0.876184 0.284814 -0.432682 
0.766447 0.511042 -0.463979 
0.654981 0.467209 -0.626483 
0.649099 0.534276 -0.550570 
0.543569 0.521105 -0.678747 
0.565612 0.727406 -0.482152 
0.607422 0.490268 -0.704687 
0.384243 0.647601 -0.710565 
0.444277 0.683013 -0.594332 
0.377128 0.650549 -0.667372 
0.153669 0.696969 -0.740266 
0.171883 0.905156 -0.501182 
-0.019418 0.805452 -0.644683 
0.127657 0.730286 -0.692021 
0.199756 0.565806 -0.831554 
0.238233 0.807686 -0.626363 
0.181562 0.979487 -0.343449 
