180
161
168
184
213
189
193
167
192
162
184
183
185
206
184
183
181
169
172
196
165
196
166
191
161
182
150
174
179
152
171
186
196
188
153
166
147
172
173
186
196
181
168
176
178
177
163
199
169
162
166
152
142
157
189
167
202
168
169
165
162
184
182
201
181
161
187
204
167
186
207
177
165
166
193
160
184
173
167
215
188
162
175
180
207
182
185
199
208
171
182
166
149
176
166
173
169
172
187
165
172
189
191
159
185
163
177
152
172
167
180
164
177
165
175
148
194
190
215
176
164
193
162
209
176
175
156
163
191
158
160
130
190
172
188
175
175
170
177
186
154
153
156
178
169
172
191
172
168
157
180
175
188
195
188
162
174
197
204
179
191
170
176
182
180
175
209
191
167
196
165
210
200
215
176
157
158
148
165
194
189
139
167
169
160
177
176
159
165
160
150
186
148
186
195
150
209
155
188
177
188
155
164
169
148
187
160
201
