0.816576 0.074077 0.572465 
0.811291 0.144056 0.566618 
0.774142 0.190941 0.603527 
0.839470 0.178477 0.513260 
0.732537 0.234025 0.639235 
0.729877 0.061863 0.680774 
0.868448 0.197533 0.454729 
0.684295 0.259001 0.681659 
0.894371 0.141786 0.424261 
0.645249 0.227749 0.729235 
0.594902 0.255961 0.761955 
0.921417 0.109269 0.372895 
0.910433 0.054501 0.410051 
0.737605 -0.007847 0.675187 
0.942339 0.116731 0.313641 
0.719141 -0.072759 0.691044 
0.542756 0.276278 0.793150 
0.732642 -0.135566 0.666976 
0.960848 0.102250 0.257519 
0.775975 0.008802 0.630702 
0.736627 0.295060 0.608540 
0.521249 0.221606 0.824130 
0.737143 0.353197 0.576084 
0.752632 0.394127 0.527454 
0.941752 0.175272 0.287024 
0.801374 -0.046669 0.596340 
0.746045 -0.194122 0.636972 
0.633495 0.165179 0.755910 
0.734062 0.040273 0.677888 
0.954309 0.189099 0.231379 
0.548809 0.335595 0.765627 
0.917360 -0.011661 0.397888 
0.729842 0.450260 0.514390 
0.603611 0.113117 0.789214 
0.690421 0.381058 0.614910 
0.580081 0.053906 0.812773 
0.837425 0.012355 0.546413 
0.774077 0.120449 0.621528 
0.704714 -0.233287 0.670041 
0.480516 0.184609 0.857335 
0.776107 0.254694 0.576879 
0.536552 0.157680 0.829005 
0.642386 0.410455 0.647200 
0.913330 -0.078626 0.399557 
0.774675 -0.102143 0.624056 
0.906719 -0.143810 0.396459 
0.429073 0.174895 0.886176 
0.774096 -0.231272 0.589312 
0.776916 0.231765 0.585394 
0.926077 0.238124 0.292709 
