0.752264 -0.661267 0.042729 
0.710801 -0.715676 0.024829 
0.827973 -0.564645 -0.025215 
0.819114 -0.573547 0.071385 
0.870529 -0.509647 -0.038030 
0.816522 -0.581375 -0.092957 
0.859827 -0.521268 0.046699 
0.865905 -0.511471 0.116463 
0.674603 -0.763761 -0.012286 
0.781960 -0.627439 -0.133988 
0.859218 -0.520724 0.095909 
0.793418 -0.614396 -0.202535 
0.747457 -0.665608 0.113143 
0.731480 -0.684591 0.179357 
0.848109 -0.532852 0.181472 
0.909011 -0.455479 0.113880 
0.762207 -0.656280 -0.250197 
0.644443 -0.804326 -0.061732 
0.692259 -0.736358 0.151396 
0.835324 -0.560385 -0.220609 
0.605368 -0.855917 -0.090219 
0.808127 -0.584096 0.209319 
0.865719 -0.522243 -0.271808 
0.799645 -0.593238 0.278921 
0.783371 -0.612613 0.344950 
0.753801 -0.649647 0.397430 
0.813182 -0.572486 0.394960 
0.710923 -0.705171 0.406293 
0.905664 -0.469610 -0.246627 
0.875248 -0.507990 -0.203207 
0.574353 -0.894894 -0.040030 
0.948068 -0.414156 -0.235365 
0.821110 -0.560298 0.464160 
0.776815 -0.619239 0.415043 
0.844197 -0.551875 -0.332295 
0.671887 -0.756716 0.377668 
0.772474 -0.631535 0.169828 
0.727441 -0.700328 -0.207173 
0.927792 -0.429345 0.176843 
0.595662 -0.870399 -0.158747 
0.913629 -0.453590 -0.037928 
0.539914 -0.940803 -0.081338 
0.738037 -0.689279 -0.307876 
0.564651 -0.912033 -0.206756 
0.733691 -0.677478 0.335615 
0.751816 -0.665242 -0.082391 
0.639424 -0.808945 0.008649 
0.954053 -0.393696 0.231974 
0.694926 -0.745312 -0.306568 
0.830046 -0.572075 -0.398565 
