0.922472 -0.103345 0.378635 
0.939867 -0.144693 0.323974 
0.903258 -0.068958 0.437357 
0.949178 -0.205467 0.289049 
0.950757 -0.274645 0.274491 
0.943072 0.021234 0.339359 
0.973260 -0.290346 0.209321 
0.957015 0.083839 0.309588 
0.881269 -0.106150 0.493333 
0.934513 -0.332764 0.311347 
0.858774 -0.139963 0.551218 
0.995392 -0.254051 0.152816 
0.980876 0.084522 0.243029 
0.990593 0.024420 0.207066 
0.983391 0.015952 0.225946 
0.868933 -0.199306 0.514134 
0.858417 -0.266448 0.533664 
0.954197 0.152188 0.327488 
0.845033 -0.088051 0.597221 
0.940575 0.204389 0.373199 
0.877784 -0.260809 0.480383 
0.900888 -0.232050 0.420058 
1.013606 0.013272 0.141141 
0.839313 -0.316631 0.579672 
1.033186 0.061772 0.093555 
1.004446 -0.315236 0.118547 
0.817987 -0.357555 0.633248 
0.813345 -0.290771 0.656014 
0.940776 0.274429 0.382911 
0.846491 -0.380527 0.550248 
0.930542 -0.403359 0.312087 
0.977851 -0.357181 0.186693 
0.978550 -0.426833 0.174524 
0.958960 0.327525 0.339897 
0.815445 -0.334915 0.643671 
0.910934 -0.356082 0.373799 
0.925265 -0.222681 0.353329 
0.791434 -0.348818 0.708711 
1.017982 -0.220944 0.094561 
0.978250 0.162733 0.261835 
0.777161 -0.298226 0.756006 
1.047161 0.010433 0.046982 
0.916807 0.270764 0.449334 
0.944945 0.378765 0.386566 
0.826373 -0.051382 0.654729 
0.878936 -0.212239 0.484289 
0.908684 -0.166206 0.407934 
0.997985 0.210655 0.213731 
0.893285 0.246666 0.511512 
0.926261 0.415338 0.444127 
