0.292891 -0.789626 -0.543789 
0.228678 -0.819228 -0.544444 
0.414628 -0.770357 -0.489524 
0.162756 -0.842033 -0.556030 
0.100871 -0.875597 -0.549417 
0.127998 -0.887310 -0.514295 
0.151821 -0.805686 -0.615690 
0.149479 -0.918689 -0.454680 
0.477903 -0.761868 -0.459122 
0.071415 -0.925946 -0.496813 
0.439374 -0.725134 -0.537924 
0.536599 -0.724886 -0.472801 
0.440220 -0.684514 -0.595798 
0.601764 -0.710728 -0.449283 
0.474315 -0.803297 -0.401932 
0.667202 -0.695341 -0.427351 
0.196305 -0.932350 -0.403487 
0.096704 -0.800881 -0.659724 
0.460269 -0.847162 -0.348279 
0.113944 -0.963913 -0.413545 
0.712690 -0.651742 -0.459445 
0.692018 -0.619941 -0.519123 
0.093127 -0.842670 -0.602008 
0.047315 -0.789698 -0.709077 
0.080628 -0.744345 -0.751895 
0.389549 -0.674648 -0.644120 
-0.016332 -0.820472 -0.707665 
0.351262 -0.752365 -0.558087 
0.435075 -0.892414 -0.300139 
0.298372 -0.744916 -0.604425 
0.458839 -0.922563 -0.240756 
0.292793 -0.786441 -0.548437 
0.410946 -0.812010 -0.432074 
0.394266 -0.867932 -0.362847 
0.415643 -0.966710 -0.206330 
0.530647 -0.769482 -0.412645 
-0.081151 -0.848540 -0.710936 
0.336829 -0.742481 -0.582029 
0.310487 -0.741977 -0.600494 
0.537455 -0.807474 -0.353398 
0.370825 -1.010481 -0.173536 
-0.124362 -0.892683 -0.676525 
0.362080 -0.646622 -0.702942 
0.683042 -0.582793 -0.578616 
0.376065 -0.602769 -0.756620 
0.677740 -0.544241 -0.637655 
0.431361 -0.563282 -0.776192 
0.651691 -0.515382 -0.696720 
0.005462 -0.948339 -0.509013 
0.121347 -0.870245 -0.543328 
