-0.385678 0.446448 0.810516 
-0.362727 0.559876 0.748310 
-0.358128 0.620264 0.711813 
-0.412673 0.643113 0.673047 
-0.346393 0.406357 0.853520 
-0.280260 0.422971 0.872241 
-0.215140 0.425178 0.899708 
-0.296574 0.654651 0.717163 
-0.450625 0.421691 0.797517 
-0.284326 0.715694 0.683640 
-0.218112 0.730523 0.703537 
-0.156469 0.409313 0.935847 
-0.172769 0.348261 0.967579 
-0.141221 0.302193 1.010965 
-0.475457 0.649478 0.641146 
-0.444274 0.708336 0.617413 
-0.094212 0.442178 0.942480 
-0.512080 0.387100 0.792341 
-0.166170 0.475161 0.889525 
-0.171801 0.243169 1.035071 
-0.031481 0.435659 0.974455 
0.034570 0.453380 0.992434 
-0.504016 0.722062 0.582164 
-0.516465 0.326741 0.828914 
0.073762 0.509314 0.974119 
-0.577038 0.385685 0.764441 
-0.528752 0.265697 0.862420 
-0.146162 0.193364 1.078223 
-0.471314 0.780474 0.559390 
-0.205447 0.393539 0.924196 
-0.592697 0.237300 0.852188 
-0.658510 0.217348 0.835738 
-0.123845 0.141729 1.121069 
-0.636277 0.400436 0.728761 
0.132405 0.548815 0.974914 
-0.154582 0.760158 0.712795 
-0.392109 0.703910 0.643368 
-0.246167 0.626119 0.757722 
-0.466429 0.840901 0.522994 
0.195629 0.579294 0.983498 
-0.126822 0.081582 1.158130 
-0.691454 0.422317 0.690332 
-0.708419 0.168125 0.845019 
0.177728 0.633084 0.941235 
-0.192988 0.065561 1.139015 
-0.466060 0.900582 0.485073 
-0.769582 0.178702 0.811149 
-0.123973 0.022603 1.197031 
-0.702186 0.110035 0.884852 
-0.506586 0.442325 0.759535 
