192
198
165
174
194
154
174
149
202
194
193
186
140
162
174
165
196
177
197
188
206
178
175
165
189
148
186
187
178
164
174
154
188
178
154
199
214
157
165
196
196
171
177
174
171
177
194
191
180
163
171
180
182
201
200
156
155
158
195
222
219
204
183
164
203
153
152
139
139
170
198
175
175
183
188
176
213
182
149
177
174
191
147
179
180
176
117
178
182
191
182
181
181
184
181
170
198
170
177
145
189
165
191
191
179
205
169
196
186
178
169
160
190
208
183
173
164
180
230
181
173
177
165
173
201
163
158
195
179
204
175
172
191
180
228
177
180
199
208
184
199
165
185
159
175
181
175
207
194
183
210
153
170
188
189
183
203
185
194
177
161
187
167
225
150
173
182
186
151
174
169
150
196
198
157
173
175
174
196
163
188
184
167
205
180
167
179
156
182
184
167
161
177
193
180
147
175
190
177
169
