186
192
179
177
179
181
150
176
166
183
165
187
156
200
143
190
190
178
154
170
202
166
162
167
186
180
158
168
196
166
186
177
204
179
156
185
178
167
178
165
187
181
161
202
170
143
177
200
188
183
190
185
215
174
173
166
150
198
184
181
177
158
185
177
178
171
163
185
168
177
191
185
176
205
173
178
177
183
173
166
157
173
167
183
164
177
172
157
176
181
196
137
182
185
206
174
174
177
193
183
198
182
205
199
161
181
188
152
181
189
177
162
163
186
148
220
190
170
196
185
169
152
170
195
195
180
185
194
198
213
188
218
211
147
190
190
170
188
181
165
141
209
146
176
137
173
196
189
197
215
193
168
168
169
182
166
187
195
181
214
163
182
181
159
172
152
219
180
166
192
166
187
197
168
196
185
196
161
147
168
145
155
165
174
184
181
212
192
193
161
166
192
178
195
182
162
188
180
182
154
