180
148
204
204
167
174
185
159
206
172
175
164
198
167
203
163
181
184
176
168
178
178
163
167
198
194
184
181
247
185
155
157
192
190
187
161
174
167
147
190
194
179
157
154
203
182
176
173
167
182
177
175
196
197
171
174
175
191
159
147
163
167
187
173
197
143
160
185
181
175
202
188
166
173
155
167
167
175
150
174
196
165
153
181
138
168
186
214
143
207
163
172
187
148
149
195
164
219
213
208
200
157
188
182
183
199
195
181
171
186
175
172
161
196
179
208
195
176
181
160
169
182
163
183
158
163
176
193
199
184
203
191
176
187
206
146
185
196
172
178
170
169
182
157
162
193
161
195
152
194
169
150
149
177
189
203
162
189
180
154
182
170
205
152
175
158
195
181
179
171
179
162
145
215
177
168
167
173
190
169
172
156
172
152
163
177
214
202
166
179
205
168
191
199
175
188
156
162
174
173
