0.240759 0.111184 -0.964196 
0.307153 -0.072333 -0.948907 
0.484837 0.041719 -0.873609 
0.574533 -0.167646 -0.801128 
0.550918 -0.280940 -0.785851 
0.627621 -0.341665 -0.699541 
0.513777 -0.281395 -0.810463 
0.665319 -0.306157 -0.680896 
0.560119 -0.251233 -0.789398 
0.684672 -0.113143 -0.720016 
0.805299 -0.084707 -0.586787 
0.893397 0.038117 -0.447649 
0.891187 0.256856 -0.373913 
0.898504 0.257969 -0.355165 
0.953786 0.131360 -0.270255 
0.952784 0.303626 0.003814 
0.860654 0.486072 -0.151686 
0.859959 0.509546 -0.028864 
0.786231 0.594591 0.168233 
0.875393 0.477268 0.076827 
0.911418 0.405755 -0.068408 
0.892653 0.443038 -0.082993 
0.825036 0.563859 -0.037124 
0.909328 0.398719 0.118939 
0.861370 0.460635 0.214144 
0.932809 0.354353 0.065584 
0.904514 0.312744 0.289907 
0.987074 0.136005 0.084778 
0.931353 0.341141 0.127301 
0.964455 0.198659 0.174246 
0.967350 0.114385 0.226165 
0.996130 -0.036359 0.080020 
0.964848 0.076819 0.251331 
0.927548 0.263413 0.265081 
0.923773 0.197772 0.327916 
0.826643 0.398295 0.397521 
0.837151 0.303666 0.454935 
0.879783 0.248828 0.405050 
0.820392 0.180247 0.542649 
0.741898 0.199933 0.640011 
0.522112 0.127174 0.843342 
0.501213 0.233224 0.833302 
0.585208 0.406994 0.701347 
0.623147 0.529712 0.575406 
0.702460 0.447390 0.553527 
0.663810 0.262018 0.700502 
0.470443 0.330546 0.818183 
0.593465 0.408096 0.693727 
0.411042 0.420480 0.808852 
0.268554 0.543674 0.795171 
0.390314 0.291305 0.873382 
0.472584 0.376818 0.796663 
0.294451 0.243812 0.924042 
0.092188 0.061003 0.993871 
0.277219 -0.008703 0.960767 
0.218059 -0.026472 0.975576 
0.049283 0.097354 0.994029 
0.145560 0.302990 0.941812 
0.373755 0.308303 0.874789 
0.294911 0.311579 0.903297 
0.483674 0.319549 0.814830 
0.225241 0.419688 0.879277 
0.425836 0.496935 0.756121 
0.412132 0.672157 0.615104 
0.507054 0.606679 0.612239 
0.639034 0.552223 0.535430 
0.635956 0.485936 0.599521 
0.648259 0.619360 0.442892 
0.684885 0.568164 0.456204 
0.532581 0.520762 0.667207 
0.516636 0.515490 0.683635 
0.444943 0.376195 0.812713 
0.242618 0.432322 0.868467 
0.334186 0.601766 0.725395 
0.407228 0.541524 0.735470 
0.606601 0.471935 0.639776 
0.331646 0.504556 0.797141 
0.489847 0.412410 0.768094 
0.592691 0.570018 0.569032 
0.494488 0.525369 0.692437 
0.542576 0.529545 0.652068 
0.473410 0.427311 0.770252 
0.504203 0.607663 0.613616 
0.358756 0.695240 0.622844 
0.192453 0.787362 0.585682 
0.106052 0.652817 0.750055 
0.082746 0.562699 0.822510 
-0.152108 0.554115 0.818425 
-0.313843 0.401826 0.860255 
-0.226317 0.152316 0.962071 
-0.170862 0.315234 0.933506 
-0.074998 0.334286 0.939483 
0.032791 0.121436 0.992058 
0.133524 0.096368 0.986349 
0.036500 -0.124809 0.991509 
0.128343 -0.259420 0.957199 
0.078574 -0.099180 0.991962 
0.196531 0.124217 0.972597 
0.044788 -0.069878 0.996550 
0.046099 -0.240310 0.969601 
-0.043859 -0.359617 0.932069 
0.152537 -0.432272 0.888748 
0.080536 -0.411035 0.908055 
0.319808 -0.510482 0.798205 
0.108655 -0.608365 0.786185 
0.359364 -0.705942 0.610331 
0.407435 -0.542930 0.734318 
0.492904 -0.473737 0.729807 
0.240384 -0.460644 0.854414 
0.418675 -0.430838 0.799431 
0.495255 -0.474937 0.727432 
0.340769 -0.540105 0.769521 
0.366798 -0.687445 0.626800 
0.206589 -0.584585 0.784590 
0.001422 -0.593481 0.804847 
0.156648 -0.466151 0.870726 
-0.064508 -0.556409 0.828401 
0.140914 -0.422513 0.895336 
0.329211 -0.422967 0.844227 
0.408326 -0.186965 0.893484 
0.517143 0.078980 0.852247 
0.563042 0.258311 0.785022 
0.471193 0.281930 0.835759 
0.479491 0.261856 0.837568 
0.338841 0.432274 0.835659 
0.404773 0.339570 0.849029 
0.558565 0.359877 0.747325 
0.522632 0.509141 0.683836 
0.634738 0.426427 0.644412 
0.519117 0.661287 0.541495 
0.650573 0.543780 0.530149 
0.648858 0.386325 0.655543 
0.608451 0.441045 0.659748 
0.667919 0.174833 0.723407 
0.584249 0.016187 0.811413 
0.721358 0.027978 0.691997 
0.840459 -0.089992 0.534350 
0.931251 -0.106509 0.348465 
0.856685 0.014898 0.515624 
0.899029 -0.161520 0.407011 
0.911122 -0.148624 0.384405 
0.756091 -0.249332 0.605112 
0.843251 -0.204020 0.497296 
0.831002 -0.071646 0.551636 
0.805265 -0.048397 0.590936 
0.862095 -0.044741 0.504767 
0.903502 -0.141727 0.404472 
0.927893 0.027858 0.371805 
0.825580 0.195227 0.529438 
0.706728 0.201644 0.678141 
0.697039 0.380383 0.607820 
0.628949 0.566429 0.532523 
0.538958 0.710095 0.453088 
0.419946 0.784775 0.455823 
0.386038 0.747384 0.540733 
0.430284 0.575564 0.695400 
0.268307 0.638066 0.721722 
0.097566 0.743097 0.662033 
0.067641 0.586066 0.807435 
-0.029612 0.706315 0.707278 
0.038252 0.604885 0.795394 
-0.131133 0.735464 0.664753 
-0.204786 0.804496 0.557538 
-0.343816 0.723624 0.598464 
-0.461338 0.701197 0.543590 
-0.568585 0.563684 0.599142 
-0.755817 0.494729 0.428933 
-0.876936 0.429266 0.216134 
-0.893529 0.449002 -0.001722 
-0.884211 0.467038 -0.006823 
-0.924367 0.319656 -0.208244 
-0.921614 0.297102 -0.249714 
-0.910302 0.317291 -0.265851 
-0.895037 0.435717 -0.095176 
-0.901763 0.320248 -0.290286 
-0.825654 0.402308 -0.395529 
-0.892245 0.397144 -0.214884 
-0.957522 0.182262 -0.223455 
-0.922333 0.379910 -0.070503 
-0.952893 0.222031 -0.206633 
-0.875792 0.306054 -0.373255 
-0.868478 0.163372 -0.468034 
-0.783794 -0.025177 -0.620510 
-0.847200 -0.188483 -0.496715 
-0.914668 -0.312465 -0.256415 
-0.849909 -0.476011 -0.225981 
-0.704022 -0.531188 -0.471373 
-0.741112 -0.502472 -0.445281 
-0.740647 -0.535695 -0.405553 
-0.830966 -0.312022 -0.460583 
-0.839854 -0.276233 -0.467269 
-0.875017 -0.321920 -0.361544 
-0.821269 -0.123747 -0.556960 
-0.895591 -0.096121 -0.434369 
-0.895194 0.123395 -0.428254 
-0.985138 0.031952 -0.168765 
-0.959658 -0.029252 -0.279643 
-0.944382 -0.122109 -0.305338 
-0.953923 0.058363 -0.294321 
-0.952725 0.036542 -0.301628 
