0.152163 -0.731963 -0.664136 
-0.121741 -0.713824 -0.689662 
-0.146912 -0.687505 -0.711164 
-0.217608 -0.794747 -0.566590 
-0.269634 -0.695906 -0.665592 
-0.158147 -0.770906 -0.617004 
-0.011850 -0.866270 -0.499435 
-0.261098 -0.850776 -0.456079 
-0.278681 -0.913547 -0.296256 
-0.212083 -0.900521 -0.379583 
-0.182314 -0.960655 -0.209531 
-0.232452 -0.950482 -0.206277 
-0.086787 -0.992043 -0.091204 
-0.257973 -0.917720 -0.302061 
-0.282198 -0.909768 -0.304443 
-0.065363 -0.898886 -0.433280 
-0.067074 -0.850560 -0.521582 
-0.156600 -0.957021 -0.244104 
0.003940 -0.987459 -0.157827 
-0.094386 -0.937126 -0.335986 
0.113586 -0.948325 -0.296273 
0.052563 -0.884891 -0.462823 
0.050445 -0.904833 -0.422768 
0.026374 -0.888791 -0.457554 
-0.083094 -0.966693 -0.242074 
0.028128 -0.945746 -0.323686 
0.223353 -0.849516 -0.477949 
0.369401 -0.836839 -0.404034 
0.385406 -0.684660 -0.618630 
0.486501 -0.727214 -0.484228 
0.276547 -0.817603 -0.505021 
0.398595 -0.714103 -0.575481 
0.366914 -0.695307 -0.617999 
0.355264 -0.822364 -0.444415 
0.448834 -0.653527 -0.609467 
0.326087 -0.782576 -0.530322 
0.409534 -0.750884 -0.518127 
0.303711 -0.849617 -0.431174 
0.035020 -0.858329 -0.511902 
0.254464 -0.794176 -0.551845 
0.093674 -0.768782 -0.632613 
-0.091872 -0.789423 -0.606935 
-0.177952 -0.648183 -0.740400 
0.003287 -0.709969 -0.704226 
0.211582 -0.659299 -0.721497 
-0.038496 -0.670126 -0.741249 
0.081532 -0.591005 -0.802537 
-0.172453 -0.671015 -0.721109 
-0.220628 -0.448232 -0.866263 
-0.341730 -0.450952 -0.824538 
-0.120602 -0.378580 -0.917678 
-0.198864 -0.426964 -0.882131 
0.026772 -0.434511 -0.900269 
0.130825 -0.456182 -0.880217 
-0.161908 -0.519715 -0.838858 
-0.132483 -0.660947 -0.738646 
-0.336478 -0.530478 -0.778059 
-0.131566 -0.661652 -0.738178 
-0.354870 -0.679563 -0.642076 
-0.181564 -0.802587 -0.568234 
0.067368 -0.806794 -0.586979 
-0.016704 -0.917045 -0.398434 
-0.226383 -0.868540 -0.440897 
-0.258622 -0.943965 -0.205050 
-0.324570 -0.945701 0.017418 
-0.311083 -0.940977 0.133380 
-0.082681 -0.990903 0.106181 
0.137000 -0.987246 -0.081094 
0.330703 -0.942306 -0.051920 
0.521029 -0.853429 -0.013696 
0.453736 -0.885830 0.097101 
0.261073 -0.962847 -0.069036 
0.172393 -0.982262 -0.073766 
-0.027169 -0.994402 -0.102114 
0.075837 -0.997108 -0.005005 
0.001713 -0.996565 0.082795 
-0.018065 -0.999203 0.035601 
0.065520 -0.997769 0.012794 
0.030061 -0.998102 0.053745 
0.045030 -0.957056 0.286385 
0.059478 -0.901094 0.429526 
-0.108071 -0.948629 0.297361 
-0.189337 -0.939887 0.284192 
-0.190450 -0.979968 0.058229 
-0.130216 -0.952354 0.275799 
-0.053833 -0.978498 0.199107 
-0.113503 -0.899679 0.421539 
-0.223179 -0.833725 0.505068 
-0.092881 -0.716871 0.690991 
-0.063704 -0.637264 0.768008 
-0.279754 -0.622885 0.730583 
-0.044259 -0.702358 0.710446 
0.061095 -0.684447 0.726498 
-0.146522 -0.660592 0.736308 
-0.065598 -0.779432 0.623044 
0.140412 -0.706890 0.693247 
0.348172 -0.752857 0.558554 
0.445921 -0.816377 0.366992 
0.277571 -0.926772 0.253077 
0.113386 -0.992265 0.050544 
0.058756 -0.978898 0.195719 
0.188423 -0.923923 0.332961 
0.186743 -0.861070 0.472954 
0.301138 -0.908337 0.290240 
0.230986 -0.870805 0.433986 
0.433500 -0.837912 0.331633 
0.443695 -0.750390 0.489949 
0.355953 -0.674569 0.646726 
0.371859 -0.740488 0.559820 
0.338658 -0.764416 0.548615 
0.173012 -0.908511 0.380360 
0.061347 -0.946893 0.315643 
0.010606 -0.849184 0.527990 
-0.160421 -0.727032 0.667600 
0.073239 -0.682923 0.726810 
0.013828 -0.740108 0.672346 
-0.149045 -0.787343 0.598228 
-0.259548 -0.873204 0.412493 
-0.396532 -0.806048 0.439374 
-0.619938 -0.623174 0.476792 
-0.652031 -0.722929 0.228538 
-0.580336 -0.639121 0.504712 
-0.470229 -0.577429 0.667428 
-0.634291 -0.610164 0.474736 
-0.517966 -0.697043 0.495825 
-0.538679 -0.706129 0.459571 
-0.444786 -0.617545 0.648694 
-0.314654 -0.557015 0.768588 
-0.238681 -0.651510 0.720116 
-0.040085 -0.800143 0.598468 
-0.098720 -0.765942 0.635286 
-0.302995 -0.840309 0.449528 
-0.387254 -0.812327 0.436073 
-0.465888 -0.849353 0.248087 
-0.635036 -0.752318 0.175349 
-0.546432 -0.829571 0.114997 
-0.597606 -0.799879 -0.055327 
-0.738498 -0.650912 -0.175881 
-0.863606 -0.437518 -0.250525 
-0.724492 -0.603615 -0.332807 
-0.718551 -0.616891 -0.321138 
-0.642988 -0.733170 -0.221424 
-0.581800 -0.759765 -0.290287 
-0.476382 -0.784190 -0.397626 
-0.528259 -0.641263 -0.556528 
-0.561230 -0.701064 -0.439921 
-0.561906 -0.741073 -0.367521 
-0.715213 -0.631091 -0.300323 
-0.786935 -0.616869 -0.014324 
-0.763396 -0.643797 -0.052459 
-0.591443 -0.795557 -0.131473 
-0.544680 -0.761715 -0.350877 
-0.425209 -0.869817 -0.250232 
-0.547000 -0.835131 -0.057861 
-0.576084 -0.805012 -0.141713 
-0.381857 -0.916882 -0.116242 
-0.565412 -0.824761 0.008875 
-0.551934 -0.811689 -0.191126 
-0.495060 -0.854336 -0.158195 
-0.413014 -0.910699 -0.006875 
-0.249623 -0.957615 -0.143740 
-0.310241 -0.942606 -0.123468 
-0.415438 -0.909124 -0.030090 
-0.406998 -0.912467 0.041922 
-0.562023 -0.800058 0.209852 
-0.560454 -0.828146 -0.008140 
-0.450936 -0.885672 -0.110646 
-0.468503 -0.880039 -0.077691 
-0.351581 -0.928218 0.121664 
-0.478435 -0.877554 0.031620 
-0.617218 -0.782413 0.082897 
-0.630069 -0.750679 -0.198729 
-0.745560 -0.662354 -0.073671 
-0.800977 -0.573802 -0.170840 
-0.859918 -0.500462 0.100397 
-0.909745 -0.411382 0.055928 
-0.761641 -0.630284 0.150482 
-0.570680 -0.814511 0.104381 
-0.471975 -0.881579 -0.007596 
-0.483732 -0.872897 -0.063670 
-0.483499 -0.874340 -0.041935 
-0.646504 -0.762825 -0.011435 
-0.525192 -0.850454 -0.030029 
-0.548381 -0.835578 0.032977 
-0.622941 -0.752375 -0.214189 
-0.698196 -0.696631 -0.165010 
-0.708628 -0.704676 0.035739 
-0.753669 -0.652143 0.081802 
-0.630061 -0.774723 0.053171 
-0.670545 -0.718818 -0.183494 
-0.697338 -0.704479 -0.132023 
-0.717583 -0.696343 0.013459 
-0.623761 -0.778383 0.071006 
-0.587094 -0.805979 0.075620 
-0.703884 -0.688014 0.176588 
-0.471195 -0.871626 0.135065 
-0.358858 -0.924717 0.126966 
-0.460525 -0.874624 -0.151491 
-0.300029 -0.886995 -0.351031 
-0.451343 -0.846305 -0.282942 
