-0.444585 -0.669900 -0.615359 
-0.301898 -0.640674 -0.729752 
-0.342247 -0.531498 -0.785319 
-0.198028 -0.676897 -0.739314 
0.001982 -0.742043 -0.703171 
-0.116650 -0.884286 -0.520990 
-0.022217 -0.888117 -0.470289 
-0.015699 -0.884043 -0.467187 
0.157520 -0.975396 -0.300098 
-0.031672 -0.946357 -0.381606 
-0.302246 -0.882263 -0.462210 
-0.167393 -0.761315 -0.689255 
-0.224672 -0.923929 -0.434550 
-0.209323 -0.909807 -0.363179 
-0.156945 -0.847038 -0.545838 
-0.084569 -0.755603 -0.671496 
-0.106687 -0.809521 -0.586296 
0.012504 -0.864428 -0.523238 
-0.192119 -0.783629 -0.641279 
-0.327214 -0.796818 -0.535442 
-0.293741 -0.848867 -0.451465 
-0.342930 -0.914646 -0.283921 
-0.489512 -0.818811 -0.353813 
-0.387823 -0.937762 -0.168964 
-0.567201 -0.811018 -0.285548 
-0.702289 -0.654227 -0.354135 
-0.596730 -0.584983 -0.624798 
-0.683577 -0.638914 -0.418897 
-0.799653 -0.672491 -0.116680 
-0.783710 -0.623511 -0.045698 
-0.806177 -0.574861 -0.268790 
-0.751108 -0.682624 -0.104320 
-0.832228 -0.594770 0.103458 
-0.836720 -0.587648 -0.171314 
-0.798374 -0.609076 -0.062914 
-0.770460 -0.628862 -0.127272 
-0.752601 -0.591143 -0.401008 
-0.807683 -0.402568 -0.478262 
-0.830948 -0.364194 -0.425689 
-0.781275 -0.182816 -0.672744 
-0.600154 -0.236759 -0.795133 
-0.490807 -0.227834 -0.849480 
-0.652966 -0.165871 -0.763892 
-0.466741 -0.211997 -0.888349 
-0.365237 -0.248699 -0.903309 
-0.256488 -0.119799 -0.976542 
-0.180842 -0.013153 -0.992058 
-0.089952 -0.177591 -0.997814 
-0.247265 -0.247414 -0.953382 
-0.466048 -0.062387 -0.928119 
-0.593031 -0.002957 -0.823026 
-0.643690 0.093358 -0.769085 
-0.601892 -0.021978 -0.808579 
-0.345410 -0.113055 -0.986744 
-0.158393 0.107462 -1.022542 
-0.168460 0.300881 -0.959653 
-0.226203 0.053501 -1.006117 
-0.337903 -0.103911 -0.955896 
-0.501554 -0.380729 -0.847513 
-0.381387 -0.413461 -0.834363 
-0.542436 -0.432728 -0.743645 
-0.670532 -0.491552 -0.592586 
-0.778043 -0.400547 -0.510280 
-0.695811 -0.305241 -0.684660 
-0.669779 -0.173195 -0.735952 
-0.583387 -0.292407 -0.772711 
-0.603763 -0.107244 -0.812478 
-0.598123 -0.281080 -0.771278 
-0.810109 -0.175747 -0.624608 
-0.888018 -0.183638 -0.458312 
-0.790426 -0.417444 -0.518150 
-0.626255 -0.509607 -0.628127 
-0.630008 -0.492051 -0.601244 
-0.563109 -0.537718 -0.633539 
-0.503447 -0.503968 -0.709201 
-0.675144 -0.277238 -0.741077 
-0.727940 -0.112564 -0.698255 
-0.564209 -0.204490 -0.832394 
-0.734654 -0.128617 -0.703239 
-0.712651 0.132149 -0.737348 
-0.526659 0.264442 -0.845819 
-0.598040 0.156879 -0.797368 
-0.579108 0.261889 -0.779532 
-0.545071 0.298458 -0.785056 
-0.467227 0.491842 -0.763996 
-0.289533 0.525346 -0.822058 
-0.140789 0.353265 -0.962576 
-0.184089 0.557008 -0.843865 
-0.250842 0.410468 -0.892241 
-0.152539 0.655077 -0.791832 
-0.363489 0.771530 -0.603765 
-0.218565 0.875998 -0.479728 
-0.064205 0.952218 -0.363156 
0.140968 0.948023 -0.350991 
0.013495 0.963051 -0.301420 
-0.228185 1.000539 -0.161630 
-0.338754 0.917732 -0.268231 
-0.434589 0.930259 -0.050020 
-0.256743 0.991728 0.123112 
-0.167958 0.981869 0.121230 
-0.067818 0.971368 0.316212 
0.007441 0.955347 0.304546 
0.061238 0.955962 0.292273 
-0.094191 0.905003 0.486314 
-0.207968 0.763961 0.659499 
-0.045677 0.789533 0.633477 
-0.150837 0.824614 0.560924 
0.083912 0.892675 0.508439 
-0.152001 0.899122 0.473741 
0.117548 0.868190 0.559072 
0.100961 0.762290 0.653967 
0.318231 0.798786 0.563324 
0.282907 0.626536 0.776540 
0.388958 0.701461 0.627889 
0.115743 0.810294 0.645350 
0.194833 0.719732 0.676507 
0.237809 0.930877 0.429382 
0.268248 0.905146 0.339988 
0.269790 0.888819 0.372164 
0.205894 0.912033 0.361306 
0.233833 0.978960 0.169877 
0.411803 0.943561 0.004315 
0.374037 0.927213 0.140512 
0.463877 0.851675 0.330560 
0.579787 0.711507 0.452794 
0.428355 0.777266 0.490397 
0.410288 0.729305 0.553326 
0.559107 0.712015 0.459982 
0.427165 0.686075 0.626391 
0.235266 0.844525 0.546958 
0.406326 0.823541 0.442845 
0.504402 0.768492 0.410277 
0.269765 0.810441 0.603873 
0.091055 0.745384 0.691223 
0.142578 0.709982 0.692157 
0.191891 0.875400 0.509802 
0.011144 0.807150 0.632252 
-0.244647 0.841987 0.551163 
0.020955 0.843971 0.599036 
0.278084 0.828041 0.551714 
0.367862 0.758396 0.548938 
0.511236 0.855736 0.307579 
0.369471 0.849226 0.414830 
0.243224 0.864325 0.460209 
0.409875 0.908886 0.268791 
0.262653 0.917393 0.339175 
0.420624 0.784938 0.537075 
0.278333 0.706870 0.685249 
0.048924 0.694917 0.756296 
0.061821 0.582895 0.819991 
0.133345 0.419281 0.921126 
0.320102 0.344163 0.905222 
0.219445 0.563903 0.834769 
0.092381 0.674488 0.755169 
0.272243 0.598959 0.778096 
0.432611 0.492322 0.779229 
0.332194 0.647197 0.713345 
0.403473 0.625639 0.672772 
0.322925 0.752298 0.598203 
0.541174 0.642853 0.594392 
0.316563 0.807900 0.569675 
0.500297 0.764256 0.460232 
0.620136 0.777212 0.257689 
0.443542 0.882628 0.256516 
0.697667 0.783993 0.074657 
0.654476 0.731470 0.295317 
0.759956 0.609195 0.277691 
0.700965 0.696539 0.200831 
0.612003 0.712156 0.415041 
0.646516 0.597462 0.495073 
0.625521 0.551749 0.557317 
0.631363 0.359328 0.735592 
0.670452 0.392164 0.638437 
0.643139 0.236127 0.754406 
0.466677 0.334957 0.848142 
0.707684 0.121554 0.770381 
0.657407 0.071382 0.751856 
0.539395 0.235330 0.837770 
0.370412 0.244214 0.914977 
0.457432 0.071041 0.907219 
0.407595 0.162458 0.904422 
0.567391 0.420097 0.780305 
0.484780 0.242339 0.865575 
0.444556 0.452301 0.804242 
0.264182 0.408241 0.897890 
0.328965 0.390388 0.862943 
0.104554 0.471056 0.908928 
0.090565 0.466020 0.880240 
0.071953 0.668820 0.774674 
0.027470 0.539452 0.856101 
-0.082566 0.611747 0.799579 
-0.111541 0.484225 0.881345 
-0.395468 0.419081 0.867688 
-0.605788 0.319401 0.770050 
-0.430450 0.390923 0.837476 
-0.486457 0.412314 0.774909 
-0.642064 0.340102 0.711041 
-0.638038 0.307188 0.706672 
-0.721283 0.130611 0.707674 
-0.700004 0.061568 0.714926 
