165
177
193
170
183
169
187
211
208
171
161
171
197
166
167
167
176
172
204
168
180
156
206
214
172
170
160
206
157
186
174
173
179
174
167
187
172
204
194
171
171
178
169
181
209
152
181
222
180
178
182
181
147
200
164
182
183
177
198
162
184
151
170
172
173
175
212
180
173
165
163
163
169
176
165
188
190
183
181
175
160
213
178
181
175
158
174
178
164
167
185
187
203
184
207
153
209
179
176
182
183
182
162
161
180
195
139
200
160
172
172
178
198
165
151
217
136
209
161
198
160
186
177
183
181
183
177
175
164
166
184
169
152
201
183
175
156
167
189
164
158
186
180
190
183
207
201
170
158
194
153
146
185
195
183
166
178
202
161
177
177
152
157
164
165
197
172
174
188
169
179
133
198
168
194
198
185
154
192
211
194
195
165
185
167
165
156
183
185
152
200
197
166
192
173
184
196
171
158
176
