0.040117 -0.266409 0.963025 
0.129879 -0.295921 0.946342 
-0.036471 -0.164027 0.985781 
0.029377 -0.347275 0.937303 
0.282549 -0.488128 0.825771 
0.314075 -0.608865 0.728451 
0.464840 -0.571943 0.675873 
0.360493 -0.775015 0.519034 
0.304851 -0.830454 0.466274 
0.225446 -0.929103 0.293159 
0.287476 -0.925694 0.245864 
0.179838 -0.881557 0.436481 
0.222806 -0.857649 0.463460 
0.322043 -0.909658 0.262318 
0.197951 -0.929216 0.312046 
0.353646 -0.866874 0.351374 
0.122245 -0.938732 0.322240 
0.000834 -0.947986 0.318312 
0.073786 -0.979039 0.189839 
-0.038685 -0.932965 0.357882 
-0.262668 -0.894574 0.361583 
-0.501199 -0.765700 0.403118 
-0.406636 -0.681295 0.608674 
-0.481766 -0.758410 0.438994 
-0.514515 -0.813853 0.270032 
-0.480959 -0.820903 0.307892 
-0.557317 -0.692768 0.457680 
-0.604923 -0.548515 0.577234 
-0.363845 -0.746733 0.556782 
-0.417498 -0.825597 0.379586 
-0.313071 -0.836777 0.449212 
-0.050394 -0.932247 0.358296 
-0.007539 -0.876958 0.480508 
0.238678 -0.893681 0.379957 
0.051153 -0.965837 0.254053 
0.223870 -0.963154 0.149051 
0.007589 -0.999791 -0.019007 
-0.226123 -0.961701 0.154915 
-0.459154 -0.842800 0.280830 
-0.578786 -0.812026 0.074966 
-0.681384 -0.716987 0.147121 
-0.779208 -0.612670 0.132174 
-0.849448 -0.526118 0.040468 
-0.926645 -0.375841 -0.008466 
-0.979777 -0.191474 0.058087 
-0.978510 -0.143609 -0.147967 
-0.995122 -0.070543 -0.068967 
-0.950587 -0.291332 -0.107288 
-0.896464 -0.376489 -0.233683 
-0.873650 -0.426334 -0.234466 
-0.846176 -0.504810 -0.170744 
-0.846237 -0.475080 -0.241209 
-0.875935 -0.332315 -0.349722 
-0.894360 -0.331453 -0.300432 
-0.886363 -0.200148 -0.417495 
-0.927949 -0.138080 -0.346187 
-0.925765 -0.201846 -0.319715 
-0.974246 -0.015488 -0.224954 
-0.997277 0.070133 -0.022809 
-0.973803 0.058436 0.219757 
-0.969263 0.072372 0.235143 
-0.991742 0.096111 0.084914 
-0.988813 0.129088 -0.074738 
-0.978192 0.179390 -0.104688 
-0.925000 0.361868 0.115871 
-0.911587 0.223772 0.344869 
-0.919033 0.303837 0.251120 
-0.907435 0.238271 0.346105 
-0.946722 0.250149 0.202839 
-0.836421 0.357279 0.415633 
-0.701861 0.543029 0.460989 
-0.747030 0.478521 0.461481 
-0.892740 0.366026 0.262755 
-0.819172 0.563573 0.106499 
-0.737997 0.672535 -0.055298 
-0.768189 0.628951 -0.119606 
-0.662767 0.745124 0.074365 
-0.492643 0.868252 0.058655 
-0.629814 0.771066 0.093768 
-0.693752 0.718800 0.045108 
-0.764763 0.634802 -0.110288 
-0.735510 0.676626 0.034668 
-0.699662 0.707126 -0.102202 
-0.801161 0.547838 -0.240861 
-0.888265 0.397779 -0.229689 
-0.916681 0.398657 -0.027724 
-0.840761 0.512957 -0.173192 
-0.726695 0.685724 -0.041190 
-0.745795 0.623536 -0.234504 
-0.814220 0.576593 -0.067724 
-0.864081 0.467821 -0.185761 
-0.795790 0.452723 -0.402194 
-0.832921 0.247472 -0.494974 
-0.845390 0.427412 -0.320367 
-0.862083 0.334283 -0.380877 
-0.937955 0.128910 -0.321906 
-0.949675 0.196495 -0.243942 
-0.950692 0.072522 -0.301538 
-0.985582 0.092866 -0.141436 
-0.990009 -0.019816 -0.139605 
-0.993897 -0.077504 -0.078494 
-0.993653 -0.112385 0.004802 
-0.998201 -0.053937 0.026184 
-0.969938 -0.154734 -0.187822 
-0.927276 -0.355923 -0.116094 
-0.978932 -0.140048 -0.148588 
-0.968341 -0.235051 0.084070 
-0.907455 -0.285579 0.308173 
-0.755467 -0.481866 0.443931 
-0.709938 -0.616082 0.341219 
-0.766395 -0.619184 0.171024 
-0.930103 -0.349938 0.111586 
-0.981276 -0.190590 0.027789 
-0.990550 -0.129306 -0.045718 
-0.998041 0.020188 0.059225 
-0.967509 -0.075744 0.241226 
-0.995019 -0.033495 0.093889 
-0.969320 0.111487 0.219063 
-0.996530 -0.080041 -0.022843 
-0.986028 0.015198 0.165883 
-0.993337 -0.106292 -0.044543 
-0.994197 -0.037149 -0.100958 
-0.982203 -0.184393 -0.035717 
-0.953725 -0.272923 0.126184 
-0.890990 -0.274896 0.361344 
-0.830029 -0.117183 0.545271 
-0.900510 0.041475 0.432852 
-0.757709 0.225960 0.612225 
-0.904728 0.139265 0.402582 
-0.856284 0.153470 0.493179 
-0.894299 -0.055261 0.444044 
-0.970061 -0.135090 0.201821 
-0.932858 0.077994 0.351699 
-0.986020 -0.111712 0.123632 
-0.938671 -0.003206 0.344800 
-0.866069 0.152629 0.476056 
-0.908737 -0.006260 0.417323 
-0.956483 -0.057222 0.286123 
-0.964873 -0.257773 0.050727 
-0.978467 -0.169822 0.117311 
-0.923954 -0.371865 0.089578 
-0.941400 -0.335976 -0.029768 
-0.925372 -0.350842 -0.143511 
-0.846361 -0.461305 -0.266216 
-0.894485 -0.427035 -0.132430 
-0.970086 -0.240208 0.035118 
-0.912665 -0.339730 -0.227213 
-0.858291 -0.513074 -0.009586 
-0.935962 -0.314367 -0.158584 
-0.914389 -0.277299 -0.294953 
-0.995406 -0.052436 -0.080103 
-0.963432 -0.231918 -0.134214 
-0.951008 -0.298533 -0.080386 
-0.946493 -0.292037 -0.137350 
-0.894344 -0.443833 -0.056221 
-0.895833 -0.393192 0.207084 
-0.924886 -0.297043 0.237386 
-0.750680 -0.546623 0.371056 
-0.869290 -0.338894 0.359840 
-0.917760 -0.286720 0.274786 
-0.971293 -0.047385 0.233120 
-0.972274 -0.211090 0.100616 
-0.949942 -0.310914 -0.030687 
-0.854027 -0.490552 -0.173197 
-0.792054 -0.575059 -0.204834 
-0.708206 -0.666845 -0.231866 
-0.829967 -0.549523 -0.095815 
-0.917175 -0.392818 -0.066961 
-0.973132 -0.230071 0.009039 
-0.933264 -0.334433 -0.131046 
-0.820799 -0.490611 -0.292558 
-0.679192 -0.704310 -0.206508 
-0.813146 -0.509443 -0.281536 
-0.886848 -0.416407 -0.200265 
-0.781950 -0.457586 -0.423284 
-0.620473 -0.570315 -0.538288 
-0.565350 -0.554405 -0.610749 
-0.493637 -0.623046 -0.606742 
-0.403237 -0.673890 -0.619090 
-0.191709 -0.675113 -0.712369 
-0.411917 -0.616028 -0.671442 
-0.490419 -0.488756 -0.721531 
-0.421537 -0.635675 -0.646702 
-0.364308 -0.710785 -0.601718 
-0.293694 -0.687291 -0.664360 
-0.118499 -0.610206 -0.783331 
0.172655 -0.536412 -0.826107 
0.120952 -0.458873 -0.880231 
-0.176746 -0.524890 -0.832617 
-0.338864 -0.575746 -0.744102 
-0.511110 -0.524334 -0.681059 
-0.531039 -0.528062 -0.662683 
-0.430289 -0.429759 -0.793825 
-0.427928 -0.598755 -0.677030 
-0.353065 -0.688255 -0.633758 
-0.384372 -0.711550 -0.588179 
-0.179694 -0.721739 -0.668433 
-0.428695 -0.636140 -0.641519 
-0.491224 -0.711497 -0.502465 
-0.366624 -0.805168 -0.466145 
