178
148
234
197
180
172
149
149
147
194
173
209
167
162
164
184
205
159
183
191
151
165
170
167
166
164
127
143
188
172
195
186
178
198
160
184
216
161
204
168
174
206
171
165
152
170
197
190
172
188
173
184
180
184
182
219
175
163
172
163
160
183
185
169
176
174
192
181
191
179
179
169
157
203
157
147
176
161
159
203
201
139
171
173
154
168
186
162
150
188
181
170
191
163
182
194
177
162
179
160
182
169
138
176
205
167
187
153
169
182
178
145
178
192
198
207
164
187
184
183
173
173
191
171
187
147
197
167
152
184
156
167
201
208
165
182
154
195
169
180
155
201
203
168
191
207
184
184
171
186
185
187
168
166
194
174
163
178
196
194
157
202
162
159
172
179
162
158
176
208
158
174
172
195
187
144
183
191
174
158
160
184
176
197
190
184
211
201
158
158
164
153
176
193
172
145
172
158
195
171
