185
174
166
208
176
155
196
178
158
184
152
148
169
148
203
191
184
131
167
180
180
175
150
158
180
206
159
139
155
187
189
193
148
146
173
174
139
178
203
171
168
149
170
163
178
169
197
192
150
177
189
170
162
171
176
170
179
164
153
188
167
177
193
192
176
170
170
169
198
177
172
179
177
190
151
198
187
179
174
206
171
194
160
169
198
195
167
185
222
174
172
177
171
203
191
171
143
203
195
154
205
157
191
173
163
160
181
183
172
191
175
167
177
174
197
185
185
201
165
190
163
198
179
192
178
181
184
158
175
158
184
169
175
199
161
199
157
151
176
200
178
192
143
188
184
166
143
178
159
222
171
179
186
223
193
142
193
169
165
173
157
189
160
165
156
160
166
215
141
191
165
147
168
154
164
167
164
154
190
192
201
186
199
194
164
187
171
182
181
152
157
208
177
138
163
189
202
189
203
156
