168
190
208
163
174
212
171
211
165
162
172
186
161
184
165
158
174
168
174
167
168
198
181
196
202
162
170
199
155
162
156
192
188
163
158
176
199
196
211
161
174
165
155
207
191
198
197
163
203
166
182
172
182
184
186
195
174
196
188
163
209
223
176
194
169
149
156
161
200
158
182
165
176
195
201
185
200
174
187
182
128
211
188
190
185
178
164
206
143
199
186
173
185
209
175
175
183
192
156
161
162
190
201
189
188
175
212
177
196
173
174
159
169
196
194
161
199
169
159
195
152
194
170
152
168
216
195
191
193
176
166
173
164
168
156
202
214
168
171
164
152
162
175
166
156
163
188
189
179
180
169
175
149
171
190
166
198
195
173
154
182
176
188
182
178
186
186
181
178
192
196
155
177
169
172
177
165
167
187
190
172
163
163
179
163
184
156
205
162
154
131
138
205
200
177
177
179
189
201
181
