-0.983747 0.223784 0.006429 
-0.940798 0.378570 -0.206166 
-0.904426 0.359515 -0.232187 
-0.852257 0.532447 -0.165160 
-0.940634 0.323234 -0.270187 
-0.915733 0.410534 -0.135455 
-0.834682 0.539989 -0.196501 
-0.817469 0.508721 -0.286656 
-0.691455 0.600315 -0.467338 
-0.860686 0.531051 -0.244211 
-0.905968 0.387947 -0.223690 
-0.844367 0.513536 -0.207469 
-0.726135 0.601116 -0.424121 
-0.791787 0.358989 -0.572809 
-0.737385 0.243818 -0.645468 
-0.711535 0.402624 -0.599589 
-0.544669 0.429910 -0.755865 
-0.489921 0.485683 -0.728205 
-0.555553 0.380027 -0.750259 
-0.562369 0.347992 -0.750768 
-0.723816 0.226089 -0.685666 
-0.713689 0.071943 -0.713887 
-0.690370 0.092695 -0.718084 
-0.799011 0.162580 -0.604024 
-0.794367 0.312079 -0.545166 
-0.849977 0.178983 -0.516682 
-1.010623 0.072588 -0.268392 
-1.049400 -0.114130 0.015249 
-0.964668 -0.355055 0.187113 
-0.931221 -0.443318 -0.058233 
-0.989931 -0.249070 -0.012727 
-0.985083 -0.191871 0.164246 
-0.996748 -0.057576 0.146242 
-0.994827 -0.241576 0.024356 
-0.993464 -0.132788 0.148829 
-1.007895 -0.080962 0.008263 
-1.007762 0.073782 0.173179 
-0.987940 -0.014713 0.177098 
-0.995420 -0.088856 0.107695 
-0.964452 -0.283284 0.185317 
-0.936555 -0.454809 -0.053788 
-1.001767 -0.222638 -0.057026 
-0.949306 -0.284629 -0.235671 
-0.949132 -0.036194 -0.455613 
-0.889085 -0.231231 -0.441638 
-0.803958 -0.113559 -0.630064 
-0.976132 -0.169585 -0.355045 
-0.979887 -0.157307 -0.195111 
-0.986282 -0.208126 -0.062767 
-1.011700 0.014463 -0.241257 
-0.969769 0.016879 -0.243761 
-0.951810 -0.080987 -0.321665 
-0.913342 0.064646 -0.447236 
-0.909327 0.169776 -0.396914 
-0.873041 0.042982 -0.517545 
-0.758168 0.106988 -0.674946 
-0.661541 -0.020012 -0.772323 
-0.785658 -0.069643 -0.642186 
-0.680221 -0.198121 -0.730148 
-0.651542 -0.033121 -0.777416 
-0.490426 -0.028803 -0.893205 
-0.575986 -0.017028 -0.824474 
-0.379400 -0.126406 -0.952370 
-0.467707 -0.342543 -0.852795 
-0.251022 -0.538970 -0.855025 
-0.347470 -0.568486 -0.757647 
-0.328522 -0.532169 -0.781695 
-0.172435 -0.526910 -0.849480 
-0.258524 -0.515080 -0.822161 
-0.218620 -0.548687 -0.808724 
-0.294529 -0.423428 -0.871401 
-0.426932 -0.246973 -0.897739 
-0.528183 -0.026296 -0.882565 
-0.448649 0.190701 -0.902963 
-0.373449 0.007483 -0.949298 
-0.294952 -0.043056 -0.958933 
-0.407724 -0.152965 -0.914921 
-0.593152 -0.109159 -0.824914 
-0.713660 -0.036220 -0.720817 
-0.656878 -0.239361 -0.745723 
-0.709993 -0.092806 -0.715552 
-0.654713 -0.171410 -0.742830 
-0.653147 -0.404810 -0.683722 
-0.745023 -0.478126 -0.509573 
-0.739892 -0.476957 -0.475206 
-0.590215 -0.597272 -0.586706 
-0.811633 -0.455515 -0.465744 
-0.674770 -0.486447 -0.582938 
-0.815846 -0.545814 -0.342642 
-0.911317 -0.252592 -0.462031 
-0.919667 -0.166814 -0.372842 
-0.815269 -0.237830 -0.581597 
-0.658464 -0.163767 -0.779814 
-0.642329 -0.410411 -0.696990 
-0.514615 -0.320815 -0.818736 
-0.631223 -0.254439 -0.747979 
-0.422268 -0.385007 -0.864674 
-0.163908 -0.526270 -0.884271 
-0.281096 -0.278695 -0.960402 
-0.341217 -0.130937 -0.943741 
-0.318352 0.115036 -0.973226 
-0.342313 0.122616 -0.932292 
-0.220598 0.411110 -0.938298 
-0.002318 0.502017 -0.896300 
0.082393 0.316320 -0.969218 
0.238910 0.093939 -1.004371 
0.205620 -0.045259 -0.987471 
0.322466 -0.275931 -0.942684 
0.402893 -0.073918 -0.937218 
0.344336 -0.215426 -0.926324 
0.270037 -0.215106 -0.941504 
0.082161 -0.245744 -0.985401 
-0.101972 -0.394104 -0.944213 
-0.124708 -0.574190 -0.835851 
-0.288378 -0.559622 -0.794901 
-0.136572 -0.650166 -0.768365 
0.001139 -0.823916 -0.624996 
-0.145932 -0.778764 -0.628286 
0.125391 -0.836652 -0.601538 
0.145043 -0.959387 -0.361065 
0.033914 -0.954909 -0.316413 
0.175534 -0.973140 -0.225416 
0.217022 -0.976437 -0.114931 
0.342587 -0.927273 -0.235557 
0.388782 -0.954538 0.008899 
0.537088 -0.860049 0.107353 
0.684196 -0.750702 0.060821 
0.719806 -0.708423 -0.111276 
0.735494 -0.628304 -0.373269 
0.673083 -0.730582 -0.221739 
0.492596 -0.816083 -0.406095 
0.327279 -0.790120 -0.566630 
0.176951 -0.758910 -0.650085 
0.056427 -0.887326 -0.509838 
0.172594 -0.764201 -0.661167 
0.122685 -0.581024 -0.846922 
0.049381 -0.388948 -0.947338 
0.229886 -0.431147 -0.893260 
0.107422 -0.486330 -0.877443 
0.025830 -0.309660 -0.975072 
-0.029568 -0.087452 -1.022561 
0.101358 -0.035157 -1.003991 
0.254388 0.100586 -0.983533 
0.388852 0.050475 -0.932221 
0.234322 0.076823 -0.982961 
0.250880 -0.172255 -0.984644 
0.137932 -0.364405 -0.947779 
0.338755 -0.384242 -0.884172 
0.311437 -0.342594 -0.887497 
0.415564 -0.307832 -0.863241 
0.414586 -0.220351 -0.887564 
0.403812 -0.173226 -0.899664 
0.438773 0.048253 -0.925245 
0.554607 0.013342 -0.844271 
0.593508 -0.124547 -0.808657 
0.610042 -0.089314 -0.788466 
0.494494 -0.030875 -0.883340 
0.410169 -0.120422 -0.912738 
0.640420 -0.053218 -0.809428 
0.586313 -0.224555 -0.798185 
0.675846 -0.424989 -0.656280 
0.463068 -0.477231 -0.788844 
0.457356 -0.227100 -0.902027 
0.595465 -0.177283 -0.802562 
0.566071 -0.156824 -0.809990 
0.727728 -0.277316 -0.672998 
0.736681 -0.480516 -0.534804 
0.743420 -0.451308 -0.495227 
0.678523 -0.312581 -0.717455 
0.791613 -0.417144 -0.513289 
0.905469 -0.358724 -0.321737 
0.838586 -0.478588 -0.294373 
0.843026 -0.327911 -0.494392 
0.734577 -0.255812 -0.662823 
0.763246 -0.145135 -0.639926 
0.773237 -0.188273 -0.607947 
0.898990 -0.154867 -0.455928 
0.812495 -0.040166 -0.621100 
0.823045 -0.051553 -0.567859 
0.868385 -0.256261 -0.481335 
0.813663 -0.019826 -0.651826 
0.625637 -0.213192 -0.812273 
0.699864 -0.031462 -0.741926 
0.737319 0.008813 -0.680219 
0.809002 0.218998 -0.595072 
0.726057 0.282705 -0.636218 
0.866003 0.070229 -0.561581 
0.855810 0.305808 -0.484216 
0.696998 0.545625 -0.550167 
0.707335 0.353140 -0.648011 
0.806131 0.381789 -0.489495 
0.821399 0.528416 -0.313704 
0.855603 0.415482 -0.329906 
0.895339 0.501544 -0.097906 
0.966260 0.300605 -0.153278 
0.950485 0.118305 -0.453450 
0.940674 -0.102793 -0.392100 
0.898241 -0.332089 -0.370326 
0.936384 -0.222741 -0.301636 
0.873322 -0.371927 -0.358249 
