-0.764072 -0.296567 0.572924 
-0.828848 -0.309559 0.466030 
-0.885060 -0.285528 0.367618 
-0.752610 -0.373664 0.542174 
-0.809367 -0.344472 0.475672 
-0.870369 -0.241925 0.428871 
-0.815743 -0.356707 0.455328 
-0.731288 -0.370850 0.572440 
-0.552609 -0.593150 0.585488 
-0.456830 -0.560455 0.690794 
-0.596349 -0.591542 0.542629 
-0.661668 -0.688163 0.297704 
-0.572292 -0.746801 0.338776 
-0.392328 -0.776475 0.493118 
-0.237799 -0.868407 0.435111 
-0.159184 -0.863599 0.478391 
-0.006599 -0.868500 0.495646 
0.240701 -0.910920 0.335094 
0.244626 -0.960545 0.132327 
0.191939 -0.920444 0.340503 
0.254081 -0.961461 0.105049 
0.154029 -0.965740 0.208860 
0.027394 -0.996020 0.084817 
-0.152138 -0.980461 -0.124701 
-0.263227 -0.964552 -0.018720 
-0.240099 -0.955224 0.172916 
-0.053809 -0.927064 0.371021 
-0.190669 -0.869425 0.455791 
-0.289284 -0.815678 0.500983 
-0.076282 -0.890427 0.448688 
0.092055 -0.954154 0.284809 
0.117054 -0.941112 0.317185 
0.188793 -0.913242 0.361036 
0.267471 -0.890576 0.367878 
0.251788 -0.946977 0.199592 
0.080628 -0.996692 -0.010159 
0.191694 -0.953542 -0.232402 
0.088727 -0.966116 -0.242377 
0.320008 -0.908242 -0.269612 
0.245999 -0.896652 -0.368102 
0.103855 -0.884423 -0.454984 
-0.018003 -0.974570 -0.223360 
0.019854 -0.937096 -0.348506 
0.192526 -0.861936 -0.469042 
0.304745 -0.906703 -0.291583 
0.132927 -0.986955 -0.090826 
0.042507 -0.988651 -0.144090 
0.101278 -0.993204 0.057338 
-0.099981 -0.981047 -0.165982 
-0.258278 -0.959245 -0.114635 
-0.193539 -0.977126 -0.088138 
-0.283791 -0.957656 -0.048561 
-0.152169 -0.985164 -0.079350 
-0.215039 -0.970310 0.110708 
-0.285620 -0.958172 -0.018086 
-0.296390 -0.953450 0.055550 
-0.298459 -0.948275 0.108155 
-0.139228 -0.973129 0.183398 
0.073039 -0.996785 0.032934 
-0.138912 -0.976110 0.167071 
-0.095555 -0.985200 0.142302 
0.057255 -0.997339 -0.045136 
0.279423 -0.959877 0.023661 
0.501281 -0.860569 0.090212 
0.406435 -0.884636 0.228539 
0.243222 -0.959358 0.143092 
0.228222 -0.912525 0.339431 
0.116562 -0.852319 0.509869 
0.266228 -0.879441 0.394596 
0.257548 -0.839172 0.479020 
0.199700 -0.935560 0.291285 
0.296478 -0.953583 0.052721 
0.339529 -0.913960 0.222254 
0.347879 -0.826516 0.442552 
0.262003 -0.864680 0.428582 
0.455040 -0.865584 0.209051 
0.606905 -0.794756 0.005426 
0.739782 -0.670439 0.056876 
0.820237 -0.570608 -0.040233 
0.902211 -0.429072 -0.043727 
0.923118 -0.339575 0.180396 
0.898958 -0.280672 0.336301 
0.939989 -0.187295 0.285203 
0.944868 -0.003314 0.327436 
0.940723 -0.000081 0.339176 
0.901602 -0.141752 0.408681 
0.776112 -0.211066 0.594223 
0.863669 -0.188683 0.467413 
0.857584 0.008431 0.514276 
0.930698 0.038088 0.363801 
0.855412 -0.108018 0.506559 
0.819458 -0.388195 0.421656 
0.859747 -0.170440 0.481441 
0.804853 -0.014968 0.593285 
0.680386 -0.111086 0.724385 
0.805132 -0.129040 0.578888 
0.653982 -0.259144 0.710741 
0.557845 -0.444554 0.700843 
0.365226 -0.444354 0.818022 
0.220152 -0.358038 0.907382 
0.426977 -0.216241 0.878027 
0.376098 -0.054809 0.924958 
0.246238 -0.254734 0.935135 
0.468416 -0.308648 0.827842 
0.557231 -0.020046 0.830115 
0.456137 -0.260642 0.850885 
0.335292 -0.228368 0.914017 
0.401673 -0.393282 0.827036 
0.633608 -0.447989 0.630751 
0.553223 -0.618282 0.558276 
0.504159 -0.588847 0.631730 
0.381063 -0.470911 0.795634 
0.270500 -0.530011 0.803690 
0.148582 -0.575566 0.804144 
0.057762 -0.643818 0.762995 
-0.169764 -0.662022 0.730005 
-0.216295 -0.737517 0.639754 
-0.235930 -0.721127 0.651394 
-0.099906 -0.722630 0.683977 
-0.121499 -0.753091 0.646601 
-0.101177 -0.675434 0.730446 
-0.150286 -0.670605 0.726432 
-0.120047 -0.524218 0.843080 
0.057432 -0.301981 0.951582 
-0.106689 -0.277112 0.954896 
-0.205203 -0.446882 0.870740 
-0.399732 -0.394312 0.827486 
-0.585632 -0.316040 0.746428 
-0.621689 -0.482874 0.616713 
-0.516315 -0.579476 0.630576 
-0.366593 -0.644672 0.670826 
-0.308923 -0.553375 0.773526 
-0.375823 -0.667782 0.642514 
-0.255638 -0.795797 0.548960 
-0.185432 -0.904524 0.383994 
-0.006652 -0.970040 0.242854 
0.077148 -0.994630 0.068988 
0.310534 -0.947212 -0.079742 
0.165027 -0.959920 -0.226538 
0.365985 -0.929181 -0.051744 
0.148219 -0.983963 -0.099240 
-0.014060 -0.991053 0.132730 
0.107836 -0.993729 -0.029581 
0.088546 -0.959844 -0.266193 
0.220361 -0.900444 -0.375024 
0.034045 -0.891577 -0.451588 
0.174641 -0.740625 -0.648825 
0.223376 -0.846671 -0.482961 
-0.041063 -0.874191 -0.483843 
0.153214 -0.772506 -0.616247 
0.019806 -0.859821 -0.510212 
-0.101352 -0.926611 -0.362104 
0.003809 -0.887246 -0.461281 
-0.184826 -0.937448 -0.295010 
-0.186326 -0.951984 -0.242916 
-0.022507 -0.996542 -0.079987 
0.207671 -0.978194 -0.003166 
0.369108 -0.922754 0.110836 
0.493517 -0.848604 0.190560 
0.415164 -0.885646 0.208015 
0.225109 -0.943394 0.243585 
0.089806 -0.933543 0.347035 
0.133868 -0.926031 0.352910 
0.261162 -0.887017 0.380782 
0.283133 -0.859734 0.425080 
0.134391 -0.960406 0.244047 
0.000507 -0.947239 0.320526 
-0.057392 -0.880486 0.470585 
-0.050904 -0.862918 0.502774 
-0.255924 -0.868082 0.425366 
-0.312362 -0.921586 0.230453 
-0.211920 -0.872023 0.441209 
-0.116775 -0.928963 0.351271 
0.089328 -0.893299 0.440496 
0.308824 -0.858593 0.409200 
0.314632 -0.864945 0.390995 
0.160927 -0.906878 0.389455 
0.379147 -0.785331 0.489391 
0.265436 -0.749987 0.605858 
0.179096 -0.684912 0.706272 
0.317930 -0.501708 0.804494 
0.326016 -0.488144 0.809586 
0.302317 -0.652987 0.694415 
0.335491 -0.458573 0.822895 
0.227931 -0.317307 0.920524 
-0.022009 -0.262001 0.964816 
0.031997 -0.180328 0.983086 
0.213765 -0.001784 0.976883 
0.204393 -0.118770 0.971657 
0.260604 0.070008 0.962904 
0.178413 0.009821 0.983907 
0.374777 -0.118974 0.919449 
0.555642 -0.048820 0.829987 
0.726849 -0.050547 0.684935 
0.615728 -0.094667 0.782252 
0.439471 -0.162728 0.883394 
0.284180 -0.217589 0.933754 
0.336406 -0.147388 0.930112 
0.357532 -0.129919 0.924820 
0.339162 -0.227047 0.912918 
