-1.011987 0.209820 0.115538 
-1.021259 0.103813 -0.132733 
-1.014000 0.082052 0.067857 
-1.024065 -0.151412 -0.094370 
-1.000984 -0.023078 -0.115749 
-0.999991 0.176267 -0.095132 
-0.964047 0.196165 -0.223255 
-0.957173 0.262754 -0.154591 
-0.923512 0.469452 0.017870 
-0.872961 0.484375 0.143003 
-0.940765 0.310587 0.257594 
-0.825928 0.416508 0.455302 
-0.842517 0.286329 0.474127 
-0.863399 0.098476 0.532871 
-0.937112 0.009375 0.392855 
-1.000062 -0.077541 0.202942 
-0.976563 -0.255512 0.132802 
-0.939001 -0.240577 0.298722 
-0.866326 -0.479657 0.286016 
-0.772985 -0.666332 0.144954 
-0.868713 -0.491967 0.217097 
-0.678094 -0.749602 0.294012 
-0.520011 -0.851627 0.209832 
-0.322114 -0.913964 0.351719 
-0.511357 -0.827847 0.311561 
-0.462400 -0.776354 0.457546 
-0.410131 -0.705953 0.601354 
-0.611320 -0.680686 0.470189 
-0.533123 -0.761911 0.391588 
-0.569177 -0.704277 0.431465 
-0.510222 -0.625316 0.631009 
-0.621222 -0.501154 0.624586 
-0.719379 -0.305296 0.662206 
-0.863945 -0.063122 0.579191 
-0.716003 -0.298056 0.698628 
-0.723694 -0.365286 0.596578 
-0.545156 -0.460399 0.743928 
-0.608338 -0.589846 0.574810 
-0.427659 -0.776958 0.531424 
-0.296955 -0.883413 0.414996 
-0.154606 -0.801175 0.642241 
-0.050382 -0.816162 0.586562 
0.091546 -0.778205 0.640696 
0.232695 -0.680109 0.720462 
0.167351 -0.735041 0.664676 
0.048565 -0.836537 0.574737 
-0.167813 -0.959004 0.386291 
-0.388093 -0.900712 0.306759 
-0.322149 -0.922646 0.233265 
-0.484893 -0.818892 0.398548 
-0.566478 -0.725686 0.408555 
-0.512424 -0.722088 0.472164 
-0.408727 -0.685684 0.633027 
-0.296689 -0.589297 0.779523 
-0.102366 -0.533331 0.867953 
-0.081291 -0.534476 0.841604 
0.056300 -0.391206 0.945541 
0.022455 -0.522523 0.866322 
0.213230 -0.432748 0.901563 
0.474596 -0.480263 0.791395 
0.482769 -0.556408 0.687325 
0.460287 -0.677958 0.593713 
0.541147 -0.626569 0.569386 
0.675127 -0.566268 0.499932 
0.636003 -0.666423 0.412759 
0.436906 -0.700214 0.641871 
0.460710 -0.587972 0.673908 
0.404745 -0.580670 0.709522 
0.352372 -0.623313 0.701383 
0.191289 -0.805758 0.616874 
0.279913 -0.820818 0.515060 
0.079900 -0.845766 0.567056 
0.239844 -0.807267 0.563396 
0.051954 -0.852285 0.555099 
0.134486 -0.761740 0.652560 
0.403411 -0.823768 0.506103 
0.324376 -0.893493 0.357074 
0.411528 -0.873346 0.284504 
0.186584 -0.922925 0.434711 
0.077327 -0.912560 0.415100 
0.131475 -0.979433 0.244648 
0.285170 -0.974067 0.108420 
0.419941 -0.931170 -0.055800 
0.453024 -0.881438 -0.214943 
0.357703 -0.880059 -0.355057 
0.447095 -0.812594 -0.391776 
0.291921 -0.804873 -0.567341 
0.321068 -0.784494 -0.532212 
0.063293 -0.849265 -0.590586 
0.235867 -0.885669 -0.455932 
0.405691 -0.856018 -0.372513 
0.667893 -0.765902 -0.245131 
0.494911 -0.803435 -0.405739 
0.365939 -0.909845 -0.283575 
0.129045 -0.927969 -0.456047 
-0.049825 -0.921119 -0.424642 
0.042855 -0.944696 -0.347279 
0.298639 -0.984962 -0.184664 
0.217243 -0.932538 -0.337280 
0.256756 -0.925042 -0.286880 
0.164957 -0.963295 -0.238843 
-0.023053 -1.011754 -0.147646 
0.060279 -0.999951 -0.084092 
0.200298 -0.970722 -0.268052 
0.369538 -0.929431 -0.188549 
0.459294 -0.869741 -0.210693 
0.515286 -0.839943 -0.183576 
0.578179 -0.789942 -0.222936 
0.476902 -0.921013 -0.003186 
0.659825 -0.784833 0.109539 
0.532419 -0.869346 -0.022052 
0.679784 -0.749757 -0.269248 
0.536520 -0.888846 -0.059854 
0.444663 -0.910812 0.136968 
0.385616 -0.936933 -0.015089 
0.513316 -0.872705 0.153225 
0.593777 -0.760824 0.360480 
0.520033 -0.814696 0.281859 
0.565011 -0.781641 0.270195 
0.416210 -0.905457 0.217234 
0.319109 -0.885309 0.393641 
0.479907 -0.745632 0.525400 
0.369387 -0.785305 0.509842 
0.290838 -0.797090 0.535720 
0.223936 -0.852327 0.483370 
0.293551 -0.890509 0.373157 
0.206093 -0.901593 0.390707 
0.134808 -0.901160 0.419054 
0.103399 -0.934634 0.350161 
0.117486 -0.908439 0.406128 
0.094721 -0.842767 0.554675 
0.119979 -0.889082 0.455588 
0.182685 -0.885109 0.433152 
-0.051208 -0.857122 0.583887 
0.219788 -0.919911 0.447253 
0.177341 -0.910390 0.379574 
0.022663 -0.875370 0.530117 
-0.062310 -0.915276 0.422233 
0.114428 -0.906591 0.443468 
0.283405 -0.834727 0.510799 
0.485388 -0.832633 0.364609 
0.575628 -0.757359 0.330329 
0.472656 -0.910563 0.137158 
0.480086 -0.898045 -0.069892 
0.561373 -0.828451 -0.103277 
0.435914 -0.885041 -0.272339 
0.335500 -0.870675 -0.391556 
0.496889 -0.809405 -0.358747 
0.331886 -0.950769 -0.225182 
0.373504 -0.856787 -0.414474 
0.234284 -0.949921 -0.292059 
0.251513 -0.919464 -0.303719 
0.388931 -0.841836 -0.423416 
0.571496 -0.776550 -0.338743 
0.567413 -0.800579 -0.224322 
0.749493 -0.677038 -0.175132 
0.630153 -0.734045 -0.318672 
0.675775 -0.671426 -0.313370 
0.701977 -0.567162 -0.471177 
0.621841 -0.730596 -0.354810 
0.541726 -0.710574 -0.470396 
0.708622 -0.690658 -0.287284 
0.797345 -0.570343 -0.248720 
0.800282 -0.507339 -0.337461 
0.673665 -0.697403 -0.334566 
0.668526 -0.563484 -0.545171 
0.510197 -0.590135 -0.654389 
0.516084 -0.590747 -0.620887 
0.366579 -0.616782 -0.719720 
0.413088 -0.433401 -0.830216 
0.610588 -0.241748 -0.802911 
0.637255 -0.474732 -0.664336 
0.495860 -0.443830 -0.766291 
0.488983 -0.506571 -0.714640 
0.430557 -0.387753 -0.834336 
0.269381 -0.252406 -0.961176 
0.387152 -0.522562 -0.825488 
0.310786 -0.460990 -0.835483 
0.464585 -0.432608 -0.789657 
0.266658 -0.505157 -0.849440 
0.452612 -0.353029 -0.853047 
0.429789 -0.151908 -0.914411 
0.352260 0.048439 -0.959848 
0.306228 -0.018541 -0.954962 
0.366954 -0.182443 -0.929123 
0.334584 0.046570 -0.969952 
0.158701 0.145959 -0.997161 
0.311862 0.382854 -0.917437 
0.331763 0.404506 -0.854069 
0.477487 0.251656 -0.868024 
0.365319 0.125397 -0.940248 
0.208130 0.110750 -0.985450 
0.337411 -0.034438 -0.960828 
0.114226 0.101175 -1.023987 
0.294131 0.065594 -0.971751 
0.112633 -0.055212 -1.016617 
0.259494 -0.049615 -0.976139 
-0.001802 -0.243330 -1.024090 
-0.069246 -0.275213 -0.962328 
-0.071625 -0.234706 -0.970300 
