-0.449166 0.024614 -0.893109 
-0.356529 -0.140128 -0.923716 
-0.470620 -0.391592 -0.790679 
-0.208552 -0.578178 -0.788807 
-0.290573 -0.593406 -0.750624 
-0.467669 -0.649869 -0.599129 
-0.331613 -0.720458 -0.609076 
-0.294372 -0.625009 -0.722986 
-0.469281 -0.655862 -0.591288 
-0.574668 -0.536255 -0.618212 
-0.579947 -0.381872 -0.719608 
-0.677983 -0.178207 -0.713148 
-0.612656 -0.053491 -0.788537 
-0.668856 -0.182198 -0.720718 
-0.797922 -0.196659 -0.569778 
-0.910882 -0.229878 -0.342711 
-0.967960 -0.014143 -0.250706 
-0.980344 -0.197235 -0.004821 
-0.896943 -0.422097 0.131633 
-0.975192 -0.207772 0.076369 
-0.969700 -0.226811 -0.090771 
-0.897537 -0.387437 -0.210524 
-0.965591 -0.254186 0.054993 
-0.957615 -0.268897 -0.103287 
-0.884813 -0.460616 -0.070276 
-0.860549 -0.494053 0.123963 
-0.820082 -0.565093 0.090192 
-0.900718 -0.406379 0.153502 
-0.818361 -0.514081 0.256916 
-0.806435 -0.590888 -0.022682 
-0.655903 -0.746348 0.112940 
-0.608969 -0.680290 0.407875 
-0.673907 -0.732065 0.099652 
-0.621647 -0.707352 0.336465 
-0.458031 -0.852614 0.251509 
-0.394340 -0.916367 0.069044 
-0.497127 -0.836203 0.231581 
-0.392653 -0.852991 0.343845 
-0.571280 -0.800235 0.182382 
-0.657701 -0.663332 0.356959 
-0.662571 -0.626820 0.409996 
-0.474924 -0.724716 0.499233 
-0.292366 -0.870721 0.395433 
-0.374336 -0.776068 0.507535 
-0.197715 -0.769294 0.607532 
-0.167933 -0.783093 0.598802 
-0.159831 -0.870738 0.465047 
-0.294372 -0.865582 0.405109 
-0.387940 -0.847471 0.362348 
-0.296999 -0.935436 0.191705 
-0.385150 -0.919446 -0.079240 
-0.134260 -0.962382 -0.236209 
-0.115568 -0.980029 -0.161825 
-0.004996 -0.999625 0.026943 
0.092200 -0.989418 0.112035 
-0.010201 -0.999256 0.037182 
0.095199 -0.991394 -0.089861 
-0.019222 -0.977992 -0.207756 
-0.233064 -0.954875 -0.184107 
-0.437194 -0.894308 -0.095264 
-0.632998 -0.770974 0.070090 
-0.508012 -0.860726 -0.032777 
-0.382522 -0.901365 -0.203023 
-0.542587 -0.785466 -0.297728 
-0.573557 -0.739195 -0.353018 
-0.645365 -0.697514 -0.311413 
-0.626195 -0.747302 -0.222306 
-0.663921 -0.632497 -0.398945 
-0.492186 -0.652918 -0.575718 
-0.721045 -0.413004 -0.556346 
-0.681315 -0.334392 -0.651146 
-0.836822 -0.254284 -0.484839 
-0.703674 -0.279293 -0.653328 
-0.748146 -0.354663 -0.560796 
-0.872458 -0.232255 -0.429970 
-0.901770 -0.188204 -0.389090 
-0.774096 -0.341437 -0.533100 
-0.842588 -0.236507 -0.483849 
-0.700671 -0.373072 -0.608176 
-0.740011 -0.233154 -0.630891 
-0.704812 -0.267812 -0.656899 
-0.603724 -0.540715 -0.585786 
-0.426092 -0.665129 -0.613228 
-0.527101 -0.546519 -0.650755 
-0.565087 -0.641263 -0.519094 
-0.679368 -0.475430 -0.558950 
-0.765168 -0.430394 -0.478831 
-0.689096 -0.620971 -0.373552 
-0.625783 -0.596648 -0.502401 
-0.462108 -0.779612 -0.422683 
-0.314030 -0.778718 -0.543124 
-0.408901 -0.759820 -0.505445 
-0.623597 -0.573685 -0.531048 
-0.583861 -0.732179 -0.350742 
-0.449608 -0.793750 -0.409650 
-0.371976 -0.908619 -0.189856 
-0.520358 -0.753201 -0.402388 
-0.686614 -0.672045 -0.277339 
-0.529224 -0.706617 -0.469697 
-0.444013 -0.793365 -0.416443 
-0.600762 -0.602568 -0.525354 
-0.684186 -0.641773 -0.346435 
-0.758800 -0.638989 -0.126157 
-0.647910 -0.697814 -0.305399 
-0.537687 -0.728581 -0.424337 
-0.656487 -0.723954 -0.211932 
-0.593973 -0.740979 -0.313282 
-0.705399 -0.648109 -0.286997 
-0.729585 -0.656680 -0.190992 
-0.822022 -0.567974 -0.041046 
-0.851036 -0.516147 -0.096594 
-0.823536 -0.565286 -0.047322 
-0.801571 -0.597244 -0.028005 
-0.877236 -0.460324 0.136228 
-0.903594 -0.428357 -0.005227 
-0.927149 -0.362728 0.093932 
-0.876240 -0.476747 0.070110 
-0.775404 -0.626197 -0.081399 
-0.842718 -0.535508 -0.055293 
-0.883199 -0.422204 -0.204215 
-0.774433 -0.482004 -0.409788 
-0.820449 -0.538011 -0.193410 
-0.857166 -0.496316 -0.137608 
-0.910690 -0.342893 -0.230367 
-0.844419 -0.423382 -0.328184 
-0.803249 -0.318316 -0.503454 
-0.902188 -0.169124 -0.396805 
-0.788396 -0.240186 -0.566342 
-0.839503 -0.337537 -0.425798 
-0.825847 -0.275548 -0.491986 
-0.874444 -0.412353 -0.255564 
-0.773983 -0.457172 -0.438113 
-0.829328 -0.396507 -0.393696 
-0.640767 -0.507446 -0.576122 
-0.569636 -0.609065 -0.551865 
-0.561613 -0.652297 -0.509018 
-0.514535 -0.656085 -0.552093 
-0.666583 -0.687674 -0.287701 
-0.507254 -0.810487 -0.292923 
-0.632063 -0.698633 -0.335273 
-0.548003 -0.634123 -0.545509 
-0.315763 -0.631870 -0.707837 
-0.210308 -0.819768 -0.532684 
-0.380446 -0.777134 -0.501322 
-0.193742 -0.871732 -0.450052 
-0.041373 -0.933953 -0.354992 
0.063280 -0.822993 -0.564517 
0.128044 -0.903338 -0.409372 
-0.042873 -0.971080 -0.234874 
-0.240487 -0.943254 -0.228995 
-0.445029 -0.841969 -0.305022 
-0.392129 -0.898672 -0.196528 
-0.301928 -0.944782 -0.127385 
-0.165556 -0.985628 -0.033582 
-0.017487 -0.999689 -0.017773 
0.031634 -0.992716 -0.116249 
-0.024541 -0.944265 -0.328270 
-0.243441 -0.936931 -0.250793 
-0.042366 -0.978776 -0.200504 
-0.070094 -0.935763 -0.345594 
0.057963 -0.989091 -0.135426 
0.034777 -0.961735 -0.271764 
-0.201635 -0.884493 -0.420733 
-0.019176 -0.962404 -0.270945 
-0.213099 -0.930311 -0.298514 
-0.021976 -0.939171 -0.342747 
-0.059508 -0.952013 -0.300215 
-0.265482 -0.838326 -0.476161 
-0.148449 -0.787089 -0.598710 
0.062324 -0.820329 -0.568486 
-0.071946 -0.890178 -0.449897 
-0.096302 -0.922830 -0.372977 
-0.025950 -0.984168 -0.175326 
-0.186415 -0.979635 -0.074599 
-0.023323 -0.993405 0.112261 
-0.016367 -0.984207 0.176263 
0.137215 -0.925962 0.351805 
0.347543 -0.929597 0.122731 
0.530830 -0.791446 0.303041 
0.612754 -0.786645 0.075641 
0.528041 -0.836929 0.143953 
0.525994 -0.816999 0.236311 
0.574981 -0.815187 0.069765 
0.567481 -0.805707 0.169710 
0.536158 -0.823695 0.184558 
0.418697 -0.907543 -0.032530 
0.500631 -0.865309 0.024673 
0.369346 -0.920789 0.125423 
0.291746 -0.938062 0.186882 
0.275175 -0.955140 0.109484 
0.475994 -0.877512 -0.058330 
0.303018 -0.929931 0.208348 
0.516816 -0.788924 0.332416 
0.681967 -0.610022 0.403478 
0.695603 -0.452592 0.557940 
0.544082 -0.461398 0.700776 
0.485414 -0.590219 0.644992 
0.414711 -0.469881 0.779248 
0.392521 -0.281945 0.875463 
0.262397 -0.126591 0.956620 
