-0.119127 0.944562 0.312449 
0.151394 0.941286 0.419066 
0.043146 0.910126 0.425230 
-0.051750 0.884205 0.477354 
0.179307 0.855700 0.542214 
0.214979 0.916290 0.380208 
0.199363 0.859836 0.484865 
0.042532 0.865177 0.525226 
0.037403 0.814465 0.584071 
0.151321 0.807165 0.581905 
-0.047967 0.895400 0.500107 
-0.112987 0.774127 0.656148 
-0.151068 0.567268 0.860867 
-0.268641 0.494763 0.837210 
-0.242550 0.593026 0.776787 
-0.098414 0.766816 0.680132 
-0.278948 0.794836 0.577461 
-0.181628 0.673610 0.753675 
-0.136410 0.505861 0.877684 
0.103138 0.478109 0.905090 
-0.116019 0.356988 0.961318 
-0.171132 0.385865 0.909585 
0.075747 0.474801 0.915265 
0.187378 0.439291 0.886191 
0.052754 0.407764 0.922686 
-0.072360 0.448286 0.900819 
-0.296335 0.497436 0.848517 
-0.187110 0.457061 0.877345 
-0.088548 0.207232 1.020711 
0.055491 0.106393 1.007296 
-0.036941 0.253884 0.982290 
-0.073968 0.457622 0.912486 
-0.131505 0.542137 0.839096 
-0.212331 0.568477 0.800266 
-0.254919 0.472742 0.851540 
-0.368814 0.588300 0.745285 
-0.379571 0.587264 0.715342 
-0.527128 0.578681 0.643626 
-0.448154 0.760556 0.523676 
-0.299376 0.718499 0.660308 
-0.492450 0.629330 0.637765 
-0.531373 0.753215 0.449550 
-0.471490 0.877953 0.253012 
-0.664152 0.764923 0.171755 
-0.551173 0.882868 -0.081010 
-0.443215 0.895141 -0.115543 
-0.309544 0.944750 -0.195938 
-0.530702 0.873307 -0.122284 
-0.344345 0.921454 -0.341410 
-0.257491 0.913483 -0.324701 
-0.169828 0.883975 -0.467698 
-0.083461 0.844333 -0.542766 
-0.050670 0.751637 -0.678640 
-0.008598 0.579256 -0.851874 
0.195155 0.568756 -0.824555 
0.332575 0.389175 -0.890505 
0.200902 0.173145 -1.002761 
0.048555 0.153054 -0.998230 
0.167869 -0.070196 -1.015452 
0.089562 0.167386 -1.012692 
0.208110 0.305050 -0.948593 
0.031660 0.376411 -0.945108 
-0.084631 0.383973 -0.926823 
0.020838 0.251777 -0.983860 
0.133177 0.111878 -1.000991 
0.081938 0.021245 -1.001708 
0.144573 -0.050653 -0.992813 
-0.076965 -0.018822 -1.022081 
-0.291606 -0.202338 -0.977316 
-0.212302 -0.425075 -0.912553 
-0.350163 -0.164575 -0.969307 
-0.461345 0.073300 -0.922506 
-0.568259 0.167622 -0.823394 
-0.556308 0.003307 -0.847360 
-0.550108 0.005907 -0.835079 
-0.589354 -0.126594 -0.810156 
-0.368792 -0.114099 -0.960330 
-0.209940 -0.107491 -0.984378 
-0.134493 -0.227811 -0.974744 
-0.159423 -0.236856 -0.958822 
-0.238316 -0.088651 -0.981869 
-0.163977 0.094728 -1.001740 
0.039251 0.082836 -1.016304 
0.075203 -0.061235 -1.006146 
0.290770 -0.205483 -0.970396 
0.171656 0.030177 -1.020142 
0.153795 -0.042973 -0.989882 
0.361130 0.025255 -0.957917 
0.157688 -0.065956 -1.011319 
-0.062468 0.095187 -1.030130 
-0.141160 0.138497 -0.984732 
0.063588 -0.048251 -1.035867 
-0.028796 -0.035873 -1.003061 
0.004539 0.048453 -1.002914 
-0.171149 -0.135006 -1.008474 
-0.404644 -0.149810 -0.934367 
-0.285218 0.101127 -0.994174 
-0.308664 -0.085950 -0.965490 
-0.387603 0.034592 -0.932792 
-0.225474 0.201003 -0.982386 
-0.428862 0.199752 -0.906902 
-0.239253 0.344026 -0.938976 
-0.223633 0.369139 -0.902833 
-0.075968 0.473852 -0.895830 
-0.005557 0.541228 -0.847697 
-0.140447 0.567960 -0.822914 
-0.007117 0.387858 -0.958073 
-0.066237 0.182877 -1.004336 
0.086669 0.043405 -1.016393 
0.004519 0.240772 -0.993870 
0.188428 0.453993 -0.918096 
0.333951 0.574771 -0.781544 
0.518321 0.657744 -0.607597 
0.547216 0.521197 -0.671796 
0.401131 0.474021 -0.810625 
0.604449 0.334899 -0.764745 
0.748279 0.159492 -0.686495 
0.864094 0.254184 -0.496439 
0.851976 0.201587 -0.485513 
0.729582 0.299207 -0.657466 
0.613229 0.192514 -0.793471 
0.516384 0.058759 -0.873576 
0.483950 0.265626 -0.859653 
0.296217 0.296555 -0.930053 
0.259627 0.135486 -0.970973 
0.055101 0.111020 -1.014269 
-0.078746 0.020593 -1.009462 
-0.287957 0.226117 -0.976170 
-0.413201 0.019357 -0.941650 
-0.344810 0.045108 -0.940001 
-0.141230 -0.018029 -1.015295 
-0.150482 -0.047002 -0.988017 
-0.239497 0.077963 -0.979882 
-0.373206 -0.079016 -0.947576 
-0.246764 0.138987 -0.992396 
-0.426168 -0.049912 -0.940946 
-0.347561 -0.245264 -0.928641 
-0.095260 -0.345169 -0.973108 
0.134226 -0.244453 -0.991982 
-0.114399 -0.399553 -0.955785 
-0.252921 -0.339345 -0.918319 
-0.410028 -0.300616 -0.877078 
-0.255847 -0.477508 -0.872594 
-0.031187 -0.478513 -0.906041 
-0.195862 -0.519287 -0.850425 
-0.203039 -0.532982 -0.821899 
-0.092797 -0.743198 -0.712318 
0.218020 -0.761406 -0.685041 
0.013804 -0.752124 -0.688256 
-0.281119 -0.726278 -0.693384 
-0.488489 -0.698192 -0.574467 
-0.661397 -0.518638 -0.596163 
-0.751698 -0.501986 -0.457823 
-0.733463 -0.362197 -0.611749 
-0.636773 -0.547953 -0.581854 
-0.621593 -0.418319 -0.682079 
-0.706522 -0.171847 -0.736215 
-0.799924 -0.020912 -0.632963 
-0.667692 -0.131009 -0.763758 
-0.620970 -0.224695 -0.757878 
-0.592090 -0.003411 -0.840221 
-0.563963 0.266463 -0.827021 
-0.482109 0.434747 -0.783694 
-0.320124 0.678467 -0.725224 
-0.152431 0.890926 -0.537999 
-0.329797 0.697419 -0.706782 
-0.426066 0.525082 -0.763406 
-0.588326 0.308859 -0.795091 
-0.635705 0.298925 -0.716727 
-0.582181 0.476423 -0.685157 
-0.563337 0.517186 -0.646800 
-0.579969 0.361428 -0.754400 
-0.742231 0.237961 -0.664660 
-0.762810 0.378456 -0.553843 
-0.831740 0.312091 -0.475275 
-0.912554 0.359433 -0.286839 
-0.985464 0.227664 -0.142076 
-1.005315 0.177820 0.069225 
-0.995228 0.162566 -0.088990 
-0.950094 0.345779 -0.118716 
-0.843554 0.509268 -0.340781 
-0.857042 0.433630 -0.290014 
-0.763888 0.484095 -0.478336 
-0.652484 0.538199 -0.552141 
-0.738168 0.311543 -0.653386 
-0.652129 0.391498 -0.658890 
-0.612290 0.511048 -0.617634 
-0.661422 0.288619 -0.738709 
-0.542957 0.498324 -0.717131 
-0.636121 0.547439 -0.571881 
-0.509794 0.517607 -0.713301 
-0.599232 0.540551 -0.606841 
-0.757483 0.381687 -0.575914 
-0.571769 0.449791 -0.730088 
-0.671108 0.234747 -0.741492 
-0.681726 0.143905 -0.722848 
-0.453349 0.131365 -0.935206 
-0.584708 0.158365 -0.814456 
-0.768360 0.119180 -0.671488 
-0.772321 0.389839 -0.577050 
