-0.609814 0.276536 0.767554 
-0.789020 0.126701 0.654517 
-0.889124 0.109918 0.485079 
-0.849846 0.232135 0.489924 
-0.963112 0.202760 0.290817 
-0.977530 0.090216 0.228758 
-0.941665 0.150640 0.323002 
-0.918413 -0.074009 0.474193 
-0.875952 -0.283498 0.444513 
-0.811709 -0.493091 0.385969 
-0.896231 -0.339413 0.337679 
-0.821147 -0.536602 0.290312 
-0.938866 -0.368980 0.186166 
-0.921319 -0.469949 -0.067645 
-0.819177 -0.597548 -0.013646 
-0.959137 -0.381258 -0.038753 
-0.898080 -0.443003 -0.066623 
-0.937496 -0.323704 -0.274146 
-0.987221 -0.193359 -0.149163 
-0.907613 -0.363878 -0.339249 
-0.909991 -0.417174 -0.168891 
-0.889627 -0.426871 -0.163263 
-0.900625 -0.331011 -0.353024 
-0.874556 -0.418867 -0.272253 
-0.892473 -0.326967 -0.329511 
-0.824245 -0.466928 -0.357173 
-0.875086 -0.453334 -0.222443 
-0.857065 -0.426792 -0.300509 
-0.957314 -0.274567 -0.219092 
-0.942667 -0.227495 -0.250278 
-0.995188 -0.051005 -0.206855 
-0.961759 -0.063319 -0.277379 
-0.965252 0.154121 -0.304203 
-0.979258 0.297383 -0.107353 
-1.011130 0.067948 -0.173900 
-1.024176 -0.097428 0.004212 
-0.994389 -0.110251 -0.086202 
-0.996572 -0.089735 -0.038461 
-1.020868 0.107340 0.166240 
-1.002987 0.144270 0.002806 
-1.007957 0.017273 -0.051891 
-1.007645 0.202592 0.187362 
-0.997918 0.188429 0.005476 
-1.029641 -0.059444 -0.133118 
-0.967911 -0.008765 -0.321437 
-0.950979 0.235833 -0.315866 
-0.953682 -0.002116 -0.389434 
-0.872660 -0.134370 -0.507424 
-0.795587 -0.122365 -0.606292 
-0.862430 0.126164 -0.555888 
-0.775263 0.144420 -0.624147 
-0.598801 0.118933 -0.840032 
-0.624590 0.341519 -0.742613 
-0.446042 0.389472 -0.830977 
-0.429434 0.396064 -0.811783 
-0.303298 0.436393 -0.858665 
-0.373696 0.588742 -0.744825 
-0.585463 0.532347 -0.655333 
-0.497524 0.742769 -0.519952 
-0.650126 0.498730 -0.654508 
-0.546067 0.507159 -0.673413 
-0.423680 0.384428 -0.858476 
-0.516325 0.448279 -0.746145 
-0.603222 0.521398 -0.625718 
-0.554552 0.591993 -0.591888 
-0.344482 0.650240 -0.723411 
-0.403635 0.521196 -0.765741 
-0.538547 0.559304 -0.654954 
-0.741428 0.579925 -0.446042 
-0.697155 0.455004 -0.584847 
-0.676450 0.510189 -0.536328 
-0.633032 0.443285 -0.649575 
-0.430234 0.394211 -0.865865 
-0.231315 0.501699 -0.862541 
-0.174082 0.580530 -0.803183 
-0.411527 0.710533 -0.649998 
-0.155943 0.725354 -0.719503 
-0.373854 0.737426 -0.611971 
-0.326092 0.677083 -0.665745 
-0.115776 0.741379 -0.697354 
0.027414 0.645350 -0.787409 
-0.015548 0.785375 -0.650278 
0.100930 0.634457 -0.804342 
0.307276 0.723871 -0.670279 
0.443041 0.778432 -0.497803 
0.394526 0.744064 -0.543840 
0.461373 0.711547 -0.535191 
0.391857 0.854775 -0.399462 
0.380400 0.835498 -0.396587 
0.243212 0.844409 -0.509349 
0.213240 0.737441 -0.669718 
0.208673 0.641510 -0.748312 
-0.019941 0.582762 -0.852333 
0.068667 0.593393 -0.807510 
0.309030 0.634732 -0.751168 
0.406100 0.658376 -0.648928 
0.391571 0.736747 -0.563424 
0.238246 0.842052 -0.520199 
0.486566 0.719386 -0.569713 
0.631101 0.730886 -0.361249 
0.431436 0.868712 -0.342706 
0.342172 0.835471 -0.453161 
0.191106 0.924326 -0.380735 
0.058005 0.964614 -0.302228 
-0.148724 0.991824 -0.213132 
0.040744 0.988679 -0.238226 
0.137626 0.967962 -0.231625 
0.315442 0.925289 -0.283655 
0.454916 0.905242 -0.129703 
0.338903 0.934182 -0.166190 
0.133067 1.021395 -0.049890 
0.198269 0.969609 -0.290591 
0.047284 0.985067 -0.230386 
0.233104 0.953142 -0.272687 
0.065961 0.920740 -0.460037 
-0.194348 0.957916 -0.352600 
-0.354486 0.842570 -0.462511 
-0.556046 0.691902 -0.528344 
-0.729186 0.510728 -0.518891 
-0.810590 0.312707 -0.538956 
-0.926006 0.221344 -0.375875 
-0.955324 0.356312 -0.159892 
-0.955214 0.257374 -0.174026 
-0.935536 0.194436 -0.349317 
-1.027997 0.124865 -0.089806 
-0.979869 0.039309 -0.303196 
-0.957710 -0.157079 -0.310699 
-0.996628 -0.066946 -0.173901 
-0.980114 -0.306935 -0.095119 
-0.982081 -0.247720 0.075061 
-0.986539 -0.225871 -0.122502 
-0.998972 -0.049536 -0.185622 
-0.985631 -0.226830 -0.115416 
-0.976825 -0.306851 0.125051 
-1.002572 -0.179766 -0.024023 
-0.948946 -0.355174 -0.150257 
-0.851271 -0.515823 -0.221616 
-0.945276 -0.416662 -0.000542 
-0.912288 -0.409499 -0.083562 
-0.926860 -0.417553 0.156606 
-0.893225 -0.462073 0.049363 
-0.856541 -0.510478 0.119809 
-0.929568 -0.384797 0.097235 
-0.892935 -0.473128 -0.013881 
-0.813083 -0.605751 0.143859 
-0.737946 -0.695145 0.020719 
-0.636602 -0.788610 -0.191333 
-0.551258 -0.877461 0.060160 
-0.600486 -0.817893 -0.177729 
-0.762647 -0.695245 -0.019763 
-0.914084 -0.479976 -0.068379 
-0.818984 -0.585150 -0.076353 
-0.840195 -0.521110 -0.214845 
-0.868481 -0.381291 -0.388017 
-0.822405 -0.597467 -0.213240 
-0.697928 -0.637442 -0.393065 
-0.605748 -0.787191 -0.252198 
-0.730793 -0.643437 -0.299805 
-0.851740 -0.477263 -0.297744 
-0.834426 -0.491890 -0.252756 
-0.903759 -0.422212 -0.155295 
-0.800042 -0.521618 -0.426648 
-0.875947 -0.395725 -0.325372 
-0.867674 -0.223233 -0.511385 
-0.727622 -0.064707 -0.754461 
-0.513328 -0.108770 -0.887536 
-0.365546 -0.240474 -0.920802 
-0.561337 -0.335503 -0.796697 
-0.585391 -0.559891 -0.645509 
-0.496842 -0.334011 -0.864317 
-0.582008 -0.476640 -0.697706 
-0.458388 -0.636282 -0.653506 
-0.492010 -0.742651 -0.493858 
-0.416880 -0.740381 -0.533804 
-0.447150 -0.614585 -0.678168 
-0.424883 -0.400148 -0.859227 
-0.640919 -0.255602 -0.772920 
-0.602441 -0.331643 -0.731281 
-0.709687 -0.207951 -0.693754 
-0.844623 -0.208654 -0.535047 
-0.829655 -0.295790 -0.483898 
-0.859920 -0.220429 -0.467739 
-0.980560 -0.107224 -0.291981 
-1.010639 -0.269551 -0.030196 
-0.991500 -0.187433 0.204234 
-0.891323 -0.424354 0.324318 
-0.886928 -0.514101 0.093715 
-0.841809 -0.551482 -0.007606 
-0.677029 -0.791673 0.016596 
-0.542310 -0.851847 0.016667 
-0.381857 -0.944406 -0.096802 
-0.209910 -0.996266 -0.023124 
-0.020208 -1.020746 0.119981 
0.021895 -1.005771 0.014817 
0.020366 -1.000779 -0.059509 
0.192339 -0.990136 -0.133243 
0.433319 -0.941276 -0.015545 
0.536871 -0.853200 -0.039272 
0.522623 -0.853546 0.000092 
0.458729 -0.891665 0.200087 
