-0.045009 -0.966298 0.253462 
-0.252384 -0.940935 0.225707 
-0.163182 -0.969017 0.185414 
-0.303590 -0.881604 0.361396 
-0.160108 -0.794035 0.586408 
-0.253810 -0.848576 0.464219 
-0.283365 -0.921002 0.267318 
-0.374593 -0.926964 0.020425 
-0.384688 -0.921986 0.044234 
-0.468339 -0.880013 0.078969 
-0.377037 -0.883772 0.277111 
-0.467396 -0.859800 0.205633 
-0.615274 -0.780232 0.112586 
-0.570276 -0.753848 0.326342 
-0.440919 -0.786725 0.432035 
-0.479345 -0.773994 0.413718 
-0.706870 -0.547897 0.447373 
-0.756135 -0.530263 0.383512 
-0.802365 -0.446620 0.395905 
-0.786155 -0.419307 0.454030 
-0.644840 -0.535737 0.545130 
-0.702195 -0.377932 0.603399 
-0.806728 -0.154003 0.570502 
-0.744112 -0.128112 0.655655 
-0.732050 0.083720 0.676087 
-0.800527 -0.002518 0.599292 
-0.706665 0.106619 0.699469 
-0.784878 0.160320 0.598551 
-0.678017 0.063884 0.732264 
-0.727989 -0.140084 0.671125 
-0.818692 -0.079671 0.568679 
-0.712417 -0.262735 0.650717 
-0.673793 -0.359734 0.645441 
-0.653490 -0.467844 0.595040 
-0.799345 -0.322131 0.507227 
-0.638496 -0.551560 0.536753 
-0.598585 -0.374079 0.708351 
-0.594318 -0.509523 0.622232 
-0.763742 -0.404181 0.503325 
-0.891833 -0.180986 0.414582 
-0.940918 0.072535 0.330776 
-0.906383 0.003436 0.422444 
-0.756227 0.183193 0.628141 
-0.559924 0.302407 0.771386 
-0.693571 0.087320 0.715077 
-0.704313 -0.033797 0.709085 
-0.684192 -0.241055 0.688313 
-0.597745 -0.414541 0.686190 
-0.703032 -0.432218 0.564743 
-0.814008 -0.419186 0.402088 
-0.843469 -0.471471 0.257440 
-0.818846 -0.569196 0.074212 
-0.738826 -0.610327 0.285722 
-0.706551 -0.642321 0.297000 
-0.629862 -0.721654 0.287210 
-0.617575 -0.689132 0.379075 
-0.766487 -0.594992 0.241831 
-0.731312 -0.656096 0.186337 
-0.865823 -0.434026 0.248943 
-0.872831 -0.470779 0.128584 
-0.806603 -0.579241 0.117778 
-0.788300 -0.515889 0.335324 
-0.808534 -0.446340 0.383476 
-0.937445 -0.169942 0.303837 
-0.958790 -0.061423 0.277395 
-0.847454 -0.245203 0.470847 
-0.897097 -0.149985 0.415598 
-0.943953 -0.071037 0.322345 
-0.890231 0.114779 0.440811 
-0.893044 -0.038585 0.448311 
-0.951188 0.166633 0.259758 
-0.958821 -0.002905 0.283997 
-0.884273 -0.034583 0.465689 
-0.938393 0.187336 0.290385 
-0.922151 0.304591 0.238458 
-0.869878 0.151540 0.469412 
-0.881155 0.398097 0.255116 
-0.791503 0.461718 0.400424 
-0.702505 0.592903 0.393640 
-0.720517 0.470485 0.509410 
-0.668071 0.309407 0.676719 
-0.575797 0.149519 0.803805 
-0.601964 0.009027 0.798472 
-0.737353 0.036144 0.674540 
-0.807157 0.150202 0.570909 
-0.776610 0.013905 0.629829 
-0.733399 0.171446 0.657824 
-0.633290 0.119058 0.764702 
-0.506176 -0.005596 0.862412 
-0.689224 -0.046501 0.723055 
-0.767213 -0.003519 0.641383 
-0.894030 -0.086103 0.439655 
-0.862865 0.092639 0.496872 
-0.762178 -0.124309 0.635320 
-0.691969 -0.074463 0.718077 
-0.714406 0.138439 0.685900 
-0.680729 0.146546 0.717727 
-0.552995 0.261485 0.791089 
-0.725413 0.195043 0.660101 
-0.724345 0.381102 0.574530 
-0.601967 0.575965 0.553082 
-0.582509 0.576307 0.573195 
-0.655302 0.533325 0.534924 
-0.468073 0.552703 0.689512 
-0.605830 0.506003 0.613947 
-0.533684 0.475443 0.699382 
-0.334384 0.538891 0.773165 
-0.259109 0.468193 0.844783 
-0.154853 0.504387 0.849479 
-0.173880 0.440874 0.880566 
-0.183829 0.619608 0.763081 
-0.170355 0.759572 0.627718 
-0.340046 0.640165 0.688881 
-0.296320 0.650290 0.699512 
-0.370780 0.653704 0.659692 
-0.303646 0.520269 0.798197 
-0.129282 0.402606 0.906198 
-0.136905 0.557580 0.818756 
0.059081 0.598521 0.798925 
-0.252784 0.519417 0.816276 
-0.339597 0.671731 0.658370 
-0.179932 0.800211 0.572090 
-0.265783 0.728852 0.630979 
-0.405747 0.658166 0.634182 
-0.136216 0.711765 0.689084 
-0.215102 0.786151 0.579395 
0.001879 0.792054 0.610449 
-0.223693 0.842735 0.489652 
-0.090957 0.776545 0.623462 
-0.038333 0.888023 0.458198 
-0.213501 0.772216 0.598414 
-0.003480 0.861004 0.508587 
-0.196336 0.829783 0.522411 
-0.061483 0.921222 0.384147 
-0.166191 0.953569 0.251172 
-0.218731 0.859661 0.461671 
-0.320403 0.890982 0.321704 
-0.276028 0.946171 0.169023 
-0.177736 0.963151 0.201867 
0.026140 0.978168 0.206167 
0.012282 0.976571 0.214845 
-0.063496 0.930968 0.359537 
0.052035 0.971662 0.230575 
0.070930 0.994143 0.081543 
0.022040 0.999396 0.026886 
-0.022313 0.999749 -0.001854 
0.212596 0.957553 -0.194666 
0.085618 0.960308 -0.265477 
0.219559 0.927710 -0.301906 
0.273427 0.845653 -0.458376 
0.098505 0.751499 -0.652338 
-0.030123 0.836868 -0.546576 
-0.249235 0.787869 -0.563156 
-0.423933 0.838503 -0.342335 
-0.243686 0.926023 -0.288268 
-0.406576 0.900258 -0.155662 
-0.386932 0.894809 -0.222710 
-0.400978 0.905871 -0.136434 
-0.597189 0.781454 -0.180816 
-0.433762 0.896362 -0.091578 
-0.515014 0.850367 -0.107875 
-0.500220 0.819805 -0.278746 
-0.579136 0.779978 -0.237141 
-0.466758 0.869020 -0.164135 
-0.528060 0.848338 0.038411 
-0.559998 0.823835 -0.087735 
-0.693159 0.703196 0.158259 
-0.679847 0.675654 0.285131 
-0.648705 0.757776 0.070412 
-0.546477 0.831318 0.101354 
-0.583201 0.791749 0.181686 
-0.687457 0.606572 0.399342 
-0.580201 0.759354 0.294530 
-0.547282 0.820847 0.163376 
-0.534542 0.837819 0.111016 
-0.425109 0.891573 -0.156141 
-0.557801 0.828639 0.047055 
-0.683342 0.729864 0.018523 
-0.618138 0.768292 -0.166233 
-0.453912 0.793040 -0.406265 
-0.577800 0.588514 -0.565507 
-0.370574 0.707942 -0.601243 
-0.448543 0.549802 -0.704647 
-0.537872 0.466699 -0.702058 
-0.747676 0.484350 -0.454297 
-0.631652 0.403540 -0.661945 
-0.464565 0.487606 -0.739202 
-0.556818 0.492736 -0.668704 
-0.588069 0.361506 -0.723525 
-0.536457 0.437266 -0.721811 
-0.547315 0.586543 -0.597005 
-0.437642 0.657520 -0.613301 
-0.274613 0.797778 -0.536784 
-0.323653 0.884877 -0.335026 
-0.146151 0.833991 -0.532070 
-0.331292 0.773960 -0.539659 
-0.136811 0.927836 -0.346990 
-0.294050 0.800556 -0.522154 
-0.258920 0.726482 -0.636541 
-0.382474 0.640020 -0.666399 
