176
167
205
184
173
178
189
163
180
204
184
196
165
186
166
180
157
233
176
169
198
194
146
160
179
171
200
169
206
181
184
180
171
184
194
189
190
135
176
163
172
192
157
185
174
206
186
185
170
173
161
178
164
168
196
190
192
185
183
195
166
206
194
194
193
178
190
148
180
174
186
166
160
151
153
153
156
184
161
176
185
165
186
181
183
167
159
170
166
180
148
192
191
167
206
175
178
166
183
148
174
190
186
188
169
196
174
186
198
165
174
181
192
154
176
154
194
152
194
169
160
174
157
170
198
142
168
164
193
173
172
181
210
157
185
189
181
204
179
197
176
221
190
171
164
167
174
148
192
194
189
168
174
181
161
177
178
171
164
159
202
172
172
168
185
172
200
207
177
191
182
193
185
175
160
177
170
208
212
171
177
175
151
175
149
191
160
152
154
164
159
185
192
139
200
175
203
171
194
192
