162
188
158
185
171
176
183
135
171
148
171
179
175
174
161
210
174
199
175
197
195
182
159
192
174
174
193
202
177
179
191
189
224
167
175
213
188
177
176
172
234
190
163
154
193
192
186
183
188
191
182
182
156
177
175
167
153
196
157
172
173
189
169
179
173
171
161
178
194
188
158
172
177
161
179
186
156
185
168
161
204
163
178
186
164
174
185
177
172
175
184
182
185
177
176
184
185
179
164
164
183
171
185
165
197
186
171
164
208
162
184
214
159
154
194
179
190
171
166
188
179
175
197
199
175
186
179
184
209
169
184
200
171
183
170
151
215
206
173
177
186
145
173
155
186
170
175
185
201
186
160
178
180
175
195
153
187
170
198
201
191
173
156
163
174
179
166
156
202
193
184
158
207
200
197
200
172
197
153
193
181
189
207
176
170
163
201
174
185
198
211
168
196
141
194
174
187
193
204
185
