194
207
165
187
185
117
171
183
178
184
183
168
188
173
169
197
165
188
176
160
142
163
190
179
165
210
182
169
212
178
183
174
182
154
165
200
181
165
189
185
177
182
163
161
159
176
183
189
178
183
173
154
213
191
174
189
163
183
179
176
164
177
184
188
165
187
208
185
204
166
171
183
177
217
170
185
177
133
169
175
188
206
191
158
218
179
174
208
173
187
166
157
154
166
172
173
175
170
178
174
205
196
167
180
165
172
193
198
169
203
176
162
183
178
184
161
180
178
209
194
180
171
187
168
182
184
169
181
137
181
189
176
171
163
194
189
188
167
199
174
181
178
161
168
165
166
156
191
146
191
167
176
176
174
182
156
184
205
172
190
154
180
174
173
157
189
181
153
159
184
150
152
187
157
176
186
173
190
143
197
175
189
206
171
169
153
207
191
164
150
166
199
176
176
183
157
158
212
197
179
