-0.450940 0.483776 0.785119 
-0.370421 0.202584 0.969922 
-0.224405 -0.023883 1.009919 
-0.390624 -0.053217 0.936607 
-0.567230 0.023775 0.849755 
-0.673012 -0.201203 0.759029 
-0.466294 -0.293530 0.871259 
-0.532921 -0.349448 0.780243 
-0.527287 -0.511016 0.702148 
-0.422618 -0.340214 0.881961 
-0.226379 -0.190320 0.992168 
-0.354763 -0.020267 0.958650 
-0.601084 -0.232444 0.839133 
-0.772118 0.031500 0.716534 
-0.698524 -0.061385 0.720735 
-0.700561 -0.229892 0.696643 
-0.682594 -0.323140 0.663014 
-0.782577 -0.439660 0.495773 
-0.750091 -0.378590 0.548600 
-0.782710 -0.473039 0.432495 
-0.841861 -0.370221 0.410632 
-0.841148 -0.298461 0.459180 
-0.751682 -0.237606 0.654489 
-0.848190 0.025660 0.600688 
-0.925502 0.269347 0.412453 
-0.880107 0.001635 0.566017 
-0.736439 0.136316 0.703227 
-0.643694 -0.097910 0.805796 
-0.505882 -0.350187 0.838985 
-0.329193 -0.371561 0.886496 
-0.376056 -0.421795 0.829676 
-0.300979 -0.367068 0.886884 
-0.166646 -0.188275 0.999749 
-0.148682 -0.008723 1.004714 
-0.305236 -0.049717 0.965326 
-0.490010 0.110347 0.900806 
-0.547461 0.134880 0.830625 
-0.619850 0.277051 0.755096 
-0.677138 0.407308 0.639498 
-0.738423 0.290821 0.622492 
-0.724713 0.361639 0.591681 
-0.802429 0.181813 0.601258 
-0.887915 0.048527 0.495189 
-0.974671 -0.005162 0.308259 
-0.998252 -0.141295 0.157570 
-0.977314 -0.092731 0.201388 
-0.957923 -0.239215 0.217357 
-0.973886 -0.230218 0.105830 
-0.964871 -0.364933 -0.164234 
-0.885721 -0.337867 -0.405905 
-0.891639 -0.412370 -0.251660 
-0.907843 -0.444918 -0.084091 
-0.851072 -0.485404 -0.307893 
-0.703866 -0.615044 -0.420337 
-0.857196 -0.484857 -0.293397 
-0.859567 -0.464088 -0.224139 
-0.985002 -0.293178 -0.086988 
-0.891521 -0.452481 -0.236517 
-0.953550 -0.274913 -0.223524 
-0.866334 -0.457069 -0.293049 
-0.919853 -0.448081 -0.070662 
-0.825623 -0.591280 -0.017387 
-0.653685 -0.807760 0.094797 
-0.498200 -0.886963 0.013932 
-0.349377 -0.952793 -0.125808 
-0.383869 -0.921304 -0.084818 
-0.560568 -0.839714 -0.151582 
-0.646386 -0.754159 -0.167077 
-0.636055 -0.730042 -0.272404 
-0.794413 -0.621422 -0.172147 
-0.720268 -0.720518 -0.018831 
-0.694698 -0.726567 0.260725 
-0.749962 -0.726043 -0.038415 
-0.503319 -0.919115 0.006504 
-0.488509 -0.872739 -0.015244 
-0.574005 -0.819901 -0.282542 
-0.653063 -0.756501 -0.158768 
-0.709741 -0.684169 -0.194276 
-0.802608 -0.655310 0.068032 
-0.742156 -0.646026 0.284802 
-0.810713 -0.539091 0.261201 
-0.861729 -0.544950 0.059824 
-0.808858 -0.587395 0.070506 
-0.824385 -0.544757 0.217393 
-0.876939 -0.384153 0.365884 
-0.998978 -0.169872 0.228551 
-0.875735 -0.425941 0.400687 
-0.939763 -0.275497 0.281288 
-0.866645 -0.181733 0.548910 
-0.833353 -0.340151 0.469637 
-0.872812 -0.410807 0.315469 
-0.831814 -0.397500 0.398192 
-0.990211 -0.168362 0.285376 
-1.006655 0.012394 0.173320 
-0.949313 0.218435 0.364669 
-0.884760 0.303763 0.367111 
-1.007831 0.200534 0.142480 
-0.945934 0.265770 0.216040 
-0.948271 0.196691 0.262702 
-0.952620 0.137608 0.278053 
-0.927167 0.360790 0.248082 
-0.838268 0.579708 0.157158 
-0.887236 0.511508 -0.057447 
-0.955661 0.338930 -0.077822 
-0.978706 0.267320 0.114993 
-0.983136 0.088588 0.305852 
-0.958850 0.106730 0.265753 
-0.930853 0.251837 0.305837 
-1.015603 0.172638 0.074552 
-1.005536 0.103324 -0.083128 
-1.031009 -0.086922 0.162313 
-1.015806 0.040509 0.021792 
-1.005832 -0.020711 -0.185604 
-0.999694 0.162252 -0.112385 
-0.948166 0.260322 -0.256960 
-0.995420 0.147193 -0.132837 
-0.971924 0.227701 -0.105282 
-0.931521 0.277052 -0.335521 
-0.920260 0.380321 -0.195294 
-0.907496 0.362350 -0.213938 
-0.973700 0.166324 -0.263682 
-0.947958 0.249264 -0.219605 
-0.900125 0.355402 -0.285112 
-0.959166 0.117744 -0.363565 
-0.907016 0.152211 -0.397708 
-0.881015 0.052798 -0.489997 
-0.948917 0.232701 -0.328972 
-0.890067 0.361359 -0.310791 
-0.908156 0.281799 -0.320145 
-0.972477 0.088122 -0.297761 
-0.963347 0.179602 -0.229017 
-1.002935 0.127276 -0.075620 
-0.983295 0.092114 -0.210238 
-1.014491 0.063977 -0.029930 
-1.009084 -0.039120 0.142243 
-0.999744 -0.083915 0.054151 
-0.967808 -0.272102 0.264566 
-0.825312 -0.516807 0.378706 
-0.832114 -0.518779 0.237538 
-0.842947 -0.376269 0.472837 
-0.924578 -0.159937 0.417937 
-0.877373 -0.320772 0.394021 
-0.777160 -0.490157 0.443584 
-0.728715 -0.560109 0.404487 
-0.599794 -0.715607 0.411073 
-0.471762 -0.711402 0.555048 
-0.489660 -0.720300 0.495045 
-0.392144 -0.837436 0.417356 
-0.403466 -0.734485 0.577984 
-0.548718 -0.699032 0.489945 
-0.398867 -0.761494 0.538037 
-0.375207 -0.739154 0.560570 
-0.359979 -0.656728 0.678227 
-0.521534 -0.647450 0.585999 
-0.584016 -0.490999 0.673489 
-0.507006 -0.325439 0.834200 
-0.419011 -0.518934 0.776414 
-0.246174 -0.608119 0.779018 
-0.209058 -0.460046 0.882190 
-0.422844 -0.512883 0.784770 
-0.178275 -0.572872 0.840057 
-0.055276 -0.385679 0.954112 
-0.254707 -0.431862 0.890838 
-0.347222 -0.449468 0.830332 
-0.155529 -0.392163 0.934243 
-0.367844 -0.415546 0.861563 
-0.139665 -0.309989 0.980359 
-0.129532 -0.246648 0.961988 
-0.347210 -0.205488 0.941652 
-0.354844 -0.126480 0.929483 
-0.322843 -0.133490 0.937594 
-0.499626 -0.260263 0.858070 
-0.481252 -0.180210 0.861381 
-0.274155 -0.208912 0.967560 
-0.343433 -0.375657 0.883137 
-0.325987 -0.351891 0.877742 
-0.350778 -0.425794 0.838607 
-0.223267 -0.510774 0.844251 
-0.094682 -0.496195 0.873079 
-0.223875 -0.702412 0.731838 
-0.237745 -0.607024 0.764085 
-0.246734 -0.712190 0.671951 
-0.082663 -0.718907 0.710414 
-0.327315 -0.563140 0.819484 
-0.292815 -0.371783 0.904964 
-0.339430 -0.341865 0.878207 
-0.208354 -0.504482 0.863667 
-0.048768 -0.479252 0.891254 
-0.032779 -0.572990 0.826819 
-0.062281 -0.646144 0.767054 
0.087993 -0.499209 0.896656 
-0.111029 -0.328249 0.976881 
-0.215021 -0.418796 0.895888 
-0.080054 -0.218640 1.008238 
0.170424 -0.432230 0.946120 
0.221511 -0.169166 0.996887 
0.081739 -0.213606 0.983939 
0.319750 -0.351740 0.923737 
0.175974 -0.601256 0.834780 
0.433512 -0.706692 0.649898 
