-0.851938 -0.461045 0.298690 
-0.786035 -0.568800 0.273859 
-0.769526 -0.653926 0.114406 
-0.929553 -0.454234 0.034572 
-1.003032 -0.232347 -0.079072 
-0.967450 -0.191812 -0.223505 
-0.990819 -0.033474 -0.207156 
-0.932699 -0.188399 -0.397544 
-0.979659 -0.105262 -0.245721 
-0.948792 -0.051556 -0.327836 
-0.884173 -0.210195 -0.474091 
-0.810573 -0.007985 -0.646868 
-0.684601 -0.158678 -0.743416 
-0.621857 -0.416742 -0.714467 
-0.567359 -0.428124 -0.704836 
-0.555830 -0.549411 -0.639040 
-0.483891 -0.750813 -0.513386 
-0.268990 -0.736457 -0.676210 
0.019879 -0.820707 -0.645212 
0.352255 -0.811815 -0.574830 
0.469460 -0.677390 -0.591422 
0.327513 -0.665065 -0.693495 
0.182477 -0.714166 -0.692738 
0.375447 -0.603598 -0.739042 
0.137828 -0.621306 -0.810033 
0.000863 -0.647386 -0.775015 
-0.035788 -0.686695 -0.729412 
-0.121399 -0.715924 -0.694350 
-0.009523 -0.864752 -0.553668 
0.044412 -0.822551 -0.570697 
0.274659 -0.863402 -0.490166 
0.473880 -0.824778 -0.383253 
0.553616 -0.718986 -0.444027 
0.578620 -0.836289 -0.199604 
0.779580 -0.673539 -0.110202 
0.678218 -0.747925 -0.033011 
0.636039 -0.772610 -0.028800 
0.795647 -0.647670 0.184327 
0.810050 -0.553244 0.214417 
0.865895 -0.423649 0.318582 
0.710431 -0.550195 0.524226 
0.626021 -0.741856 0.357475 
0.631990 -0.723707 0.285062 
0.683952 -0.678950 0.275721 
0.783888 -0.629062 0.141979 
0.792318 -0.541969 0.373609 
0.638957 -0.587621 0.549663 
0.665667 -0.585063 0.470000 
0.600563 -0.606215 0.529153 
0.514598 -0.551487 0.681676 
0.350779 -0.709770 0.652418 
0.446493 -0.486265 0.803384 
0.632443 -0.370685 0.718452 
0.459298 -0.425337 0.804907 
0.403077 -0.411451 0.819398 
0.317416 -0.285561 0.922811 
0.510687 -0.235421 0.853339 
0.282501 -0.302774 0.945012 
0.179847 -0.422209 0.902759 
-0.037350 -0.466523 0.911047 
-0.036957 -0.446389 0.894134 
0.045476 -0.385283 0.927990 
0.293413 -0.423963 0.893471 
0.513954 -0.441671 0.776200 
0.359296 -0.593167 0.752056 
0.442663 -0.619701 0.660013 
0.374877 -0.768438 0.553963 
0.443806 -0.730540 0.525358 
0.291876 -0.881401 0.437580 
0.417208 -0.752356 0.551941 
0.472017 -0.698124 0.543462 
0.700210 -0.657616 0.392210 
0.792224 -0.510901 0.374505 
0.849926 -0.268319 0.544525 
0.882890 -0.365971 0.359694 
0.844222 -0.234404 0.528338 
0.745408 -0.089808 0.705590 
0.709023 -0.222943 0.682811 
0.714979 -0.198966 0.670737 
0.860548 -0.155555 0.527944 
0.824745 -0.086173 0.565144 
0.882251 0.054694 0.496482 
0.823208 0.336762 0.542085 
0.816052 0.133304 0.599409 
0.817415 -0.100442 0.613289 
0.851097 0.095309 0.555535 
0.972308 0.199308 0.313740 
0.927630 0.235774 0.293230 
0.866544 0.453493 0.307884 
0.928092 0.439489 0.070853 
0.986730 0.274852 -0.102157 
1.021961 0.046252 -0.080896 
1.007072 0.187756 0.144289 
0.995706 0.129925 0.051251 
0.988304 0.115318 0.125085 
1.027573 -0.050678 -0.054922 
0.993844 0.033080 -0.195109 
0.934673 0.285431 -0.384365 
0.921695 0.239270 -0.313177 
0.838418 0.379435 -0.443423 
0.673335 0.537344 -0.570819 
0.732678 0.431755 -0.539714 
0.899632 0.228147 -0.462448 
0.786418 0.102305 -0.661943 
0.761255 0.112228 -0.638807 
0.643668 0.175794 -0.767625 
0.752267 0.281683 -0.629677 
0.770381 0.323926 -0.555653 
0.861880 0.076447 -0.566608 
0.948823 -0.118917 -0.398150 
0.853895 -0.013623 -0.562622 
0.803779 0.187837 -0.602344 
0.715803 0.333061 -0.637399 
0.864320 0.239672 -0.496039 
0.721745 0.392515 -0.619040 
0.570111 0.416436 -0.732996 
0.408468 0.419299 -0.832507 
0.315782 0.270310 -0.931378 
0.256027 0.189185 -0.953361 
0.438782 0.119996 -0.912629 
0.446528 0.295483 -0.863802 
0.514399 0.255804 -0.823121 
0.425507 0.062645 -0.934095 
0.626594 -0.079274 -0.820796 
0.456841 -0.256944 -0.888219 
0.342724 -0.099424 -0.956094 
0.251718 -0.088022 -0.967999 
0.278768 -0.299522 -0.937524 
0.407366 -0.294989 -0.875721 
0.401873 -0.281445 -0.871448 
0.482414 -0.245787 -0.845745 
0.319971 -0.066212 -0.985602 
0.080858 -0.194457 -1.014208 
-0.148048 -0.181442 -0.998346 
-0.180125 -0.169663 -0.969596 
-0.239779 -0.253079 -0.943223 
-0.027125 -0.128550 -1.024735 
-0.263695 -0.245466 -0.970412 
-0.084374 -0.328163 -0.960752 
0.102195 -0.492871 -0.900994 
0.059076 -0.445857 -0.894875 
0.255106 -0.429271 -0.888475 
0.376583 -0.564778 -0.766116 
0.577169 -0.556874 -0.641836 
0.653288 -0.610406 -0.483372 
0.549073 -0.725824 -0.444027 
0.328179 -0.778388 -0.602406 
0.117803 -0.749954 -0.689104 
0.007307 -0.725963 -0.696510 
0.165242 -0.644825 -0.770636 
0.378504 -0.555885 -0.775114 
0.328727 -0.429613 -0.855299 
0.348080 -0.535586 -0.780420 
0.508354 -0.593809 -0.657997 
0.428081 -0.734874 -0.558921 
0.297997 -0.695452 -0.678181 
0.168742 -0.816875 -0.586395 
-0.006111 -0.717615 -0.740876 
0.118830 -0.832429 -0.586901 
-0.125225 -0.841941 -0.578387 
-0.232702 -0.763679 -0.617238 
-0.146598 -0.706130 -0.705979 
-0.325525 -0.575750 -0.786058 
-0.250733 -0.456626 -0.868607 
-0.461562 -0.451237 -0.795605 
-0.638189 -0.332556 -0.728873 
-0.647954 -0.021430 -0.828168 
-0.550849 0.116292 -0.841993 
-0.416031 0.063273 -0.922032 
-0.622365 0.168759 -0.806829 
-0.650031 0.322504 -0.711270 
-0.594806 0.109797 -0.835189 
-0.784810 0.041338 -0.670339 
-0.587475 0.022684 -0.851745 
-0.523218 0.315666 -0.845801 
-0.544126 0.185436 -0.827871 
-0.638365 -0.072214 -0.814045 
-0.565534 0.039262 -0.833898 
-0.568581 -0.190252 -0.832549 
-0.573315 -0.217575 -0.791066 
-0.659461 -0.370307 -0.685478 
-0.705837 -0.398936 -0.594523 
-0.657106 -0.597034 -0.510332 
-0.798546 -0.413038 -0.495210 
-0.593055 -0.605419 -0.611382 
-0.600695 -0.376054 -0.754175 
-0.705938 -0.367691 -0.626620 
-0.649766 -0.489533 -0.597368 
-0.532647 -0.686250 -0.547840 
-0.564103 -0.537253 -0.653234 
-0.405451 -0.732142 -0.604046 
-0.461680 -0.592682 -0.680436 
-0.522391 -0.433643 -0.757491 
-0.413228 -0.288214 -0.892906 
-0.378870 -0.428091 -0.834682 
-0.457008 -0.264967 -0.868719 
-0.582519 -0.089522 -0.836625 
-0.522182 -0.274499 -0.830258 
-0.519655 -0.507077 -0.732252 
-0.393237 -0.572771 -0.732544 
