0.352385 -0.106956 0.946533 
0.299862 0.008397 0.962332 
0.321663 -0.040104 0.947579 
0.602655 -0.209618 0.843445 
0.312172 -0.136773 0.996869 
0.344579 -0.096122 0.935736 
0.328132 -0.337290 0.915106 
0.326678 -0.429019 0.849201 
0.328329 -0.282841 0.915377 
0.544318 -0.375624 0.795102 
0.336906 -0.427428 0.868140 
0.371840 -0.337852 0.869616 
0.364974 -0.164737 0.934829 
0.256302 -0.443088 0.909732 
0.255844 -0.209597 0.973265 
0.210065 -0.260919 0.944752 
0.047685 -0.313913 0.963698 
-0.222806 -0.172928 1.007574 
-0.024059 -0.146052 1.008052 
0.001905 -0.389822 0.954289 
-0.006239 -0.182415 1.005715 
0.237769 -0.339993 0.956142 
0.153301 -0.163756 0.993732 
0.248823 -0.182088 0.956769 
0.326794 -0.407333 0.888135 
0.371289 -0.338363 0.868256 
0.223852 -0.333251 0.929712 
0.242938 -0.435707 0.874575 
0.163014 -0.318305 0.947382 
0.286819 -0.275493 0.926961 
0.537170 -0.426631 0.795144 
0.557996 -0.534492 0.656966 
0.409832 -0.792101 0.551270 
0.454215 -0.727736 0.518577 
0.422494 -0.621041 0.691424 
0.595935 -0.646765 0.531460 
0.541967 -0.807124 0.343526 
0.637486 -0.632975 0.508621 
0.490322 -0.642147 0.616001 
0.571376 -0.541911 0.629610 
0.409603 -0.537827 0.766741 
0.382344 -0.589992 0.715095 
0.452909 -0.595411 0.668946 
0.277416 -0.525079 0.845026 
0.291130 -0.702347 0.690248 
0.034480 -0.605051 0.857503 
-0.140572 -0.655549 0.767633 
-0.161690 -0.622661 0.766362 
-0.350850 -0.764286 0.610626 
-0.497038 -0.842645 0.361707 
-0.582291 -0.760876 0.310941 
-0.609851 -0.659281 0.484245 
-0.534336 -0.647476 0.552594 
-0.618666 -0.618145 0.496255 
-0.809110 -0.413506 0.502503 
-0.675689 -0.633295 0.457241 
-0.665500 -0.669434 0.348144 
-0.529887 -0.826342 0.288036 
-0.622843 -0.848110 -0.027210 
-0.357372 -0.975452 -0.100032 
-0.169858 -1.000814 -0.067104 
0.024198 -1.004355 -0.242590 
0.071392 -0.909436 -0.488049 
-0.125562 -0.886869 -0.485600 
-0.026542 -0.844856 -0.548327 
-0.202456 -0.819791 -0.564566 
-0.334343 -0.879001 -0.402927 
-0.150831 -0.861059 -0.535633 
-0.141017 -0.925128 -0.387130 
-0.033609 -0.926840 -0.388868 
-0.002389 -0.920603 -0.391757 
0.133787 -0.884707 -0.475677 
0.241797 -0.954394 -0.287254 
0.462623 -0.860170 -0.323041 
0.465443 -0.812393 -0.354756 
0.200731 -0.895707 -0.507785 
0.002967 -0.881181 -0.510331 
0.151230 -0.775788 -0.654942 
0.158364 -0.894470 -0.471208 
0.182318 -0.852439 -0.492290 
0.294137 -0.849518 -0.453659 
0.312446 -0.931546 -0.272695 
0.469185 -0.884170 -0.181331 
0.507638 -0.853128 -0.136495 
0.316673 -0.941034 -0.282041 
0.232386 -0.963520 -0.183924 
0.344049 -0.944243 -0.099601 
0.334361 -0.945924 -0.016811 
0.538170 -0.867257 -0.185452 
0.654873 -0.760357 -0.137612 
0.704566 -0.689242 -0.199222 
0.814788 -0.611898 -0.048917 
0.921725 -0.444181 0.054393 
0.794747 -0.633836 0.193718 
0.611104 -0.800414 0.215970 
0.663107 -0.754589 0.095932 
0.518593 -0.888712 -0.056056 
0.638835 -0.766386 -0.322684 
0.776608 -0.598856 -0.289852 
0.628993 -0.770227 -0.251471 
0.756793 -0.666444 -0.144742 
0.798617 -0.584699 -0.170538 
0.747700 -0.596466 -0.342939 
0.724534 -0.494270 -0.523528 
0.685976 -0.669833 -0.369313 
0.666856 -0.658698 -0.348686 
0.622646 -0.664158 -0.422690 
0.502041 -0.707320 -0.523687 
0.298579 -0.740670 -0.648136 
0.000176 -0.754941 -0.724062 
0.004666 -0.815041 -0.594883 
0.221913 -0.822132 -0.568098 
0.335074 -0.729801 -0.614878 
0.368988 -0.795859 -0.499217 
0.273655 -0.772279 -0.588395 
0.136046 -0.835646 -0.554280 
-0.148373 -0.801311 -0.654040 
-0.072273 -0.744692 -0.668887 
-0.065732 -0.870930 -0.523659 
-0.182316 -0.790940 -0.606355 
-0.101492 -0.828015 -0.560308 
-0.031695 -0.663661 -0.807016 
-0.336762 -0.632357 -0.762055 
-0.471361 -0.674356 -0.604655 
-0.532697 -0.608563 -0.594670 
-0.750343 -0.515614 -0.488299 
-0.904961 -0.312724 -0.394901 
-0.863962 -0.115600 -0.551299 
-0.857176 0.054738 -0.538965 
-0.905086 -0.044688 -0.446495 
-0.771604 0.065842 -0.705024 
-0.856106 0.175802 -0.532062 
-0.848309 -0.089618 -0.587715 
-0.801220 -0.140272 -0.584701 
-0.797818 0.061351 -0.634733 
-0.853595 0.133030 -0.523336 
-0.775119 0.164051 -0.624052 
-0.813300 0.097959 -0.580193 
-0.833151 0.326603 -0.507134 
-0.883666 0.167971 -0.468321 
-0.802909 0.182359 -0.585000 
-0.633663 0.296426 -0.764429 
-0.766944 0.230792 -0.630303 
-0.702529 0.105591 -0.723495 
-0.685083 0.296321 -0.693016 
-0.642144 0.414541 -0.657671 
-0.820594 0.374330 -0.496012 
-0.824499 0.513060 -0.323984 
-0.862332 0.298514 -0.492521 
-0.900215 0.075698 -0.483406 
-0.778022 0.071275 -0.659516 
-0.666919 0.276067 -0.733681 
-0.844358 0.233968 -0.547248 
-0.760815 0.217360 -0.620888 
-0.778221 0.444734 -0.510602 
-0.877458 0.388509 -0.344549 
-0.835367 0.247172 -0.553108 
-0.857389 -0.028799 -0.583619 
-0.834907 -0.223450 -0.540244 
-0.813374 -0.025281 -0.619175 
-0.775616 -0.280449 -0.621128 
-0.867025 -0.131248 -0.520346 
-0.791521 -0.282571 -0.569448 
-0.765684 -0.150766 -0.643675 
-0.744672 -0.360978 -0.601214 
-0.881514 -0.236868 -0.467296 
-0.776608 -0.441418 -0.505668 
-0.702288 -0.239635 -0.742190 
-0.631905 -0.425666 -0.678708 
-0.741330 -0.467726 -0.519837 
-0.788403 -0.242820 -0.617619 
-0.741954 -0.332623 -0.590663 
-0.745014 -0.370817 -0.556810 
-0.753120 -0.392781 -0.529011 
-0.924736 -0.189495 -0.434381 
-0.992625 -0.152767 -0.212342 
-0.896034 -0.361891 -0.385245 
-0.896830 -0.184787 -0.440893 
-0.842875 -0.132874 -0.534863 
-0.840649 0.044814 -0.569218 
-0.906681 0.074610 -0.440391 
-0.959157 -0.140197 -0.344112 
-0.928892 -0.128159 -0.347838 
-0.853213 -0.064168 -0.573145 
-0.864250 0.070450 -0.518156 
-0.897894 0.238169 -0.419474 
-0.879138 0.004687 -0.545383 
-0.756658 -0.096608 -0.678097 
-0.714885 -0.014869 -0.705308 
-0.578445 -0.167592 -0.834171 
-0.560704 -0.182857 -0.807827 
-0.536461 -0.164001 -0.828668 
-0.482364 -0.219687 -0.851837 
-0.359860 0.017224 -0.978446 
-0.155651 0.228770 -1.004361 
-0.012513 0.227273 -0.983549 
-0.244989 0.062285 -1.008920 
-0.147932 0.225610 -0.981060 
0.026185 0.243686 -0.985031 
-0.121978 0.199433 -0.984394 
