163
151
208
202
181
158
211
196
167
193
186
214
154
188
173
156
147
166
192
181
163
163
155
182
176
195
168
155
176
191
166
176
204
149
206
196
188
164
185
189
154
179
183
189
200
190
175
200
189
172
173
187
188
155
198
170
166
191
156
177
188
159
145
192
186
161
190
178
194
175
168
181
163
175
165
166
162
191
166
191
185
167
159
163
196
178
172
175
159
158
174
159
175
187
168
197
217
164
187
165
178
144
223
149
181
180
129
167
181
179
174
176
171
161
153
163
149
164
193
161
187
197
183
185
133
174
175
188
179
169
157
181
177
163
155
183
190
173
178
176
171
146
212
150
165
194
160
169
176
187
178
170
174
171
170
168
187
200
169
160
161
188
186
188
179
200
138
153
203
169
184
148
166
186
186
191
165
190
193
199
163
155
205
174
173
180
192
172
171
156
184
183
179
153
161
149
201
168
182
171
