-0.735713 0.593102 0.375741 
-0.562579 0.697894 0.503404 
-0.731669 0.648922 0.324965 
-0.738201 0.498629 0.513483 
-0.790382 0.355059 0.521374 
-0.967524 0.232575 0.314451 
-0.813519 0.421824 0.503676 
-0.789249 0.475818 0.402829 
-0.857919 0.324124 0.433040 
-0.866897 0.147179 0.514433 
-0.869706 0.145877 0.472979 
-0.731558 0.248904 0.693771 
-0.823152 0.054847 0.609205 
-0.788178 -0.112219 0.628520 
-0.637400 -0.242283 0.771259 
-0.752165 -0.067495 0.691976 
-0.692232 -0.317334 0.696821 
-0.635176 -0.214203 0.752764 
-0.705406 -0.202421 0.686197 
-0.553318 -0.235838 0.825792 
-0.333649 -0.462325 0.881547 
-0.117642 -0.448015 0.911435 
-0.261728 -0.663853 0.761632 
-0.208206 -0.729561 0.662885 
-0.231501 -0.789709 0.577995 
-0.060474 -0.880506 0.512627 
0.156588 -0.769444 0.687875 
0.330189 -0.598513 0.772929 
0.298600 -0.662271 0.694569 
0.226120 -0.831369 0.557139 
0.094399 -0.781045 0.637783 
0.078665 -0.913467 0.457661 
0.181062 -0.925485 0.360711 
0.242823 -0.972784 0.181308 
0.015046 -1.038758 0.026216 
-0.153117 -1.007050 -0.174694 
-0.095001 -0.950611 -0.352824 
-0.303500 -0.856294 -0.497644 
-0.339449 -0.884154 -0.353142 
-0.232687 -0.828858 -0.563372 
0.011267 -0.871974 -0.548006 
0.191754 -0.823552 -0.565073 
0.359868 -0.857977 -0.427233 
0.243443 -0.904999 -0.373847 
0.214241 -0.816551 -0.582727 
0.323491 -0.729590 -0.619034 
0.463616 -0.768176 -0.483974 
0.258434 -0.814370 -0.566249 
0.105344 -0.798191 -0.614133 
0.153005 -0.866896 -0.495880 
0.281315 -0.762543 -0.617621 
0.290694 -0.769331 -0.570563 
0.352946 -0.720058 -0.603606 
0.295452 -0.817866 -0.514410 
0.098078 -0.776445 -0.673293 
0.106694 -0.863786 -0.521666 
-0.090010 -0.822428 -0.601757 
-0.229738 -0.725311 -0.674425 
0.009544 -0.788410 -0.662880 
0.075540 -0.878514 -0.508000 
0.249539 -0.811129 -0.563357 
0.244876 -0.845820 -0.481821 
0.371145 -0.765578 -0.550683 
0.452884 -0.761052 -0.477105 
0.307780 -0.755354 -0.611389 
0.179172 -0.684066 -0.731936 
0.151058 -0.555496 -0.834323 
0.395997 -0.545229 -0.780226 
0.356823 -0.482804 -0.802847 
0.516695 -0.592327 -0.662820 
0.559756 -0.716966 -0.474155 
0.341320 -0.794709 -0.558737 
0.314311 -0.802118 -0.509995 
0.147416 -0.839612 -0.551646 
0.203376 -0.781795 -0.596384 
0.259163 -0.584754 -0.828738 
0.332911 -0.484908 -0.816937 
0.154774 -0.661229 -0.776673 
0.307681 -0.508015 -0.834537 
0.432235 -0.456642 -0.790057 
0.430516 -0.282290 -0.879345 
0.281948 -0.219593 -0.950239 
0.248279 -0.412426 -0.899407 
0.224988 -0.188778 -0.985556 
0.272370 -0.325363 -0.918958 
0.196599 -0.271866 -0.946929 
0.195151 -0.274067 -0.941709 
0.342464 -0.097169 -0.962658 
0.164100 0.175359 -1.025505 
0.152674 -0.010728 -1.004461 
0.017566 0.074692 -1.009670 
-0.126072 0.041450 -1.002010 
0.004218 0.275376 -0.997872 
0.014240 0.133490 -1.000489 
0.227126 0.262309 -0.970731 
0.003904 0.099746 -1.034094 
-0.090161 0.229932 -0.982810 
-0.183164 0.254766 -0.954685 
-0.004141 0.255219 -0.983725 
-0.194174 0.106579 -1.004647 
-0.130539 -0.092181 -1.008566 
-0.084685 -0.013403 -1.000289 
-0.152405 -0.240339 -0.987544 
-0.152105 -0.430217 -0.912519 
-0.215377 -0.331586 -0.925830 
-0.155914 -0.113218 -1.010558 
-0.392537 0.070452 -0.965346 
-0.194328 -0.031682 -1.005269 
-0.249211 0.126606 -0.974816 
-0.196674 0.039216 -0.984927 
-0.195964 -0.036104 -0.982826 
-0.382550 -0.000278 -0.944059 
-0.201166 -0.105568 -0.997435 
-0.328841 -0.136541 -0.944838 
-0.198016 -0.344116 -0.950005 
-0.299276 -0.487670 -0.844788 
-0.097336 -0.655991 -0.794617 
-0.060606 -0.750532 -0.675487 
-0.217757 -0.743934 -0.651406 
-0.214675 -0.792507 -0.577512 
0.063684 -0.911149 -0.511518 
0.205649 -0.860280 -0.488570 
0.218908 -0.705111 -0.734534 
0.350167 -0.590791 -0.746370 
0.354404 -0.391350 -0.882875 
0.312953 -0.337313 -0.890026 
0.070286 -0.335594 -0.973831 
0.118536 -0.497598 -0.880139 
-0.098175 -0.580657 -0.841562 
-0.231779 -0.544555 -0.817754 
-0.072076 -0.465878 -0.903750 
-0.196153 -0.611983 -0.796755 
-0.209852 -0.765652 -0.644992 
-0.394149 -0.609398 -0.734236 
-0.386550 -0.469815 -0.808628 
-0.322618 -0.588930 -0.755039 
-0.262139 -0.723754 -0.661736 
-0.363491 -0.862397 -0.446784 
-0.314383 -0.741943 -0.633246 
-0.330894 -0.642474 -0.701375 
-0.196156 -0.525897 -0.861577 
0.030468 -0.448384 -0.926734 
0.133203 -0.237304 -0.992189 
-0.133797 -0.342622 -0.972948 
-0.152670 -0.239161 -0.963859 
-0.148425 -0.275737 -0.950500 
-0.313571 -0.108231 -0.972509 
-0.160326 -0.038149 -1.000634 
0.056367 0.186876 -1.029628 
-0.069482 0.333789 -0.961032 
-0.100678 0.437228 -0.901927 
-0.105180 0.441121 -0.891316 
-0.109017 0.543250 -0.840265 
0.054737 0.466272 -0.903488 
0.242930 0.308697 -0.952916 
0.301510 0.090960 -0.975304 
0.497520 0.225251 -0.876029 
0.466783 0.361739 -0.820301 
0.459674 0.333427 -0.823573 
0.280027 0.574589 -0.825754 
0.188149 0.724898 -0.696375 
-0.043686 0.758474 -0.690798 
-0.152036 0.619923 -0.796179 
-0.369774 0.706405 -0.661052 
-0.235298 0.627035 -0.765113 
-0.012939 0.639560 -0.800869 
0.214128 0.526681 -0.862703 
0.406134 0.480161 -0.803686 
0.481388 0.434360 -0.766997 
0.495938 0.512717 -0.707815 
0.601577 0.494378 -0.640117 
0.551925 0.369002 -0.771021 
0.593265 0.427147 -0.690539 
0.458496 0.284420 -0.886434 
0.280971 0.092469 -0.995678 
0.044217 -0.025706 -1.033105 
0.035447 0.160711 -1.003706 
0.131554 -0.036568 -1.014562 
-0.052501 0.216220 -1.023616 
-0.168734 0.334874 -0.943962 
-0.339598 0.377050 -0.881549 
-0.138814 0.317967 -0.964363 
-0.025941 0.130230 -1.016075 
-0.025956 0.254653 -0.975202 
-0.043802 0.167668 -0.988926 
0.142238 -0.024118 -1.025627 
-0.020633 -0.137094 -1.009482 
0.148006 -0.318961 -0.969095 
0.294042 -0.464268 -0.866078 
0.375311 -0.725272 -0.668115 
0.202105 -0.758653 -0.642146 
0.178779 -0.577402 -0.841078 
-0.096193 -0.606541 -0.835504 
-0.238578 -0.514573 -0.840050 
-0.395951 -0.606224 -0.722802 
-0.337581 -0.491501 -0.818304 
-0.250447 -0.536508 -0.811751 
-0.207723 -0.477130 -0.858309 
-0.262070 -0.527299 -0.812893 
-0.254306 -0.730897 -0.678694 
