179
173
189
161
157
186
178
175
193
189
168
170
175
144
185
168
187
173
172
154
164
184
164
210
194
188
162
189
160
166
189
189
196
173
164
189
188
179
164
139
177
162
169
148
185
172
160
159
181
183
156
181
185
215
178
162
160
173
198
177
169
209
177
158
191
185
167
184
173
181
180
189
163
158
178
174
151
157
194
220
217
176
195
191
196
163
168
161
179
151
186
183
164
153
191
172
146
175
147
178
155
205
177
161
161
161
178
192
177
184
173
213
187
173
183
179
156
174
165
173
181
176
165
169
197
164
184
175
133
162
191
169
185
192
151
179
177
189
158
180
195
166
179
150
164
187
198
187
154
166
207
173
163
193
187
185
158
195
169
177
169
142
192
175
191
176
160
182
173
187
173
184
157
174
161
200
188
208
219
149
198
172
203
195
161
180
158
169
186
203
183
171
151
168
171
177
203
190
178
192
