0.867945 0.401342 0.374640 
0.961056 0.326843 0.164679 
0.865668 0.488490 0.223277 
0.919036 0.455625 0.002704 
0.893086 0.448471 0.247472 
0.948740 0.293926 0.203763 
0.934444 0.331934 0.146271 
0.993358 0.080291 0.324662 
0.871203 -0.018361 0.567375 
0.790904 -0.218605 0.611198 
0.662863 -0.281812 0.715488 
0.457984 -0.242564 0.899120 
0.424525 -0.248069 0.871062 
0.279428 -0.149918 0.969438 
0.228921 -0.358810 0.930667 
0.350511 -0.132685 0.962239 
0.231761 -0.308016 0.946279 
0.332336 -0.075041 0.973964 
0.224243 -0.322681 0.958041 
-0.051618 -0.186057 1.030262 
-0.272002 -0.009032 1.002151 
-0.291224 -0.001909 0.957158 
-0.323723 -0.019280 0.946730 
-0.239580 -0.039829 0.974309 
-0.216935 -0.074558 0.974209 
-0.416724 -0.248442 0.915538 
-0.287861 -0.467312 0.873895 
-0.392682 -0.559252 0.752464 
-0.576172 -0.526378 0.658924 
-0.518631 -0.522852 0.678906 
-0.556463 -0.553993 0.623615 
-0.501769 -0.580401 0.644580 
-0.564351 -0.537326 0.631450 
-0.497868 -0.579245 0.650487 
-0.570473 -0.544905 0.620468 
-0.620006 -0.466222 0.638100 
-0.626550 -0.596183 0.529765 
-0.521378 -0.497404 0.738083 
-0.446694 -0.564726 0.701434 
-0.649124 -0.512555 0.607047 
-0.602584 -0.359752 0.741967 
-0.526473 -0.523027 0.695301 
-0.576369 -0.411240 0.716828 
-0.413093 -0.555786 0.754570 
-0.464893 -0.540792 0.704454 
-0.321632 -0.420812 0.887665 
-0.412814 -0.288375 0.878199 
-0.399705 -0.367627 0.844126 
-0.203985 -0.303835 0.960156 
-0.348243 -0.070107 0.974004 
-0.279315 -0.186867 0.951115 
-0.188888 -0.125015 0.980554 
-0.194946 0.030973 0.992730 
-0.172029 -0.010370 0.986118 
-0.359623 0.157603 0.954078 
-0.343835 0.246187 0.911102 
-0.204446 0.272447 0.951694 
-0.293364 0.288273 0.916575 
-0.561346 0.182946 0.858859 
-0.506271 0.287253 0.821406 
-0.479771 0.321186 0.817607 
-0.561565 0.228556 0.804884 
-0.345634 0.383058 0.902043 
-0.275946 0.385515 0.882575 
-0.108635 0.371003 0.939124 
-0.030522 0.158153 1.015401 
-0.176852 0.130420 0.986874 
-0.063626 -0.124628 1.029558 
-0.140136 0.079324 1.010136 
-0.152023 0.186120 0.976921 
-0.137261 0.389152 0.934312 
-0.281105 0.374362 0.895967 
-0.226178 0.458791 0.865622 
-0.119164 0.443401 0.895400 
0.039845 0.362821 0.949437 
-0.188823 0.360140 0.941651 
-0.283210 0.146625 0.976390 
-0.156201 0.336815 0.956104 
-0.252515 0.239136 0.947253 
-0.291718 0.098754 0.962572 
-0.145487 -0.034579 1.009395 
-0.366656 -0.108886 0.954337 
-0.522627 0.013465 0.878068 
-0.495094 -0.203380 0.872268 
-0.490152 -0.185457 0.851806 
-0.563064 0.038079 0.858392 
-0.461732 -0.011641 0.894405 
-0.273823 -0.214959 0.981310 
-0.081486 -0.249588 0.983648 
-0.180882 -0.241607 0.958721 
-0.139965 -0.324659 0.940158 
-0.216424 -0.235233 0.954918 
-0.276869 -0.462119 0.877950 
-0.310735 -0.543700 0.789071 
-0.187757 -0.493858 0.862431 
-0.207119 -0.446959 0.871699 
0.023870 -0.643097 0.824562 
0.149401 -0.587078 0.806309 
0.237792 -0.743307 0.665522 
0.262212 -0.759879 0.598748 
0.382138 -0.836862 0.444624 
0.405103 -0.811818 0.421944 
0.469590 -0.802330 0.376871 
0.617885 -0.714449 0.370839 
0.634057 -0.789485 0.158939 
0.482929 -0.840584 0.346948 
0.611836 -0.718271 0.375871 
0.474141 -0.766871 0.464862 
0.476821 -0.831977 0.323314 
0.622471 -0.826771 0.084452 
0.506902 -0.857200 0.166978 
0.406031 -0.920912 0.087082 
0.544324 -0.847791 0.097113 
0.570041 -0.842011 -0.123316 
0.523014 -0.838981 -0.159775 
0.494816 -0.822292 -0.330440 
0.365848 -0.923948 -0.224561 
0.326370 -0.872313 -0.416035 
0.327354 -0.794612 -0.528984 
0.402637 -0.697897 -0.610212 
0.464880 -0.707073 -0.540908 
0.425050 -0.781476 -0.469870 
0.506040 -0.672525 -0.564843 
0.646528 -0.699098 -0.382911 
0.657882 -0.790749 -0.125829 
0.634303 -0.753015 -0.187248 
0.707189 -0.701103 -0.137260 
0.636485 -0.803312 0.058885 
0.781080 -0.658664 0.005667 
0.880656 -0.505496 0.163579 
0.810141 -0.495604 0.394501 
0.793685 -0.504272 0.343403 
0.788315 -0.483785 0.382765 
0.933107 -0.442238 0.134463 
0.818071 -0.590411 0.125450 
0.901226 -0.440169 0.155407 
1.000489 -0.263919 -0.018614 
0.937150 -0.354931 -0.193363 
0.800958 -0.542388 -0.400633 
0.793624 -0.613468 -0.196217 
0.626366 -0.766172 -0.280180 
0.745813 -0.685669 -0.128591 
0.883633 -0.516302 -0.063724 
0.954686 -0.333027 -0.154736 
0.977141 -0.222296 -0.103291 
1.006801 0.006271 -0.242269 
0.991439 0.085362 -0.152071 
0.967159 0.079753 -0.269433 
0.913290 0.103368 -0.429085 
0.818828 0.035979 -0.612466 
0.937669 0.117279 -0.410091 
0.825763 0.337474 -0.527326 
0.952890 0.161246 -0.369767 
0.837855 0.062045 -0.612199 
0.749863 -0.124599 -0.684404 
0.668740 -0.139499 -0.736419 
0.532820 -0.182961 -0.845500 
0.352925 -0.263605 -0.922198 
0.205940 -0.037113 -1.018805 
0.261332 -0.049131 -0.966261 
0.418595 0.120865 -0.930109 
0.385332 0.100178 -0.917842 
0.581442 0.090985 -0.835996 
0.654082 0.181245 -0.748293 
0.621670 0.346435 -0.722768 
0.537605 0.579422 -0.663276 
0.353300 0.624388 -0.723854 
0.388277 0.513774 -0.775249 
0.380962 0.455157 -0.807572 
0.475992 0.468455 -0.752476 
0.631995 0.472446 -0.643152 
0.452416 0.680199 -0.638558 
0.395737 0.504309 -0.806200 
0.595701 0.332592 -0.777136 
0.707100 0.235512 -0.687880 
0.669077 0.071855 -0.762036 
0.801545 0.132624 -0.617818 
0.815099 -0.017693 -0.598358 
0.879635 -0.131097 -0.487990 
0.836380 0.087864 -0.594775 
0.716082 0.308566 -0.679289 
0.711161 0.395030 -0.593246 
0.511480 0.591945 -0.689875 
0.458223 0.483068 -0.757704 
0.607543 0.373143 -0.725927 
0.416699 0.570363 -0.759738 
0.269474 0.643446 -0.734584 
0.356012 0.742448 -0.598134 
0.560609 0.713942 -0.481604 
0.686739 0.697176 -0.300772 
0.478579 0.848628 -0.344046 
0.515046 0.715433 -0.522047 
0.514428 0.826443 -0.322395 
0.559808 0.819821 -0.185954 
0.501769 0.897152 0.034486 
0.260477 0.994687 0.157473 
0.241631 0.958104 0.154073 
0.221662 0.935878 0.323317 
0.023842 0.986459 0.266518 
0.119457 0.918709 0.423948 
