178
180
174
163
190
198
200
163
212
193
186
180
165
200
186
163
171
207
207
163
169
154
187
185
185
198
163
178
150
211
189
170
208
206
147
182
167
199
175
196
161
159
162
179
179
154
191
161
168
189
163
196
182
200
201
188
165
163
190
178
178
169
180
194
187
156
182
178
163
204
168
190
164
175
154
218
205
170
202
145
199
186
173
191
128
181
190
166
195
191
165
195
172
185
183
199
196
166
162
172
168
190
157
172
199
191
189
206
170
193
189
190
157
194
185
213
185
161
171
185
174
151
186
167
196
207
199
179
194
191
209
159
150
164
189
206
150
178
176
165
186
191
175
175
174
195
201
211
170
177
171
195
188
196
163
202
178
173
191
193
170
173
154
168
167
202
184
176
170
178
141
160
171
156
182
167
195
177
203
168
169
236
173
172
214
165
181
171
179
171
208
160
177
183
168
191
203
177
164
169
