0.438466 0.808735 0.392040 
0.549831 0.652256 0.521774 
0.501204 0.737248 0.453057 
0.427939 0.870570 0.242849 
0.522968 0.702411 0.482829 
0.380121 0.708712 0.594336 
0.244081 0.856673 0.454462 
0.138784 0.873106 0.467359 
0.306730 0.752394 0.582940 
0.396789 0.840233 0.369548 
0.233135 0.841397 0.487543 
-0.004472 0.931622 0.363401 
0.136591 0.897396 0.419551 
0.094058 0.906785 0.410967 
-0.049498 0.974724 0.217858 
0.151869 0.977539 0.146129 
0.265916 0.913364 0.308310 
0.153836 0.973849 0.167193 
-0.059507 0.994958 0.080734 
0.173927 0.984580 0.018776 
0.028413 0.995143 -0.094248 
0.155075 0.964913 -0.211883 
0.274002 0.900488 -0.337703 
0.499883 0.734732 -0.458568 
0.643751 0.705587 -0.296195 
0.793528 0.514699 -0.324652 
0.665263 0.630586 -0.399734 
0.551479 0.780907 -0.293353 
0.429872 0.888282 -0.161755 
0.265403 0.961570 -0.070318 
0.386666 0.917608 -0.092118 
0.249071 0.966761 -0.057760 
0.446772 0.894435 -0.019523 
0.409317 0.912375 -0.005676 
0.248367 0.961753 0.115520 
0.271660 0.952356 0.138635 
0.027791 0.968025 0.249308 
-0.126321 0.977139 0.171005 
-0.209743 0.961603 0.176995 
-0.415754 0.908906 0.032243 
-0.538433 0.839908 -0.068148 
-0.317094 0.942741 0.103397 
-0.319637 0.905663 0.278579 
-0.419539 0.880269 0.221615 
-0.591184 0.796413 0.127384 
-0.529496 0.835756 0.145418 
-0.578453 0.734625 0.354568 
-0.454188 0.852151 0.259909 
-0.573943 0.810447 0.117327 
-0.545919 0.767914 0.335083 
-0.666391 0.651680 0.362265 
-0.557930 0.812635 0.168339 
-0.669661 0.738351 0.079948 
-0.578083 0.815943 0.007532 
-0.555268 0.830057 0.051806 
-0.367347 0.907923 0.201821 
-0.196189 0.929141 0.313381 
-0.282944 0.832646 0.476070 
-0.296781 0.906998 0.298790 
-0.113171 0.958410 0.261997 
-0.251134 0.964136 0.085871 
-0.256168 0.964458 -0.064791 
-0.302599 0.940934 -0.151914 
-0.312288 0.943940 -0.107024 
-0.287378 0.957811 0.003400 
-0.081111 0.981961 0.170801 
0.060183 0.994995 -0.079769 
-0.023606 0.955736 -0.293276 
-0.020465 0.885488 -0.464211 
0.117644 0.772953 -0.623461 
0.358954 0.589296 -0.723797 
0.481418 0.600495 -0.638468 
0.401941 0.700688 -0.589474 
0.297404 0.853790 -0.427310 
0.305837 0.856914 -0.414924 
0.467505 0.767788 -0.438110 
0.581589 0.751595 -0.311222 
0.781908 0.515388 -0.350706 
0.688145 0.590855 -0.421125 
0.833569 0.475390 -0.281368 
0.766902 0.438267 -0.468810 
0.611974 0.612990 -0.499731 
0.783111 0.418404 -0.460082 
0.719458 0.429645 -0.545697 
0.740486 0.374201 -0.558259 
0.570310 0.366590 -0.735090 
0.557651 0.407571 -0.723126 
0.432127 0.303277 -0.849288 
0.266050 0.519558 -0.811959 
0.249778 0.574641 -0.779358 
0.428103 0.633945 -0.644081 
0.361451 0.567103 -0.740099 
0.255027 0.671442 -0.695792 
0.493977 0.545268 -0.677251 
0.510494 0.690515 -0.512431 
0.261257 0.855356 -0.447337 
0.346472 0.915865 -0.202849 
0.266988 0.869548 -0.415457 
0.334130 0.898729 -0.283977 
0.165869 0.906007 -0.389408 
0.142929 0.847083 -0.511881 
0.247731 0.839206 -0.484111 
0.273356 0.929962 -0.245858 
0.419637 0.907361 0.024530 
0.393807 0.896517 0.202912 
0.425141 0.887033 0.180074 
0.526813 0.824134 0.208016 
0.696893 0.698836 0.161151 
0.712310 0.691504 -0.120156 
0.867445 0.496698 -0.028816 
0.761560 0.640648 -0.097959 
0.886416 0.438054 -0.149586 
0.906201 0.261986 -0.331908 
0.929668 0.338546 -0.145271 
0.797631 0.571338 -0.193280 
0.647244 0.735938 -0.198670 
0.573860 0.795631 -0.194049 
0.523473 0.851839 0.018615 
0.727601 0.679292 -0.095702 
0.644294 0.761792 0.067515 
0.732706 0.668650 -0.126686 
0.841533 0.539226 0.032513 
0.745479 0.666277 0.018329 
0.865591 0.497207 0.059484 
0.863234 0.503863 0.030795 
0.939669 0.321905 0.115755 
0.850629 0.467701 0.240179 
0.709589 0.588764 0.387092 
0.606012 0.740602 0.290274 
0.501392 0.842983 0.194899 
0.694028 0.693433 0.193585 
0.634746 0.750302 0.184783 
0.522391 0.825779 0.212595 
0.363663 0.889752 0.275844 
0.200123 0.890397 0.408832 
0.285870 0.839456 0.462161 
0.125457 0.758554 0.639419 
0.213604 0.746215 0.630505 
0.287631 0.610290 0.738115 
0.353341 0.717957 0.599740 
0.245078 0.785222 0.568651 
-0.024869 0.863720 0.503358 
-0.308905 0.845284 0.435973 
-0.316819 0.746938 0.584559 
-0.314856 0.635074 0.705370 
-0.254324 0.718562 0.647293 
-0.090277 0.776933 0.623078 
-0.199375 0.772283 0.603182 
-0.274456 0.845694 0.457686 
-0.421154 0.854276 0.304700 
-0.335486 0.916455 0.218083 
-0.569290 0.812779 0.123692 
-0.458775 0.844335 0.276812 
-0.353488 0.924883 0.140137 
-0.358463 0.933229 0.024241 
-0.188135 0.968382 -0.163831 
-0.310053 0.940454 -0.139333 
-0.205771 0.974816 0.085974 
-0.300295 0.924002 0.236732 
-0.430334 0.755611 0.493827 
-0.542179 0.778048 0.317306 
-0.404419 0.830029 0.384053 
-0.601675 0.726925 0.331011 
-0.752755 0.567504 0.333616 
-0.805987 0.413346 0.423710 
-0.818842 0.540770 0.192521 
-0.659292 0.690866 0.296713 
-0.607601 0.779780 0.150879 
-0.759713 0.629582 0.162674 
-0.799776 0.434241 0.414479 
-0.884950 0.306373 0.350712 
-0.732167 0.462501 0.500024 
-0.640584 0.409369 0.649668 
-0.570882 0.492644 0.656807 
-0.503184 0.502012 0.703414 
-0.363256 0.561205 0.743703 
-0.533996 0.606268 0.589311 
-0.607617 0.536406 0.585723 
-0.591529 0.529855 0.607740 
-0.589426 0.379746 0.713001 
-0.533503 0.364815 0.763076 
-0.613809 0.415029 0.671557 
-0.680399 0.427082 0.595532 
-0.672691 0.546917 0.498366 
-0.693196 0.578117 0.430418 
-0.526631 0.632303 0.568201 
-0.468370 0.670660 0.575191 
-0.533529 0.450223 0.715993 
-0.572470 0.377411 0.727901 
-0.554153 0.190660 0.810286 
-0.396196 0.122977 0.909893 
-0.178766 0.286205 0.941345 
-0.008812 0.150921 0.988507 
-0.145086 0.146670 0.978487 
0.041032 0.337780 0.940330 
0.123915 0.301243 0.945462 
0.128941 0.490598 0.861793 
0.160886 0.244683 0.956162 
0.075018 0.204798 0.975925 
0.294714 0.182023 0.938089 
