0.957050 0.166491 -0.293776 
0.922640 0.013586 -0.441150 
0.861669 0.068185 -0.514190 
0.856095 0.062963 -0.512995 
0.918262 0.172642 -0.395763 
0.883407 0.329826 -0.370348 
0.827875 0.489941 -0.324408 
0.745488 0.609646 -0.306259 
0.634409 0.721445 -0.319278 
0.744463 0.651453 -0.219527 
0.595596 0.786928 -0.260880 
0.754420 0.654086 -0.217571 
0.927852 0.423061 -0.207790 
0.823768 0.611478 -0.085074 
0.832971 0.548125 -0.095137 
0.761923 0.627942 -0.239806 
0.850945 0.489208 -0.252266 
0.862343 0.436416 -0.262183 
0.977812 0.276929 -0.142460 
0.848972 0.547868 -0.311327 
0.862577 0.525960 -0.118261 
0.792924 0.566263 -0.299273 
0.875971 0.413972 -0.301704 
0.963634 0.337882 -0.101966 
0.918988 0.471761 0.183752 
0.803755 0.543546 0.294719 
0.921039 0.468854 0.064229 
0.957871 0.321670 0.038112 
0.947851 0.287815 0.279653 
0.883057 0.287710 0.391517 
0.871420 0.485478 0.252107 
0.818074 0.597232 0.103381 
0.975439 0.335732 0.190115 
0.963812 0.177900 0.258289 
0.873571 0.283628 0.469011 
0.911040 0.306302 0.316726 
0.869409 0.317930 0.386909 
0.858308 0.188360 0.509714 
0.743858 0.111991 0.699040 
0.872609 0.114517 0.522113 
0.714474 0.055212 0.753728 
0.646905 -0.019218 0.768019 
0.625271 -0.336172 0.772629 
0.432518 -0.443155 0.815184 
0.314251 -0.457584 0.840314 
0.301431 -0.417038 0.858670 
0.185060 -0.434436 0.889851 
0.176909 -0.361186 0.918952 
0.114912 -0.455417 0.890458 
-0.007937 -0.368467 0.943161 
0.246633 -0.550014 0.860837 
0.231398 -0.347317 0.932577 
0.281230 -0.270154 0.925174 
0.238100 -0.132719 0.974073 
0.437206 0.090740 0.943913 
0.247393 -0.083277 0.999663 
0.321094 0.169279 0.968169 
0.271955 -0.071250 0.990235 
0.411182 0.105474 0.934184 
0.386227 -0.109098 0.940719 
0.511034 -0.246182 0.848841 
0.520297 -0.050069 0.874971 
0.686429 0.054414 0.759783 
0.645031 -0.124418 0.775732 
0.708113 0.149557 0.745578 
0.750092 0.300162 0.621041 
0.767582 0.456315 0.493216 
0.755237 0.430972 0.494238 
0.899223 0.321369 0.369393 
0.715161 0.549113 0.553133 
0.797401 0.432471 0.452065 
0.952967 0.214228 0.356112 
1.014468 0.111532 0.137582 
0.977136 -0.012665 0.290381 
0.969156 -0.165767 0.242277 
0.975643 -0.273835 0.089556 
0.907166 -0.524277 -0.126647 
0.791728 -0.680715 0.155691 
0.750577 -0.672290 0.024296 
0.665272 -0.757679 -0.032284 
0.768947 -0.647245 -0.212220 
0.614433 -0.733083 -0.378381 
0.583451 -0.778498 -0.262830 
0.618075 -0.735045 -0.284971 
0.735107 -0.714622 -0.077643 
0.674229 -0.722491 -0.208814 
0.797174 -0.578257 -0.262325 
0.888615 -0.392915 -0.318578 
0.954394 -0.303573 -0.173065 
0.891174 -0.523390 -0.040080 
0.769557 -0.680140 0.187331 
0.698271 -0.747284 -0.008720 
0.818403 -0.603000 -0.081042 
0.675233 -0.761580 -0.097960 
0.628462 -0.785140 -0.002155 
0.780792 -0.656167 0.088114 
0.685535 -0.698217 0.343750 
0.829993 -0.511612 0.322677 
0.852397 -0.415729 0.331097 
0.923394 -0.438814 0.105654 
0.830726 -0.563658 0.126575 
0.923300 -0.459240 -0.110725 
0.880188 -0.520019 0.129672 
0.723237 -0.683209 0.298069 
0.861289 -0.454372 0.353117 
0.682171 -0.576757 0.527392 
0.523922 -0.631342 0.598871 
0.560755 -0.728553 0.437465 
0.423176 -0.776610 0.491563 
0.281489 -0.720163 0.678331 
0.342574 -0.651984 0.682008 
0.514401 -0.719551 0.525542 
0.310758 -0.769879 0.599458 
0.223865 -0.820928 0.537895 
0.170469 -0.785759 0.601323 
0.305264 -0.613307 0.781735 
0.394645 -0.387542 0.871509 
0.489088 -0.121858 0.908735 
0.715096 -0.203270 0.731397 
0.534151 -0.292228 0.822427 
0.460906 -0.237697 0.860409 
0.434176 -0.447736 0.811322 
0.297430 -0.464683 0.845713 
0.106112 -0.386134 0.944498 
0.222250 -0.383662 0.904347 
-0.007017 -0.481536 0.911159 
0.022054 -0.512498 0.860408 
-0.235940 -0.417645 0.921518 
-0.391001 -0.345240 0.870790 
-0.481217 -0.408391 0.787688 
-0.576200 -0.351083 0.747380 
-0.557627 -0.519604 0.673243 
-0.694088 -0.646923 0.436346 
-0.753127 -0.623006 0.271748 
-0.693899 -0.526427 0.603228 
-0.570380 -0.611776 0.566356 
-0.599730 -0.628595 0.500562 
-0.470661 -0.514325 0.793329 
-0.326229 -0.452612 0.844294 
-0.513889 -0.587247 0.685242 
-0.460545 -0.564624 0.686275 
-0.244731 -0.771164 0.659809 
-0.024873 -0.873164 0.552523 
0.063755 -0.720934 0.734243 
-0.011782 -0.878204 0.542880 
0.089243 -0.968220 0.337603 
-0.084382 -0.951465 0.342323 
0.013024 -1.003946 0.176930 
0.018799 -1.008781 0.036705 
-0.122832 -0.995918 0.198064 
-0.317258 -0.956948 0.155571 
-0.174136 -0.944314 0.393359 
0.008458 -0.928141 0.413612 
-0.214975 -0.848614 0.556922 
-0.440089 -0.761698 0.532499 
-0.532629 -0.820283 0.317552 
-0.650632 -0.719995 0.287050 
-0.480993 -0.885391 0.214450 
-0.603067 -0.855912 -0.082598 
-0.704701 -0.714165 -0.169992 
-0.621859 -0.756029 -0.232114 
-0.591562 -0.832095 -0.039240 
-0.491112 -0.885444 0.142681 
-0.307113 -0.948864 0.221006 
-0.378735 -0.924250 0.127684 
-0.585338 -0.817433 0.233121 
-0.724493 -0.728578 0.053318 
-0.662934 -0.732820 0.274867 
-0.671213 -0.623556 0.450308 
-0.711850 -0.437233 0.600486 
-0.833709 -0.307215 0.501306 
-0.884563 -0.186381 0.449723 
-0.804503 -0.280669 0.546399 
-0.790604 -0.475828 0.444013 
-0.786656 -0.351496 0.528891 
-0.913439 -0.271865 0.372230 
-0.962319 -0.310635 0.160331 
-0.957102 -0.148264 0.353963 
-0.938600 -0.283138 0.256687 
-0.937158 -0.187033 0.314976 
-0.881377 -0.129975 0.494990 
-0.879015 -0.326227 0.408166 
-0.740721 -0.511433 0.501370 
-0.684734 -0.339199 0.697423 
-0.565354 -0.151226 0.854786 
-0.629897 -0.136195 0.771211 
-0.800140 -0.345505 0.588644 
-0.661784 -0.389555 0.658462 
-0.536199 -0.293295 0.823847 
-0.364354 -0.278186 0.908953 
-0.389844 -0.300975 0.871594 
-0.377712 -0.235138 0.898469 
-0.261077 -0.222322 0.947957 
-0.043226 -0.313330 0.978027 
-0.291504 -0.120703 0.999441 
-0.225272 -0.114002 0.969172 
-0.007835 0.068452 1.039606 
0.092066 0.195173 0.990037 
0.153193 -0.003161 1.009857 
0.356774 0.031113 0.957421 
