0.453055 0.835643 0.405084 
0.565007 0.670259 0.536175 
0.504816 0.742561 0.456322 
0.442847 0.900899 0.251309 
0.549018 0.737400 0.506880 
0.386475 0.720558 0.604270 
0.251625 0.883152 0.468509 
0.139588 0.878166 0.470068 
0.315588 0.774122 0.599775 
0.409349 0.866829 0.381245 
0.237978 0.858879 0.497673 
-0.004658 0.970444 0.378545 
0.138265 0.908398 0.424695 
0.094150 0.907680 0.411373 
-0.051095 1.006175 0.224888 
0.155420 1.000399 0.149546 
0.271818 0.933637 0.315153 
0.156666 0.991767 0.170269 
-0.061140 1.022271 0.082950 
0.179162 1.014214 0.019341 
0.028906 1.012384 -0.095881 
0.157500 0.980003 -0.215197 
0.278759 0.916120 -0.343565 
0.524291 0.770606 -0.480959 
0.659551 0.722905 -0.303465 
0.817935 0.530531 -0.334637 
0.677291 0.641987 -0.406961 
0.564710 0.799642 -0.300391 
0.439460 0.908095 -0.165363 
0.270927 0.981585 -0.071782 
0.390003 0.925527 -0.092913 
0.251908 0.977775 -0.058418 
0.457237 0.915388 -0.019981 
0.409709 0.913250 -0.005682 
0.253828 0.982901 0.118060 
0.271818 0.952911 0.138716 
0.028828 1.004158 0.258614 
-0.128243 0.992002 0.173606 
-0.210504 0.965095 0.177637 
-0.429980 0.940006 0.033346 
-0.546601 0.852651 -0.069182 
-0.331860 0.986643 0.108212 
-0.324846 0.920422 0.283119 
-0.422469 0.886416 0.223163 
-0.604908 0.814901 0.130341 
-0.531004 0.838135 0.145832 
-0.595229 0.755930 0.364851 
-0.463035 0.868750 0.264972 
-0.584585 0.825475 0.119503 
-0.559920 0.787609 0.343676 
-0.676115 0.661189 0.367551 
-0.579752 0.844418 0.174923 
-0.678418 0.748006 0.080993 
-0.583819 0.824040 0.007606 
-0.556013 0.831170 0.051876 
-0.379468 0.937880 0.208480 
-0.200417 0.949164 0.320135 
-0.289206 0.851074 0.486607 
-0.302398 0.924164 0.304444 
-0.115346 0.976828 0.267032 
-0.257585 0.988901 0.088076 
-0.259112 0.975543 -0.065536 
-0.304166 0.945804 -0.152700 
-0.312619 0.944940 -0.107138 
-0.289259 0.964081 0.003422 
-0.084104 1.018184 0.177101 
0.062786 1.038031 -0.083220 
-0.024263 0.982331 -0.301437 
-0.020821 0.900877 -0.472278 
0.121101 0.795669 -0.641783 
0.378250 0.620975 -0.762705 
0.486872 0.607298 -0.645701 
0.405746 0.707322 -0.595054 
0.306707 0.880497 -0.440677 
0.305873 0.857015 -0.414973 
0.475739 0.781312 -0.445827 
0.590259 0.762800 -0.315861 
0.821971 0.541796 -0.368675 
0.694902 0.596657 -0.425260 
0.856705 0.488584 -0.289177 
0.782936 0.447429 -0.478612 
0.629437 0.630482 -0.513991 
0.810978 0.433293 -0.476454 
0.723622 0.432132 -0.548855 
0.741849 0.374890 -0.559287 
0.588036 0.377984 -0.757937 
0.558204 0.407975 -0.723844 
0.441520 0.309870 -0.867749 
0.276523 0.540012 -0.843923 
0.250324 0.575897 -0.781061 
0.439896 0.651409 -0.661824 
0.364757 0.572291 -0.746870 
0.258147 0.679658 -0.704306 
0.512786 0.566031 -0.703039 
0.523191 0.707689 -0.525175 
0.274074 0.897319 -0.469283 
0.359168 0.949426 -0.210282 
0.274349 0.893523 -0.426912 
0.337957 0.909022 -0.287229 
0.169210 0.924252 -0.397250 
0.144300 0.855206 -0.516790 
0.249204 0.844193 -0.486988 
0.282635 0.961528 -0.254203 
0.440568 0.952619 0.025753 
0.400334 0.911375 0.206275 
0.425480 0.887740 0.180218 
0.530814 0.830393 0.209596 
0.713599 0.715589 0.165014 
0.741767 0.720101 -0.125125 
0.899074 0.514809 -0.029867 
0.775802 0.652628 -0.099791 
0.913500 0.451439 -0.154157 
0.936464 0.270735 -0.342992 
0.949244 0.345675 -0.148330 
0.828248 0.593268 -0.200699 
0.663751 0.754708 -0.203737 
0.576446 0.799216 -0.194923 
0.537150 0.874095 0.019101 
0.759702 0.709261 -0.099924 
0.657572 0.777492 0.068906 
0.753118 0.687277 -0.130215 
0.864857 0.554172 0.033414 
0.755133 0.674905 0.018566 
0.885381 0.508575 0.060844 
0.863611 0.504083 0.030809 
0.961873 0.329512 0.118490 
0.870060 0.478385 0.245665 
0.730079 0.605766 0.398270 
0.619377 0.756935 0.296676 
0.509163 0.856048 0.197919 
0.715300 0.714686 0.199518 
0.636920 0.752871 0.185416 
0.527426 0.833739 0.214644 
0.369818 0.904812 0.280512 
0.204670 0.910628 0.418121 
0.287710 0.844859 0.465136 
0.129584 0.783507 0.660454 
0.214463 0.749212 0.633038 
0.292834 0.621330 0.751467 
0.359645 0.730766 0.610440 
0.247205 0.792038 0.573587 
-0.025950 0.901256 0.525233 
-0.322710 0.883060 0.455457 
-0.321940 0.759011 0.594007 
-0.319183 0.643802 0.715063 
-0.256118 0.723630 0.651858 
-0.091694 0.789126 0.632857 
-0.200611 0.777070 0.606920 
-0.278947 0.859530 0.465174 
-0.430847 0.873939 0.311714 
-0.338654 0.925108 0.220142 
-0.591262 0.844149 0.128465 
-0.467340 0.860098 0.281980 
-0.360014 0.941957 0.142724 
-0.360904 0.939584 0.024406 
-0.194517 1.001232 -0.169388 
-0.312592 0.948155 -0.140474 
-0.212443 1.006428 0.088761 
-0.305527 0.940099 0.240856 
-0.455709 0.800166 0.522945 
-0.554424 0.795620 0.324473 
-0.409774 0.841019 0.389138 
-0.617848 0.746465 0.339909 
-0.771363 0.581532 0.341863 
-0.820224 0.420647 0.431194 
-0.848476 0.560340 0.199488 
-0.679277 0.711808 0.305707 
-0.617432 0.792397 0.153320 
-0.777533 0.644349 0.166490 
-0.843276 0.457859 0.437023 
-0.897366 0.310671 0.355632 
-0.758728 0.479279 0.518163 
-0.651531 0.416365 0.660770 
-0.574282 0.495579 0.660720 
-0.504911 0.503735 0.705828 
-0.367800 0.568224 0.753005 
-0.549102 0.623418 0.605981 
-0.610766 0.539186 0.588759 
-0.591761 0.530063 0.607979 
-0.599503 0.386238 0.725191 
-0.535071 0.365886 0.765317 
-0.619179 0.418660 0.677433 
-0.683942 0.429305 0.598632 
-0.680814 0.553521 0.504383 
-0.695286 0.579860 0.431716 
-0.540042 0.648404 0.582670 
-0.469524 0.672312 0.576608 
-0.553644 0.467197 0.742986 
-0.574469 0.378728 0.730443 
-0.566040 0.194749 0.827666 
-0.404169 0.125451 0.928203 
-0.185722 0.297341 0.977974 
-0.009035 0.154744 1.013546 
-0.146455 0.148054 0.987717 
0.042578 0.350506 0.975760 
0.124427 0.302488 0.949369 
0.131767 0.501347 0.880676 
0.166755 0.253610 0.991047 
0.075370 0.205760 0.980512 
0.302304 0.186711 0.962250 
