203
179
163
192
150
166
174
184
161
178
180
159
149
220
161
180
157
170
179
158
215
149
178
197
161
198
161
178
199
178
188
174
196
199
166
196
174
192
167
178
170
164
199
174
202
185
195
183
199
175
191
203
211
217
207
184
181
175
180
170
200
188
182
188
163
195
178
174
171
180
195
174
176
186
173
168
201
190
163
152
159
148
201
186
159
186
180
167
156
202
187
178
157
212
203
192
165
149
192
177
176
167
164
169
160
192
184
170
168
166
190
202
155
153
191
202
175
179
158
158
159
193
183
152
173
181
139
209
143
177
167
181
188
162
165
179
131
189
177
168
124
194
170
172
147
187
174
191
163
168
194
161
180
189
140
191
154
178
179
193
187
151
188
184
169
194
177
196
179
159
168
163
188
169
171
165
182
204
227
190
203
150
202
173
190
156
225
167
156
187
148
175
180
173
198
163
196
200
160
202
