173
196
160
190
155
182
162
166
167
204
180
164
204
190
169
182
217
186
184
181
163
191
186
153
183
167
182
204
202
166
168
186
170
207
170
180
202
197
209
187
163
166
173
174
200
140
167
193
196
151
171
171
183
162
192
193
191
170
188
216
171
164
211
179
166
173
185
165
177
167
184
171
190
158
177
157
184
141
209
180
163
157
212
185
190
176
185
172
204
175
202
187
181
175
199
195
161
191
190
173
186
187
133
171
203
177
208
156
145
193
169
191
193
176
168
163
189
168
197
172
180
170
189
202
186
176
185
169
155
186
157
159
176
214
189
158
192
186
193
172
145
176
153
168
162
181
179
185
159
168
175
210
167
170
194
158
161
183
172
153
189
174
171
190
187
182
171
211
185
188
186
141
137
173
156
211
178
182
193
186
208
182
190
154
189
155
212
213
170
202
170
167
173
138
179
188
196
178
167
185
