-0.197654 0.352392 -0.914742 
-0.404392 0.210397 -0.890056 
-0.200299 0.070329 -0.977207 
-0.284564 -0.136841 -0.948840 
-0.455712 -0.277795 -0.845669 
-0.316212 -0.364460 -0.875887 
-0.369994 -0.320958 -0.871832 
-0.524200 -0.422414 -0.739446 
-0.686573 -0.260020 -0.678975 
-0.615780 -0.154741 -0.772574 
-0.695588 -0.295097 -0.655038 
-0.812093 -0.377090 -0.445317 
-0.724474 -0.251120 -0.641931 
-0.808229 -0.351296 -0.472606 
-0.858823 -0.456132 -0.233167 
-0.882874 -0.349971 -0.313136 
-0.817503 -0.571293 -0.072897 
-0.700527 -0.662927 -0.264178 
-0.614430 -0.768995 -0.176414 
-0.756139 -0.650893 -0.067762 
-0.855553 -0.479331 -0.195628 
-0.729579 -0.518879 -0.445510 
-0.719702 -0.571529 -0.394188 
-0.699091 -0.468838 -0.539873 
-0.841489 -0.383870 -0.380184 
-0.800345 -0.132289 -0.584763 
-0.675928 -0.417295 -0.607442 
-0.741202 -0.224635 -0.632581 
-0.870346 -0.277535 -0.406783 
-0.798048 -0.487329 -0.354444 
-0.625720 -0.535713 -0.566998 
-0.417452 -0.614070 -0.669815 
-0.506254 -0.470242 -0.722897 
-0.246251 -0.632574 -0.734310 
-0.452870 -0.514368 -0.728241 
-0.281405 -0.487004 -0.826825 
-0.501408 -0.423920 -0.754243 
-0.338900 -0.605984 -0.719674 
-0.281701 -0.481958 -0.829675 
-0.476972 -0.377963 -0.793500 
-0.496990 -0.234736 -0.835404 
-0.705137 -0.122234 -0.698456 
-0.774199 0.013637 -0.632796 
-0.769131 0.131758 -0.625362 
-0.870883 0.060462 -0.487757 
-0.870340 0.200775 -0.449664 
-0.901290 -0.051824 -0.430106 
-0.948767 -0.014939 -0.315623 
-0.982460 0.080050 -0.168416 
-0.969398 0.152492 -0.192387 
-0.949417 0.044999 -0.310776 
-0.974046 -0.020936 -0.225379 
-0.932147 -0.251780 -0.260209 
-0.977911 -0.164430 -0.129049 
-0.953536 -0.295424 0.059110 
-0.969425 -0.161773 0.184510 
-0.940732 0.008690 0.339039 
-0.932748 -0.079954 0.351551 
-0.877342 -0.222785 0.425016 
-0.898260 0.012438 0.439288 
-0.908095 0.096161 0.407573 
-0.864333 -0.095025 0.493861 
-0.804520 0.084042 0.587949 
-0.884803 -0.000485 0.465965 
-0.813495 0.081809 0.575789 
-0.624733 0.259957 0.736295 
-0.755974 0.061559 0.651700 
-0.731318 -0.001896 0.682034 
-0.800370 -0.092106 0.592389 
-0.883208 -0.208066 0.420301 
-0.750713 -0.242276 0.614599 
-0.814815 -0.039163 0.578396 
-0.696024 -0.102725 0.710632 
-0.653541 -0.063930 0.754186 
-0.613188 0.011916 0.789847 
-0.771488 -0.187284 0.608054 
-0.860690 -0.273472 0.429448 
-0.760010 -0.161082 0.629633 
-0.865223 -0.319270 0.386594 
-0.755905 -0.484771 0.440006 
-0.878847 -0.318443 0.355278 
-0.841989 -0.205720 0.498731 
-0.878932 -0.239665 0.412359 
-0.800124 -0.402820 0.444451 
-0.850675 -0.332783 0.406948 
-0.695009 -0.530563 0.485248 
-0.575509 -0.624984 0.527432 
-0.669874 -0.619220 0.409677 
-0.762195 -0.629991 0.148896 
-0.716686 -0.587062 0.376457 
-0.624507 -0.592065 0.509362 
-0.534935 -0.443427 0.719178 
-0.349466 -0.346328 0.870592 
-0.121090 -0.243995 0.962187 
0.075411 -0.077278 0.994154 
0.107012 0.060303 0.992427 
0.113050 -0.161925 0.980306 
0.089570 -0.223037 0.970686 
0.100306 -0.056061 0.993376 
0.086962 -0.234858 0.968132 
-0.164420 -0.066040 0.984177 
-0.284397 -0.023648 0.958415 
-0.040516 0.098146 0.994347 
-0.077044 -0.142116 0.986847 
-0.193920 0.095694 0.976339 
-0.005437 0.113936 0.993473 
-0.197264 0.279632 0.939624 
-0.290507 0.068773 0.954398 
-0.265727 -0.106887 0.958105 
-0.303127 -0.327969 0.894735 
-0.142399 -0.517948 0.843476 
-0.280890 -0.702957 0.653416 
-0.311589 -0.763357 0.565860 
-0.476784 -0.712027 0.515455 
-0.435838 -0.561471 0.703417 
-0.272162 -0.539385 0.796863 
-0.440232 -0.430172 0.788129 
-0.401618 -0.589797 0.700602 
-0.328288 -0.726007 0.604269 
-0.492501 -0.683815 0.538368 
-0.563639 -0.542793 0.622645 
-0.399573 -0.480115 0.780917 
-0.533408 -0.565867 0.628705 
-0.424401 -0.393056 0.815715 
-0.185616 -0.493950 0.849447 
-0.231090 -0.596429 0.768680 
-0.361205 -0.467067 0.807081 
-0.534034 -0.447647 0.717231 
-0.428734 -0.639298 0.638346 
-0.349626 -0.737352 0.577991 
-0.220287 -0.662178 0.716236 
-0.231432 -0.665818 0.709314 
-0.212765 -0.469399 0.856969 
-0.345484 -0.659403 0.667704 
-0.298891 -0.765238 0.570153 
-0.470768 -0.790693 0.391385 
-0.313004 -0.695510 0.646757 
-0.490682 -0.490897 0.719897 
-0.263395 -0.656140 0.707180 
-0.250992 -0.816212 0.520386 
-0.398591 -0.659573 0.637251 
-0.315979 -0.558578 0.766908 
-0.417831 -0.540656 0.730143 
-0.573169 -0.371480 0.730397 
-0.606944 -0.536354 0.586467 
-0.772311 -0.361756 0.522176 
-0.611916 -0.494409 0.617348 
-0.451976 -0.500933 0.738095 
-0.445084 -0.329604 0.832623 
-0.587892 -0.502347 0.634059 
-0.616033 -0.639571 0.459840 
-0.709908 -0.678025 0.190559 
-0.759147 -0.650634 -0.019279 
-0.691642 -0.707400 -0.145664 
-0.609694 -0.689092 -0.391696 
-0.651201 -0.750282 -0.114083 
-0.607539 -0.788836 -0.092924 
-0.493190 -0.860330 0.128823 
-0.524013 -0.792073 0.313097 
-0.563164 -0.819785 0.103921 
-0.417880 -0.865181 0.277198 
-0.363569 -0.908279 0.206994 
-0.159697 -0.976812 0.142601 
-0.336901 -0.937010 0.092252 
-0.328317 -0.942901 0.056079 
-0.285249 -0.955011 -0.081157 
-0.376450 -0.924825 0.054636 
-0.555213 -0.831618 0.012246 
-0.453603 -0.889464 0.055652 
-0.458700 -0.886479 0.061238 
-0.235942 -0.969424 0.067441 
-0.277847 -0.958527 0.063464 
-0.430046 -0.869956 0.241323 
-0.265883 -0.927653 0.262235 
-0.271025 -0.873218 0.405012 
-0.241126 -0.948027 0.207613 
-0.297401 -0.935382 0.191346 
-0.134247 -0.990935 -0.005158 
-0.135760 -0.982029 -0.131100 
-0.051791 -0.997929 0.038145 
-0.271144 -0.929099 0.251506 
-0.107228 -0.983997 0.142310 
0.012961 -0.994215 0.106620 
0.178859 -0.942503 0.282309 
0.105683 -0.956659 0.271356 
0.076361 -0.975024 0.208560 
0.255813 -0.920794 0.294444 
0.296825 -0.842011 0.450459 
0.188993 -0.941685 0.278408 
0.389154 -0.886695 0.249661 
0.517334 -0.820243 0.244062 
0.424358 -0.883817 0.196946 
0.592229 -0.796966 0.118785 
0.370066 -0.928874 -0.015637 
0.540223 -0.830349 0.136675 
0.664619 -0.695753 0.272415 
0.790612 -0.612311 0.002734 
0.809889 -0.577956 -0.100237 
0.867860 -0.478668 -0.133029 
0.755073 -0.596569 -0.271976 
