203
201
180
169
173
179
185
186
207
154
188
178
195
178
149
178
184
208
183
148
174
170
150
176
163
168
191
186
190
187
158
173
182
195
177
154
184
168
182
141
155
200
163
172
143
195
166
173
159
166
173
170
154
161
199
179
170
158
188
177
180
169
183
150
161
155
154
183
158
157
183
211
173
166
211
176
156
191
213
201
185
160
200
182
172
163
168
197
191
194
199
202
191
151
175
171
186
193
190
202
192
173
209
193
172
165
184
164
156
196
190
180
190
177
195
192
191
149
168
152
159
170
166
175
173
174
184
192
148
203
180
179
168
178
156
177
178
178
180
192
193
191
156
175
141
194
210
155
195
189
196
157
197
189
184
181
167
200
156
153
169
155
173
163
179
177
158
168
188
185
202
143
178
179
175
162
188
182
160
197
180
162
176
178
163
211
174
162
170
176
179
189
178
178
197
166
190
159
183
186
