0.399631 -0.231598 0.886937 
0.229863 -0.245160 0.941838 
0.118959 -0.480430 0.868928 
0.328785 -0.431936 0.839840 
0.432536 -0.227059 0.872558 
0.505787 -0.094350 0.857483 
0.406013 -0.041185 0.912939 
0.591058 -0.194765 0.782763 
0.548115 -0.449861 0.705121 
0.566427 -0.531220 0.630052 
0.535994 -0.602670 0.591185 
0.383709 -0.505368 0.772897 
0.517698 -0.332699 0.788226 
0.549344 -0.430610 0.716098 
0.321807 -0.423579 0.846771 
0.270568 -0.645992 0.713783 
0.335907 -0.673655 0.658297 
0.295674 -0.709866 0.639271 
0.452728 -0.529976 0.717051 
0.524396 -0.551294 0.648909 
0.289732 -0.574882 0.765223 
0.281552 -0.625954 0.727262 
0.154674 -0.711326 0.685632 
0.109095 -0.721064 0.684225 
0.250042 -0.719268 0.648176 
0.336212 -0.543968 0.768805 
0.522280 -0.584507 0.620947 
0.700239 -0.595466 0.393810 
0.791367 -0.547454 0.272090 
0.750194 -0.581816 0.314165 
0.707465 -0.651980 0.272792 
0.806425 -0.486758 0.335777 
0.683675 -0.460886 0.565838 
0.809843 -0.457156 0.367644 
0.817650 -0.523897 0.238705 
0.928057 -0.340422 0.151071 
0.972360 -0.201275 0.118337 
0.932757 -0.207182 0.295026 
0.776110 -0.356760 0.519977 
0.779550 -0.449336 0.436347 
0.641877 -0.527701 0.556350 
0.788863 -0.487760 0.373880 
0.722669 -0.667472 0.179529 
0.798043 -0.536830 0.273752 
0.808744 -0.580120 0.096928 
0.745281 -0.599942 0.290905 
0.754399 -0.642518 0.134363 
0.784604 -0.606272 0.129737 
0.845814 -0.525621 0.091222 
0.787181 -0.586614 0.190343 
0.671276 -0.667537 0.322154 
0.710173 -0.589647 0.384670 
0.732548 -0.656521 0.179871 
0.740823 -0.643026 0.194162 
0.866117 -0.414557 0.279256 
0.852913 -0.257347 0.454216 
0.677560 -0.307529 0.668086 
0.599793 -0.137289 0.788289 
0.555971 -0.254443 0.791300 
0.644830 -0.069178 0.761189 
0.500689 -0.236640 0.832653 
0.619037 -0.024970 0.784965 
0.551548 -0.174799 0.815622 
0.619868 -0.150767 0.770086 
0.769750 -0.241344 0.590964 
0.721537 -0.389052 0.572734 
0.849524 -0.220679 0.479177 
0.649006 -0.326434 0.687192 
0.682401 -0.498781 0.534366 
0.495869 -0.634753 0.592624 
0.509460 -0.716473 0.476568 
0.342070 -0.742015 0.576542 
0.214438 -0.752817 0.622321 
0.444084 -0.777039 0.446094 
0.573559 -0.688856 0.443292 
0.644733 -0.471821 0.601418 
0.612979 -0.342677 0.711919 
0.364897 -0.317851 0.875112 
0.249882 -0.164277 0.954239 
0.431588 -0.008619 0.902030 
0.326451 -0.274691 0.904420 
0.403238 -0.395045 0.825432 
0.269069 -0.647722 0.712782 
0.045778 -0.668945 0.741901 
-0.133322 -0.684524 0.716696 
0.009923 -0.815816 0.578227 
0.128982 -0.762905 0.633514 
-0.039404 -0.659632 0.750555 
0.223549 -0.774852 0.591295 
0.271088 -0.850781 0.450204 
0.468902 -0.689901 0.551514 
0.523232 -0.648618 0.552741 
0.496930 -0.648817 0.576278 
0.456685 -0.607433 0.649973 
0.372092 -0.524218 0.765992 
0.566628 -0.459991 0.683623 
0.608322 -0.454809 0.650456 
0.587148 -0.455906 0.668885 
0.415973 -0.497226 0.761402 
0.269337 -0.559074 0.784152 
0.323695 -0.632157 0.703988 
0.444306 -0.413475 0.794752 
0.573212 -0.413118 0.707645 
0.558411 -0.588337 0.584840 
0.430640 -0.576690 0.694246 
0.588554 -0.467532 0.659558 
0.588490 -0.568818 0.574566 
0.720816 -0.565411 0.400918 
0.793632 -0.349267 0.498156 
0.870602 -0.335187 0.360141 
0.788311 -0.416280 0.453075 
0.818110 -0.315139 0.481023 
0.758356 -0.505028 0.412119 
0.886181 -0.419690 0.196325 
0.920331 -0.381702 0.085410 
0.819057 -0.554582 0.146915 
0.705849 -0.592458 0.388291 
0.682711 -0.602420 0.413517 
0.673190 -0.534089 0.511433 
0.613919 -0.432380 0.660417 
0.660754 -0.243641 0.709960 
0.572372 -0.538929 0.618018 
0.468834 -0.706525 0.530110 
0.248913 -0.694636 0.674924 
0.084770 -0.871175 0.483599 
-0.050388 -0.813090 0.579953 
-0.121142 -0.746611 0.654139 
0.059177 -0.567251 0.821416 
-0.152211 -0.568030 0.808810 
-0.004663 -0.402115 0.915578 
0.191361 -0.270717 0.943447 
0.394396 -0.253517 0.883279 
0.480765 -0.001588 0.876848 
0.543605 0.013071 0.839239 
0.507379 -0.064739 0.859288 
0.404325 -0.275518 0.872130 
0.287910 -0.492967 0.821031 
0.235908 -0.617524 0.750341 
0.049804 -0.728938 0.682766 
-0.022537 -0.768190 0.639825 
-0.150103 -0.869040 0.471423 
0.021422 -0.837248 0.546404 
0.034449 -0.817310 0.575167 
-0.172471 -0.725665 0.666081 
-0.092976 -0.684291 0.723257 
-0.212998 -0.499822 0.839529 
-0.268530 -0.447106 0.853222 
-0.239916 -0.555396 0.796226 
-0.117204 -0.646805 0.753596 
-0.009143 -0.754257 0.656516 
-0.069487 -0.879565 0.470678 
-0.239096 -0.774250 0.585979 
-0.412722 -0.765582 0.493502 
-0.303632 -0.772055 0.558336 
-0.060516 -0.864986 0.498133 
-0.107170 -0.947187 0.302244 
0.013684 -0.990419 0.137417 
0.112107 -0.993688 -0.004132 
-0.123757 -0.984468 -0.124529 
0.040337 -0.998859 0.025579 
0.180529 -0.975070 0.129027 
0.095120 -0.994783 -0.036875 
0.038525 -0.981224 -0.188984 
0.209659 -0.949614 -0.232975 
-0.023309 -0.915337 -0.402013 
-0.219229 -0.830124 -0.512671 
-0.024726 -0.760498 -0.648869 
0.049415 -0.673856 -0.737208 
0.070519 -0.856479 -0.511342 
-0.027948 -0.889784 -0.455525 
0.167280 -0.871515 -0.460954 
-0.032234 -0.942973 -0.331304 
0.091537 -0.890162 -0.446354 
0.140648 -0.917535 -0.371950 
0.189559 -0.956650 -0.221108 
0.129186 -0.973688 -0.187729 
0.022008 -0.987075 -0.158738 
0.202896 -0.959898 -0.193465 
0.349750 -0.936828 -0.005290 
0.160278 -0.963148 0.216003 
-0.076991 -0.939262 0.334455 
-0.248259 -0.951623 0.181058 
-0.125851 -0.991349 -0.037264 
-0.328762 -0.934856 0.134017 
-0.383656 -0.909951 0.157471 
-0.443593 -0.889037 0.113307 
-0.171616 -0.985000 -0.018001 
-0.257812 -0.965165 -0.044612 
-0.434253 -0.899366 0.050638 
-0.294106 -0.944455 0.146654 
-0.437734 -0.882470 0.172151 
-0.196174 -0.977026 0.083278 
0.025293 -0.972760 0.230430 
0.112066 -0.978030 0.175777 
0.001707 -0.959046 0.283247 
-0.011508 -0.922577 0.385641 
0.226915 -0.920324 0.318612 
0.130959 -0.921887 0.364657 
0.112033 -0.901699 0.417597 
-0.030488 -0.933592 0.357040 
