157
184
194
178
165
182
169
160
173
181
187
175
198
159
160
183
161
174
160
178
187
190
158
177
153
174
188
188
166
167
202
195
168
195
176
194
171
160
192
176
163
194
168
189
195
187
169
185
205
199
186
158
197
181
179
183
182
184
171
180
209
178
182
192
183
158
130
195
171
177
180
182
170
179
176
157
181
188
176
172
156
189
193
189
146
166
196
202
178
163
162
159
171
187
190
180
182
182
162
147
195
162
216
180
184
165
174
157
165
192
186
201
178
177
191
171
163
215
186
191
160
180
162
198
164
175
184
162
155
164
188
182
156
205
165
210
208
183
174
156
154
206
184
187
174
165
181
176
191
177
143
183
172
171
191
178
176
156
191
185
174
184
166
199
168
151
170
143
189
193
178
188
173
164
163
212
157
167
174
165
182
195
164
180
176
145
168
150
182
192
204
183
200
216
165
188
188
159
175
167
