0.544738 0.780780 0.321935 
0.462673 0.830112 0.350774 
0.643134 0.698474 0.329412 
0.545926 0.828288 0.233949 
0.583203 0.663959 0.478574 
0.583470 0.615559 0.566081 
0.383449 0.865817 0.400258 
0.638858 0.546190 0.612127 
0.609578 0.819928 0.157278 
0.464805 0.885081 0.247874 
0.690699 0.763134 0.143354 
0.501837 0.660340 0.602559 
0.724845 0.644119 0.310207 
0.412290 0.954172 0.198189 
0.772510 0.709391 0.122894 
0.423571 0.722584 0.602467 
0.503541 0.724142 0.484238 
0.485009 0.623389 0.693945 
0.408556 1.004635 0.111936 
0.805780 0.602778 0.268488 
0.301396 0.914759 0.429786 
0.220186 0.957293 0.469734 
0.851157 0.647643 0.121535 
0.440510 0.609991 0.782490 
0.730916 0.776336 0.061344 
0.622582 0.508835 0.703449 
0.554438 0.523500 0.775152 
0.569250 0.767818 0.310103 
0.718877 0.508125 0.565781 
0.495064 0.897158 0.182278 
0.543510 0.877977 0.147201 
0.921501 0.579900 0.143046 
0.284539 0.972246 0.349717 
0.663255 0.442138 0.765875 
0.621314 0.763251 0.243265 
0.844480 0.536644 0.332742 
0.399823 1.057924 0.027769 
0.948252 0.517986 0.216877 
0.704062 0.564603 0.484597 
0.731987 0.452514 0.647851 
0.442443 0.852305 0.339665 
0.766383 0.798211 -0.029560 
0.872570 0.681153 0.029783 
0.674292 0.634850 0.399989 
0.689413 0.861887 -0.034124 
0.472601 0.950114 0.118527 
0.486508 0.591991 0.748800 
0.709167 0.704873 0.222503 
0.664652 0.608356 0.462013 
0.644596 0.406542 0.857444 
0.341946 1.017069 0.185479 
0.588423 0.546685 0.684007 
0.575848 0.767123 0.301844 
0.775463 0.385091 0.707551 
0.326722 1.080565 0.092141 
0.540417 0.679392 0.512289 
0.362072 0.672017 0.783040 
0.281430 0.730158 0.793828 
1.017801 0.501190 0.147015 
0.578061 0.631750 0.544485 
0.878325 0.535369 0.286217 
0.236680 1.040615 0.294623 
0.887094 0.469435 0.393297 
0.364998 0.915497 0.336665 
0.162265 0.958434 0.551244 
0.490968 0.637437 0.659836 
0.691286 0.493332 0.632460 
0.370911 0.791692 0.552959 
0.734027 0.423414 0.697752 
0.812396 0.720857 0.044513 
0.722862 0.344298 0.857534 
0.296020 0.869904 0.519000 
0.326240 0.988365 0.260268 
0.262855 0.788469 0.714740 
0.659668 0.843723 0.041785 
0.452342 0.748065 0.514676 
0.612186 0.603253 0.546991 
0.807330 0.506706 0.440716 
0.802450 0.283987 0.852209 
0.114745 0.948080 0.638620 
0.350068 0.960655 0.276205 
0.473149 1.034884 -0.036203 
0.847961 0.440021 0.503183 
0.542202 0.882112 0.141580 
0.778720 0.669131 0.187043 
0.752988 0.672272 0.218472 
0.954193 0.570458 0.113016 
0.689293 0.320749 0.948740 
0.376254 0.790849 0.546780 
0.436350 1.078848 -0.062939 
0.342258 0.902759 0.392613 
0.453459 1.008692 0.039773 
0.682383 0.340681 0.922516 
0.589591 0.911562 0.019716 
0.293281 0.934663 0.405352 
0.796033 0.419246 0.615843 
0.037364 0.979184 0.693799 
0.535221 0.980848 -0.027649 
0.650254 0.657630 0.393309 
0.525095 0.615983 0.649550 
0.306178 0.860817 0.520842 
0.688343 0.411195 0.785864 
0.455148 0.959436 0.126784 
0.419332 0.918521 0.252768 
0.153683 0.969574 0.543399 
0.386502 0.702150 0.693067 
0.764290 0.595816 0.341003 
0.268774 1.083533 0.170372 
0.636891 0.542190 0.622230 
0.754313 0.693867 0.177344 
0.637158 0.577457 0.557799 
0.326622 1.057405 0.134343 
0.486448 0.675958 0.596405 
0.482996 0.545940 0.837496 
0.742968 0.398015 0.730973 
0.296295 0.812132 0.623516 
0.474863 0.581709 0.784276 
0.527575 0.867930 0.188442 
0.967935 0.411810 0.381287 
0.233548 0.761283 0.806403 
0.961498 0.462305 0.298878 
0.432125 0.904576 0.259631 
0.436035 0.721348 0.586726 
0.299874 0.692429 0.835728 
0.851282 0.674904 0.071849 
0.686671 0.483395 0.657165 
0.510859 0.945941 0.070897 
0.318160 1.112539 0.046433 
0.479888 0.940312 0.125812 
0.718617 0.340571 0.870430 
0.778889 0.332741 0.797673 
0.444278 0.879637 0.287382 
0.529923 0.816015 0.279329 
0.324252 0.802744 0.600220 
0.424681 0.912219 0.256495 
0.344687 0.742281 0.680531 
0.383146 0.939720 0.266488 
0.884725 0.470065 0.395572 
0.764018 0.346379 0.794367 
0.706742 0.659371 0.308634 
0.185189 1.034448 0.380125 
0.766564 0.392194 0.707494 
0.612139 0.950777 -0.084036 
0.366183 0.927397 0.313346 
0.508084 0.484714 0.912476 
0.657919 0.736907 0.238284 
0.488638 0.966371 0.065863 
0.365774 0.915833 0.334936 
0.456864 0.793472 0.425694 
0.762420 0.585776 0.361934 
0.794432 0.324270 0.790626 
0.683263 0.504315 0.624093 
0.755694 0.541803 0.451495 
0.907824 0.472369 0.358055 
0.691657 0.611021 0.418205 
0.403699 0.953223 0.212309 
0.695361 0.406515 0.784235 
0.090587 1.008910 0.563016 
0.193303 0.886212 0.637608 
0.811231 0.605016 0.256558 
0.222226 0.913719 0.545919 
0.457083 0.749934 0.504441 
0.917792 0.404196 0.467471 
0.784708 0.439178 0.595990 
0.962748 0.404602 0.401861 
1.099204 0.457714 0.108499 
0.780148 0.668613 0.185923 
0.244695 1.003164 0.351067 
0.195684 0.827167 0.741398 
0.469702 1.102587 -0.154175 
0.424935 0.724084 0.597775 
0.637552 0.576894 0.558254 
0.527666 0.866848 0.190275 
0.601649 0.677686 0.427028 
0.781768 0.433541 0.610469 
0.142219 0.823168 0.825811 
0.619695 0.699611 0.361171 
0.402238 0.862780 0.378659 
0.125136 0.954642 0.611711 
0.563180 0.462283 0.873706 
0.845535 0.607959 0.201713 
0.904704 0.370571 0.547420 
0.376065 0.679156 0.749885 
1.001757 0.521940 0.132487 
0.515836 1.042400 -0.111451 
0.762945 0.591881 0.350091 
0.379090 0.859385 0.418229 
0.298173 1.020572 0.242285 
0.478643 0.885324 0.227465 
0.090857 0.916497 0.730445 
0.811765 0.406218 0.616800 
0.211211 0.985179 0.432046 
0.786773 0.509479 0.465346 
1.009197 0.572721 0.029533 
0.748674 0.675748 0.218383 
0.183963 0.986964 0.468124 
0.766364 0.798192 -0.029498 
0.960145 0.563956 0.116234 
0.374694 1.067190 0.047204 
0.592846 0.482007 0.795078 
0.756343 0.601269 0.342570 
0.897182 0.639920 0.069143 
0.386368 1.097778 -0.025189 
0.430671 0.706928 0.620653 
0.621575 0.698751 0.360020 
0.424068 0.791611 0.476399 
0.766086 0.486590 0.536764 
0.884883 0.579453 0.196698 
0.953978 0.484114 0.270124 
0.704964 0.586364 0.443778 
0.464868 0.913110 0.196885 
1.029394 0.457161 0.210242 
0.788851 0.677407 0.157396 
0.763732 0.661760 0.222057 
0.576725 0.701354 0.420013 
0.777279 0.359542 0.751327 
1.012113 0.393471 0.350839 
0.414749 1.100265 -0.070660 
0.565248 0.768904 0.313906 
0.584351 0.974065 -0.086227 
0.346424 0.966197 0.271399 
0.692141 0.908434 -0.122588 
0.769405 0.412357 0.666778 
0.932927 0.593633 0.101618 
0.847212 0.444433 0.496251 
0.420195 0.677336 0.689507 
0.286151 0.888371 0.499705 
0.936433 0.557118 0.162868 
0.319269 0.984537 0.277280 
0.630754 0.687474 0.367252 
0.297707 0.971149 0.332707 
0.636561 0.395934 0.888301 
0.453360 1.031435 -0.001384 
1.004537 0.446121 0.266160 
0.401225 0.742774 0.598049 
0.771477 0.551123 0.411794 
0.511359 0.525933 0.832900 
0.576219 0.782126 0.274064 
0.244972 0.863564 0.604175 
0.410847 0.647946 0.756369 
0.798315 0.705881 0.092030 
0.590031 0.884952 0.067404 
0.234230 0.881538 0.587038 
0.714811 0.513506 0.561877 
0.653804 0.514861 0.647453 
1.099874 0.450882 0.119939 
0.864951 0.591116 0.204281 
1.087534 0.510565 0.029364 
0.812585 0.731328 0.025225 
0.908586 0.615848 0.096402 
