148
173
162
183
171
185
189
153
200
211
187
196
174
175
173
203
207
195
226
211
226
201
122
213
188
177
208
212
195
170
223
202
206
209
179
178
158
198
216
183
212
190
248
213
180
186
121
192
177
210
231
126
201
173
194
193
195
125
203
188
206
172
247
168
194
195
203
171
174
192
235
135
173
188
188
189
181
180
192
174
212
122
237
177
197
200
200
216
181
203
146
243
165
202
128
214
180
214
203
172
204
190
195
238
174
174
164
179
227
236
213
198
241
186
194
118
129
211
180
194
200
162
120
201
200
189
197
123
202
212
116
172
159
187
195
181
127
187
172
180
121
209
196
185
205
202
204
182
196
178
215
188
221
168
202
132
245
123
145
207
161
154
209
193
183
186
148
220
198
186
173
182
209
179
170
199
205
196
218
198
126
182
193
217
232
190
212
195
216
152
190
125
185
170
211
180
205
212
179
191
198
226
188
152
196
196
189
194
173
183
214
181
192
194
175
169
190
212
175
209
178
215
181
202
233
180
207
189
213
191
203
223
217
213
163
210
203
194
216
162
215
172
217
197
185
209
161
193
208
179
153
200
199
152
218
220
134
180
192
180
197
124
189
188
167
225
214
188
218
135
180
137
221
124
203
205
165
177
121
224
189
214
222
182
192
193
177
188
202
183
195
194
242
183
184
193
193
218
183
216
179
224
226
170
162
211
149
192
189
188
173
222
