116
100
125
80
96
92
102
112
106
104
117
132
135
132
82
127
156
157
99
129
105
137
109
137
89
104
161
105
137
91
103
100
97
105
118
92
147
131
155
111
113
96
144
115
133
149
108
123
104
103
151
157
96
111
77
127
105
141
120
89
112
130
90
109
135
104
104
178
144
121
84
94
139
132
140
141
161
109
87
79
127
151
140
127
104
123
100
109
120
158
116
129
163
103
108
137
104
135
103
81
93
136
101
134
120
111
174
84
96
120
135
171
121
136
130
114
115
94
120
133
143
83
151
98
122
117
85
101
130
150
80
138
76
85
113
130
163
123
145
159
113
137
107
135
92
82
133
147
165
127
131
132
132
86
105
110
148
142
133
95
97
110
142
162
120
148
119
114
108
165
114
169
127
117
176
90
106
161
95
110
117
107
121
106
138
124
74
111
122
128
129
101
119
159
121
173
103
183
115
85
142
103
112
97
115
103
81
159
142
146
129
153
128
125
104
118
97
104
114
109
114
119
111
121
115
192
152
148
161
155
103
79
106
103
134
147
120
175
97
164
78
96
106
105
87
143
102
130
138
87
110
110
96
98
111
81
176
85
101
158
108
114
143
158
103
122
179
112
117
136
100
82
103
105
95
120
125
144
142
123
93
127
157
81
124
142
126
99
119
102
103
114
172
140
137
140
140
133
101
77
118
117
150
72
127
129
120
123
109
84
127
91
