0.777962 0.579193 0.263267 
0.678071 0.636274 0.381281 
0.643916 0.622617 0.474270 
0.818801 0.582929 0.172063 
0.779981 0.662891 0.126246 
0.671911 0.547837 0.534471 
0.879532 0.547969 0.100721 
0.793343 0.482892 0.383957 
0.776828 0.719118 0.043611 
0.672062 0.494378 0.618982 
0.699749 0.419774 0.679544 
0.721506 0.801130 0.028998 
0.728119 0.344780 0.739301 
0.661872 0.414160 0.767545 
0.848571 0.400858 0.398800 
0.624242 0.718566 0.363106 
0.584393 0.654451 0.548051 
0.902696 0.381145 0.317058 
0.616681 0.629870 0.519634 
0.893235 0.482879 0.175390 
0.522091 0.732411 0.554443 
0.969249 0.323252 0.269949 
0.660730 0.836211 0.100242 
0.584914 0.798714 0.318055 
0.888276 0.592592 0.011658 
0.735121 0.417343 0.609539 
1.029914 0.243757 0.269410 
0.623854 0.915408 0.051579 
0.948428 0.400837 0.190320 
1.033931 0.293195 0.182578 
0.470303 0.747495 0.638648 
0.521091 0.843032 0.381004 
0.713535 0.861575 -0.050267 
0.575887 0.860045 0.239588 
0.715282 0.754037 0.116721 
0.594084 0.701329 0.453430 
0.877082 0.325783 0.458389 
0.405860 0.822295 0.654525 
0.911481 0.247673 0.510500 
0.856458 0.440956 0.318705 
0.447560 0.819050 0.572598 
0.790216 0.305984 0.671192 
1.060815 0.316685 0.089168 
1.026566 0.193661 0.355892 
0.840682 0.599994 0.099294 
0.672467 0.772668 0.176560 
0.932253 0.278784 0.417761 
0.377497 0.800734 0.747963 
0.646375 0.615995 0.479645 
0.837309 0.506372 0.254891 
0.666941 0.943679 -0.083250 
1.124939 0.271285 0.027306 
0.455279 0.709693 0.730001 
0.421521 0.892679 0.510142 
0.784367 0.711962 0.039224 
0.969281 0.313936 0.284663 
0.969113 0.220548 0.433198 
0.995134 0.394974 0.102092 
0.739659 0.681433 0.181021 
0.776217 0.772558 -0.039907 
0.773820 0.549543 0.318965 
0.737577 0.518261 0.444282 
0.558883 0.964140 0.109922 
0.709741 0.573236 0.415175 
0.814104 0.233691 0.736023 
0.314972 0.878438 0.755228 
0.831932 0.165514 0.806975 
0.880869 0.173016 0.692883 
0.340677 0.871953 0.711841 
0.740769 0.621584 0.273668 
0.856865 0.247054 0.625529 
0.667184 0.915185 -0.038546 
1.048498 0.376802 0.019496 
0.648955 0.478637 0.692208 
0.951171 0.551360 -0.054252 
0.852228 0.151821 0.786320 
0.732242 0.562029 0.385972 
0.796381 0.502776 0.346061 
0.413959 0.721710 0.797215 
0.894648 0.153062 0.695772 
0.675995 0.987977 -0.172445 
0.410049 0.816636 0.654756 
0.335159 0.930286 0.630805 
0.512783 0.682691 0.652772 
0.684744 0.791233 0.121467 
0.713905 0.398602 0.683578 
0.569705 1.006560 0.020014 
1.090997 0.240688 0.146731 
0.854744 0.446094 0.314130 
0.828255 0.255441 0.671961 
0.821504 0.657569 0.047985 
0.480775 0.636396 0.793068 
0.830410 0.752707 -0.121571 
0.727413 0.553679 0.409306 
0.981846 0.196164 0.445301 
0.607803 0.433756 0.849353 
0.833758 0.553486 0.187549 
0.510824 0.909174 0.297493 
0.941089 0.171988 0.568768 
0.644410 0.442013 0.759812 
0.459784 0.859954 0.482169 
0.522265 0.665030 0.660996 
0.388099 0.912957 0.547757 
1.069050 0.163679 0.314752 
0.966712 0.469999 0.042397 
0.760999 0.316072 0.716195 
0.773971 0.318664 0.684994 
0.340458 0.791243 0.840364 
0.620228 0.885218 0.107053 
0.582971 0.520848 0.763014 
0.438099 0.777400 0.658442 
0.559172 0.962945 0.111214 
0.789931 0.247860 0.764015 
0.750229 0.740164 0.065758 
0.951994 0.548638 -0.051650 
1.001628 0.318705 0.209554 
0.473340 0.774127 0.590048 
0.775846 0.271727 0.755556 
0.686675 0.783557 0.129616 
1.086821 0.384384 -0.072557 
0.889926 0.423947 0.275809 
0.524133 0.784971 0.466780 
0.814955 0.328055 0.584513 
0.802673 0.698678 0.022076 
1.156718 0.169145 0.123017 
0.925049 0.171406 0.603186 
0.766084 0.218462 0.860458 
1.104621 0.175658 0.221467 
0.498957 0.799243 0.496705 
0.825280 0.581028 0.161551 
0.526598 0.797857 0.441184 
0.575497 0.626673 0.610703 
0.612325 0.574537 0.616529 
0.831544 0.595400 0.125666 
0.940030 0.105335 0.676740 
0.904729 0.397900 0.286227 
1.082060 0.352565 -0.012127 
1.091903 0.165461 0.264204 
0.487053 0.757990 0.587018 
0.618922 0.512103 0.701819 
0.469033 0.906932 0.388315 
0.873099 0.671479 -0.081825 
0.715708 0.512210 0.499546 
0.892279 0.482630 0.177780 
0.731440 0.330638 0.754806 
0.876361 0.636346 -0.032888 
0.880469 0.576945 0.052787 
0.729475 0.903572 -0.150190 
0.514931 0.958522 0.210614 
0.718986 0.289985 0.845317 
0.936143 0.298850 0.377798 
0.926275 0.404708 0.230434 
0.737118 0.659862 0.220555 
0.680448 0.761916 0.176956 
1.058350 0.329550 0.073901 
1.148650 0.285395 -0.044594 
0.628268 0.653339 0.458197 
1.104274 0.240046 0.120026 
0.970951 0.342659 0.235600 
0.798382 0.438878 0.443274 
0.703019 0.356797 0.772645 
0.553839 0.696853 0.544570 
0.845019 0.315804 0.541175 
0.656836 0.886764 0.028159 
1.187932 0.229743 -0.038316 
1.024220 0.301618 0.189491 
0.714778 0.621354 0.328307 
0.923537 0.588999 -0.056271 
0.712841 0.804930 0.041063 
0.719970 0.385778 0.691263 
0.861202 0.441317 0.308227 
0.274542 0.941876 0.738989 
1.070018 0.348607 0.019299 
0.960047 0.251231 0.403442 
0.788999 0.456739 0.434526 
0.926056 0.238098 0.495260 
0.614935 0.520525 0.696782 
0.779216 0.468977 0.435534 
0.842416 0.538591 0.193104 
0.642263 0.717332 0.327435 
0.782567 0.345478 0.624498 
0.504781 0.743161 0.573530 
0.990321 0.381903 0.132885 
0.672047 0.930400 -0.072844 
0.812788 0.608242 0.144454 
0.392325 0.872220 0.603571 
0.450529 0.721951 0.720471 
0.519833 0.635115 0.713541 
0.441399 0.830596 0.567143 
0.835668 0.507625 0.256332 
0.913459 0.318386 0.394165 
0.384054 0.969986 0.465712 
0.962933 0.301328 0.317926 
0.780394 0.413916 0.520440 
0.842055 0.719663 -0.093455 
0.747398 0.287252 0.790324 
0.354417 0.836721 0.739056 
0.779425 0.790636 -0.075292 
0.844798 0.313928 0.544613 
0.992878 0.175307 0.455359 
0.679878 0.914554 -0.064053 
0.860978 0.361259 0.435724 
0.683702 0.979505 -0.175095 
0.654183 0.526709 0.605014 
0.395613 0.776264 0.748961 
1.128016 0.270573 0.022011 
0.983634 0.402481 0.114195 
0.578684 0.761748 0.389720 
0.869473 0.634372 -0.015374 
0.926528 0.426116 0.195937 
0.897140 0.372622 0.342185 
1.070509 0.406412 -0.073449 
0.650587 0.373128 0.856216 
1.002536 0.242350 0.328813 
0.717322 0.740434 0.134044 
1.026491 0.182979 0.372997 
0.840962 0.442025 0.349367 
1.157500 0.183261 0.098988 
0.789361 0.475339 0.404255 
1.057024 0.257912 0.190341 
0.927852 0.539285 0.013602 
0.784904 0.334887 0.636423 
0.916278 0.552479 0.016835 
0.645328 0.438040 0.764198 
0.803904 0.387287 0.513603 
0.965075 0.319660 0.284365 
1.017848 0.246165 0.290785 
0.803840 0.594084 0.185604 
0.716251 0.486264 0.539584 
0.737847 0.842790 -0.071226 
0.299050 0.919434 0.723425 
0.765027 0.665230 0.153761 
0.864749 0.370151 0.413743 
0.588509 0.578723 0.659617 
0.903131 0.274265 0.485743 
0.917374 0.270907 0.461328 
0.639015 0.779050 0.236285 
1.030280 0.426563 -0.021419 
0.713130 0.555504 0.436234 
0.889433 0.104820 0.783211 
1.056786 0.324808 0.084692 
0.921596 0.480726 0.119585 
0.522087 0.635459 0.708290 
0.516419 0.578734 0.810132 
0.745022 0.599474 0.299870 
0.417121 0.989399 0.365860 
0.912761 0.355216 0.337185 
0.457436 0.886766 0.444528 
1.051360 0.168473 0.344085 
0.913096 0.501183 0.104874 
0.484458 0.982999 0.235407 
0.532898 0.767208 0.476662 
0.662825 0.970182 -0.116710 
0.602603 0.786010 0.301274 
0.588016 0.593590 0.637055 
0.713366 0.398330 0.685135 
0.936325 0.200173 0.533994 
0.998948 0.159792 0.467303 
0.781953 0.456814 0.449120 
0.902286 0.686023 -0.165847 
0.965217 0.145537 0.560357 
0.807604 0.584034 0.193691 
1.005790 0.247014 0.314617 
0.646851 0.943808 -0.041505 
0.568334 0.900507 0.191156 
0.750862 0.408214 0.591156 
0.804421 0.784676 -0.118030 
0.682364 0.590652 0.444707 
1.079955 0.231959 0.183639 
0.859814 0.244405 0.623574 
1.035286 0.252904 0.243678 
0.773705 0.665332 0.135477 
0.405651 0.969239 0.421800 
0.628924 0.820954 0.190867 
0.832694 0.447414 0.358080 
0.879796 0.547765 0.100496 
0.803055 0.144632 0.900409 
0.759206 0.735532 0.054363 
0.750352 0.584781 0.312055 
0.918142 0.409109 0.240435 
0.498764 0.753523 0.569654 
0.975781 0.197332 0.456112 
0.599592 0.707695 0.431829 
0.770469 0.283095 0.748747 
0.534529 1.036729 0.045597 
0.882061 0.623072 -0.023729 
0.786063 0.765967 -0.050010 
0.765048 0.429522 0.527723 
0.719008 0.807408 0.024254 
0.597231 1.021789 -0.061627 
0.683526 0.726271 0.227088 
0.751983 0.353848 0.675080 
0.667715 0.406703 0.767176 
0.466060 0.810981 0.546771 
0.890030 0.539153 0.092789 
1.110675 0.265402 0.066426 
0.610810 0.956794 0.013148 
0.620387 0.639005 0.497400 
0.504689 0.710229 0.625979 
0.674760 0.496728 0.609619 
1.119164 0.266192 0.047447 
0.437594 0.830517 0.575215 
0.926493 0.424338 0.198831 
1.017975 0.478055 -0.077431 
0.754920 0.689408 0.136500 
1.043560 0.247817 0.234475 
0.718697 0.625961 0.312812 
0.362508 0.855879 0.691760 
0.754839 0.341650 0.688471 
0.683187 0.572408 0.471937 
0.836720 0.330908 0.534539 
0.716413 0.854794 -0.045518 
