160
162
167
173
158
198
176
171
174
211
198
170
185
170
180
181
178
189
182
179
180
180
209
203
191
188
145
190
166
187
191
203
172
194
179
161
185
199
176
184
186
175
196
172
204
207
184
197
175
189
172
204
206
224
177
177
204
214
190
217
193
177
194
209
168
190
200
193
193
147
163
156
126
171
181
168
173
200
151
185
208
181
195
215
185
196
173
205
181
189
215
196
201
160
179
207
198
191
160
238
206
164
187
208
176
178
166
221
126
202
161
224
209
189
180
188
175
164
218
156
203
194
201
200
186
225
200
149
188
165
209
207
171
189
178
182
198
213
196
190
204
171
202
186
125
184
209
178
195
226
207
131
190
225
179
197
197
172
214
180
186
188
205
173
184
214
170
164
168
179
181
181
192
181
202
143
210
189
126
177
176
169
209
194
130
222
167
162
193
195
161
200
167
180
201
135
181
174
231
204
168
205
245
174
243
214
163
232
202
204
215
184
193
198
213
199
197
154
175
172
190
193
168
187
198
181
211
187
170
182
211
182
194
142
135
180
200
192
208
208
214
181
186
180
185
198
263
197
182
195
