173
173
212
219
185
190
180
162
159
189
171
154
159
197
172
174
191
203
224
173
208
221
180
194
196
172
148
190
187
169
194
195
217
154
199
179
171
210
168
208
174
203
191
144
183
218
191
179
201
188
174
171
161
188
174
207
174
203
205
143
162
183
216
153
198
172
193
180
193
178
171
199
172
195
146
202
162
196
196
202
205
171
185
211
171
206
160
193
181
177
184
210
187
157
194
166
172
149
156
207
191
200
191
144
200
162
178
209
166
190
187
173
179
168
192
208
205
201
188
199
202
168
148
142
153
176
190
189
172
149
198
216
206
148
211
159
176
214
215
196
220
187
217
176
192
164
236
224
179
188
168
172
191
149
204
174
208
188
197
214
212
198
183
262
200
231
179
175
181
160
202
188
183
196
197
166
174
199
180
192
154
218
234
175
201
218
191
203
182
197
192
184
215
171
196
180
171
183
225
202
162
238
165
157
207
172
227
215
225
208
189
193
172
195
187
193
162
186
222
211
159
161
176
188
199
186
146
213
181
207
180
195
161
183
168
208
181
171
190
187
184
190
186
156
197
168
179
158
147
168
202
206
201
206
176
146
179
217
173
156
180
176
195
127
166
198
157
193
149
191
181
181
235
171
205
202
200
163
220
178
196
186
213
187
151
186
188
196
221
166
191
196
175
137
196
187
169
153
194
179
168
194
177
170
189
195
184
176
212
187
187
195
223
157
190
214
181
165
178
169
189
164
205
193
203
181
188
155
155
164
217
266
193
177
215
170
203
167
166
192
202
195
158
168
202
167
175
220
204
196
208
182
162
175
182
194
169
186
206
189
195
193
191
172
202
158
194
190
186
212
161
172
182
193
188
161
197
176
206
171
184
220
192
192
