0.040399 -0.765891 0.641700 
0.146457 -0.702733 0.696216 
0.129723 -0.654621 0.744744 
0.137375 -0.600646 0.787625 
0.070438 -0.590688 0.803820 
-0.029623 -0.768544 0.639111 
-0.024490 -0.811187 0.584273 
0.001974 -0.584300 0.811535 
0.195076 -0.566486 0.800649 
0.184708 -0.512500 0.838586 
-0.088179 -0.822060 0.562532 
0.259148 -0.572853 0.777613 
-0.074692 -0.858597 0.507181 
-0.154540 -0.816520 0.556249 
0.168786 -0.459312 0.872092 
0.168859 -0.403919 0.899075 
-0.211955 -0.789370 0.576169 
-0.049229 -0.889624 0.454033 
0.131336 -0.361396 0.923116 
0.314700 -0.590821 0.742896 
0.130310 -0.308571 0.942233 
0.126054 -0.258055 0.957872 
0.373457 -0.565579 0.735289 
0.073045 -0.237014 0.968756 
0.222551 -0.373277 0.900630 
0.034760 -0.202359 0.978694 
-0.269935 -0.788085 0.553224 
0.411656 -0.518949 0.749154 
0.033074 -0.157335 0.986991 
-0.325165 -0.761597 0.560569 
0.463533 -0.523247 0.715088 
0.486883 -0.561270 0.669269 
0.073436 -0.126790 0.989208 
-0.377597 -0.751749 0.540643 
-0.011288 -0.133881 0.990933 
0.271197 -0.339936 0.900497 
0.001043 -0.242456 0.970162 
0.022016 -0.700934 0.712886 
-0.051833 -0.916412 0.396865 
-0.398563 -0.709530 0.581132 
0.529055 -0.571090 0.627660 
-0.046521 -0.105197 0.993363 
0.189242 -0.294405 0.936757 
-0.217717 -0.747124 0.628017 
0.088937 -0.403723 0.910548 
-0.066173 -0.839699 0.539005 
-0.062967 -0.069775 0.995574 
-0.045827 -0.274774 0.960416 
0.153691 -0.214921 0.964463 
0.039833 -0.747558 0.663001 
