-0.136751 -0.746328 0.655205 
-0.028314 -0.808748 0.591713 
-0.181954 -0.709385 0.695104 
-0.061619 -0.846075 0.541739 
-0.200868 -0.665274 0.747032 
-0.127073 -0.858732 0.518168 
0.039299 -0.800158 0.610548 
-0.150559 -0.899391 0.465298 
-0.135087 -0.943843 0.412528 
-0.113371 -0.987588 0.361393 
-0.160412 -0.631160 0.793931 
-0.178609 -1.000596 0.337417 
-0.104985 -0.606908 0.830532 
-0.244519 -1.012485 0.314735 
-0.093828 -0.929276 0.435489 
-0.089497 -1.030995 0.310937 
-0.270333 -0.653492 0.753022 
-0.289819 -0.609450 0.804796 
-0.358159 -0.616319 0.787990 
-0.292445 -0.564710 0.859490 
-0.420435 -0.591678 0.810672 
-0.479251 -0.612755 0.777560 
-0.085516 -1.075776 0.256358 
-0.016135 -1.087849 0.249998 
-0.049214 -1.039705 0.305154 
-0.064824 -0.572646 0.877577 
-0.033818 -1.129978 0.196031 
0.108927 -0.811325 0.605334 
0.053091 -1.083547 0.263757 
0.123479 -1.085242 0.270283 
-0.548809 -0.601315 0.783118 
-0.310415 -0.520495 0.911664 
-0.279433 -0.482275 0.962451 
0.175208 -0.800090 0.627257 
-0.612199 -0.617044 0.756022 
0.228725 -0.774252 0.665576 
-0.313389 -0.998819 0.323114 
-0.265579 -0.439361 1.016916 
0.277256 -0.744798 0.707732 
0.346896 -0.755919 0.702576 
0.398625 -0.728704 0.742369 
-0.240268 -0.520230 0.920570 
0.457202 -0.757038 0.714693 
-0.134836 -1.104702 0.214754 
0.162998 -1.124554 0.226777 
-0.673899 -0.634935 0.726474 
-0.217701 -0.409480 1.059517 
-0.632957 -0.573165 0.807439 
-0.383047 -1.001528 0.311262 
0.232032 -1.137741 0.219005 
