0.749202 0.609957 0.258165 
0.732183 0.650138 0.203050 
0.659040 0.682885 0.315174 
0.738429 0.660683 0.134984 
0.792537 0.555182 0.252307 
0.830818 0.514562 0.212054 
0.711967 0.596023 0.371294 
0.605179 0.725811 0.327043 
0.703522 0.704261 0.095250 
0.682414 0.587996 0.434250 
0.688819 0.724133 0.034052 
0.664029 0.747444 -0.019821 
0.858065 0.456513 0.235205 
0.864079 0.413277 0.287349 
0.657655 0.567795 0.495074 
0.549247 0.760568 0.346215 
0.492892 0.787721 0.369531 
0.435959 0.815088 0.381538 
0.885482 0.427310 0.182558 
0.409236 0.849399 0.333237 
0.400627 0.806464 0.434872 
0.673796 0.734607 -0.079698 
0.718832 0.689229 -0.090794 
0.416806 0.867785 0.270595 
0.756752 0.643647 -0.114211 
0.791955 0.595759 -0.133707 
0.815137 0.554441 -0.167771 
0.848104 0.511629 -0.137680 
0.606339 0.750840 0.261901 
0.872892 0.462542 -0.155288 
0.642732 0.533050 0.550231 
0.617006 0.785987 -0.039092 
0.386135 0.894722 0.224437 
0.587126 0.804902 -0.086113 
0.346945 0.818260 0.458344 
0.731441 0.554387 0.397051 
0.789176 0.575690 -0.213967 
0.579084 0.802832 -0.141850 
0.911578 0.369077 0.181129 
0.591260 0.552509 0.587490 
0.333027 0.791045 0.513167 
0.282843 0.795437 0.535985 
0.530190 0.835425 -0.144789 
0.926453 0.313738 0.207974 
0.499035 0.846991 -0.183223 
0.769489 0.582519 -0.261836 
0.946078 0.280248 0.162475 
0.574563 0.515527 0.635696 
0.490620 0.864536 -0.108949 
0.332715 0.911301 0.242550 
