0.531467 0.370162 0.761921 
0.573107 0.390841 0.720272 
0.577706 0.563125 0.590885 
0.720353 0.571592 0.392903 
0.793611 0.464446 0.393028 
0.708537 0.643935 0.288656 
0.547840 0.757198 0.355701 
0.549308 0.827288 0.117707 
0.554222 0.800886 0.226759 
0.516245 0.829629 0.212620 
0.418343 0.904684 -0.080851 
0.236213 0.947747 -0.214427 
0.030468 0.948576 -0.315080 
0.074049 0.970105 -0.231115 
0.186294 0.981028 -0.053656 
0.235383 0.940355 -0.245614 
0.275510 0.944751 -0.177592 
0.269571 0.903038 -0.334447 
0.322505 0.877622 -0.354641 
0.412949 0.837481 -0.357909 
0.528830 0.728412 -0.435608 
0.548794 0.741961 -0.385122 
0.582063 0.750588 -0.312762 
0.433963 0.868031 -0.241242 
0.356691 0.847301 -0.393512 
0.231390 0.924506 -0.302897 
0.408545 0.839365 -0.358548 
0.445982 0.859869 -0.248447 
0.316253 0.942001 -0.112332 
0.436894 0.877952 -0.195763 
0.422327 0.819701 -0.386950 
0.547497 0.722442 -0.422286 
0.451161 0.852826 -0.262946 
0.445321 0.786414 -0.428068 
0.523621 0.632128 -0.571170 
0.453223 0.478809 -0.751885 
0.525610 0.366016 -0.767963 
0.629910 0.496975 -0.596849 
0.708769 0.377635 -0.595851 
0.575282 0.420929 -0.701334 
0.696001 0.547215 -0.464907 
0.532735 0.705053 -0.468075 
0.499756 0.787487 -0.360705 
0.509930 0.840123 -0.184835 
0.275392 0.953436 -0.122960 
0.501735 0.857122 -0.116634 
0.570629 0.814353 -0.105889 
0.665718 0.741398 -0.084546 
0.837464 0.536786 -0.102542 
0.936711 0.344204 -0.064000 
0.865701 0.499397 -0.034112 
0.908118 0.416103 0.046686 
0.954937 0.296807 0.001093 
0.940105 0.312697 0.135733 
0.860280 0.382052 0.337571 
0.814723 0.531718 0.231307 
0.744384 0.661630 0.090217 
0.643913 0.757031 -0.110812 
0.706865 0.705528 0.050709 
0.795322 0.601617 -0.074301 
0.683341 0.728420 0.049496 
0.717079 0.696985 0.003043 
0.721164 0.661268 -0.206510 
0.591448 0.781700 -0.197824 
0.671973 0.664707 -0.326522 
0.709064 0.625056 -0.326395 
0.813451 0.530939 -0.237490 
0.917475 0.378355 -0.122833 
0.992686 0.120082 -0.012420 
0.941660 0.327068 0.079392 
0.891991 0.337698 0.300520 
0.874893 0.235419 0.423249 
0.927727 0.318405 0.194784 
0.851819 0.424881 0.306399 
0.765239 0.417988 0.489586 
0.793770 0.294066 0.532404 
0.809146 0.384329 0.444494 
0.712047 0.557498 0.426832 
0.598193 0.492059 0.632489 
0.783322 0.402886 0.473381 
0.877345 0.271759 0.395490 
0.823657 0.343250 0.451408 
0.830353 0.518175 0.204959 
0.802763 0.594953 0.040032 
0.910752 0.399133 0.105941 
0.976520 0.208788 0.053059 
0.917129 0.383242 -0.109541 
0.812928 0.549428 -0.193074 
0.808306 0.574812 -0.127404 
0.642295 0.755882 -0.126883 
0.524014 0.817085 -0.240377 
0.619392 0.784174 -0.037745 
0.697018 0.704973 0.131068 
0.774960 0.586828 0.234669 
0.820599 0.561299 0.107523 
0.828216 0.471107 0.303508 
0.805733 0.475865 0.352627 
0.863115 0.322697 0.388457 
0.802919 0.351273 0.481590 
0.734318 0.329106 0.593689 
