0.739232 0.587817 0.328644 
0.814885 0.366606 0.448958 
0.918286 0.272195 0.287509 
0.839507 0.277106 0.467376 
0.845313 0.142229 0.514992 
0.926785 0.068229 0.369342 
0.948940 0.211413 0.234131 
0.980932 0.188398 0.047727 
0.928450 0.341582 0.145956 
0.956828 0.290165 -0.016866 
0.889867 0.446193 -0.095120 
0.838942 0.521600 0.155274 
0.665030 0.739319 0.105561 
0.857004 0.511163 0.065239 
0.785579 0.618137 0.027813 
0.843179 0.519785 -0.137378 
0.695326 0.712107 -0.097086 
0.669673 0.708705 -0.221980 
0.788892 0.601904 -0.123939 
0.605693 0.787548 -0.113591 
0.616479 0.718041 -0.323065 
0.764340 0.610405 -0.207824 
0.821608 0.569788 -0.017369 
0.776833 0.576761 -0.252738 
0.658271 0.697774 -0.282473 
0.644264 0.732055 -0.221404 
0.645899 0.733613 -0.211250 
0.662368 0.712768 -0.230715 
0.612966 0.773430 -0.161487 
0.453692 0.833264 -0.315967 
0.610217 0.700674 -0.369718 
0.524478 0.624309 -0.578931 
0.553041 0.471805 -0.686692 
0.571214 0.449741 -0.686620 
0.503424 0.525768 -0.685662 
0.483293 0.520749 -0.703738 
0.595260 0.661267 -0.456499 
0.650925 0.603898 -0.460004 
0.580332 0.718026 -0.384257 
0.520524 0.824983 -0.220130 
0.508872 0.850641 -0.132135 
0.447830 0.810742 -0.377022 
0.500632 0.679502 -0.536325 
0.582364 0.712860 -0.390746 
0.358416 0.881947 -0.306117 
0.170431 0.959616 -0.223809 
0.342751 0.938890 0.031745 
0.308602 0.930814 -0.195830 
0.443654 0.879770 -0.170807 
0.556199 0.828894 -0.059804 
0.606777 0.754621 -0.249737 
0.617739 0.700964 -0.356438 
0.576323 0.806307 -0.133123 
0.744238 0.625578 -0.234011 
0.905127 0.383374 -0.183764 
0.958787 0.269218 -0.090823 
0.950378 0.280027 -0.135521 
0.961571 0.258789 0.091700 
0.878778 0.436619 0.192646 
0.880481 0.305563 0.362470 
0.879093 0.441384 0.179934 
0.804843 0.593341 0.013168 
0.872232 0.474194 -0.119799 
0.812791 0.582313 -0.016814 
0.858225 0.496911 -0.128569 
0.900693 0.426851 -0.080940 
0.918672 0.394990 -0.004878 
0.974161 0.212640 -0.076122 
0.980592 0.043963 -0.191066 
0.967687 -0.065362 -0.243536 
0.940545 -0.273523 -0.201397 
0.906035 -0.230561 -0.354882 
0.750197 -0.435327 -0.497689 
0.750375 -0.596721 -0.284362 
0.790226 -0.597349 -0.136812 
0.885328 -0.453670 -0.101870 
0.965710 -0.254653 -0.050565 
0.984760 -0.123998 -0.121954 
0.942423 -0.197082 -0.270180 
0.932589 -0.269344 -0.240275 
0.969945 -0.147829 -0.193270 
0.883450 -0.271463 -0.381870 
0.831938 -0.299632 -0.467012 
0.891488 -0.278158 -0.357599 
0.927809 -0.318280 -0.194599 
0.880969 -0.310320 -0.357203 
0.840268 -0.330591 -0.429720 
0.744285 -0.509982 -0.431228 
0.669110 -0.613901 -0.418829 
0.581311 -0.643303 -0.498236 
0.541350 -0.759917 -0.359815 
0.658029 -0.609304 -0.442433 
0.488385 -0.721070 -0.491465 
0.392414 -0.682279 -0.616852 
0.394357 -0.670152 -0.628792 
0.103927 -0.708627 -0.697887 
-0.058192 -0.705247 -0.706569 
-0.100543 -0.820014 -0.563444 
-0.013911 -0.872449 -0.488508 
0.058481 -0.960642 -0.271565 
