-0.517961 -0.856023 -0.102782 
-0.521300 -0.873634 0.117419 
-0.536805 -0.809621 0.314677 
-0.390420 -0.933242 0.177829 
-0.608212 -0.797439 0.255672 
-0.559313 -0.712110 0.496502 
-0.465334 -0.809716 0.394388 
-0.302706 -0.883444 0.399521 
-0.329061 -0.942770 0.208358 
-0.220115 -0.906778 0.445095 
0.037085 -1.010061 0.283293 
-0.132278 -0.950275 0.334502 
-0.340186 -0.937052 0.241015 
-0.279554 -0.888092 0.407959 
-0.445701 -0.894657 0.238683 
-0.308065 -0.880915 0.428231 
-0.255273 -0.805239 0.557647 
-0.180550 -0.780740 0.605088 
-0.093735 -0.851128 0.533311 
-0.147853 -0.889509 0.445948 
-0.260962 -0.884762 0.404470 
-0.150286 -0.969687 0.272118 
-0.182740 -0.901368 0.429182 
0.052573 -0.913676 0.468252 
-0.032121 -0.822399 0.594346 
0.115540 -0.708604 0.733832 
0.113356 -0.762884 0.644500 
0.251565 -0.886248 0.466218 
0.404292 -0.808786 0.459058 
0.539146 -0.759838 0.395469 
0.370715 -0.753818 0.605588 
0.429683 -0.640153 0.650149 
0.286141 -0.587165 0.783969 
0.105126 -0.697168 0.741077 
0.161101 -0.525913 0.862660 
0.095075 -0.549615 0.833152 
0.105131 -0.356081 0.956515 
0.285041 -0.543845 0.838905 
0.309169 -0.689297 0.687334 
0.471050 -0.515513 0.757083 
0.445564 -0.352641 0.843085 
0.256177 -0.314675 0.938918 
0.435615 -0.474778 0.811413 
0.402415 -0.303739 0.883180 
0.275624 -0.290686 0.925915 
0.310040 -0.345081 0.888946 
0.106499 -0.452489 0.915182 
0.004604 -0.581708 0.833458 
0.064610 -0.648180 0.766740 
-0.076511 -0.728156 0.703041 
0.091505 -0.785148 0.640564 
-0.049473 -0.780162 0.639138 
-0.009330 -0.801536 0.600749 
0.023608 -0.943302 0.409242 
0.195856 -0.995642 0.206984 
0.389107 -0.933037 0.147058 
0.221943 -0.987420 0.094539 
0.165626 -1.003740 -0.120695 
0.403036 -0.963624 0.078990 
0.439499 -0.878283 0.304188 
0.357106 -0.936787 0.159203 
0.403972 -0.935142 -0.032561 
0.323742 -0.947080 -0.084481 
0.511068 -0.883467 -0.026931 
0.415517 -0.921909 0.216825 
0.565094 -0.853418 0.058234 
0.489915 -0.888603 -0.171600 
0.437691 -0.881202 -0.184415 
0.636499 -0.768725 -0.244327 
0.505645 -0.919050 0.003418 
0.383506 -0.930747 -0.102282 
0.581826 -0.839207 -0.074508 
0.760956 -0.681033 -0.129032 
0.580732 -0.839022 -0.124089 
0.411200 -0.959281 0.126857 
0.199361 -1.024305 -0.104013 
0.083135 -0.979953 -0.272584 
0.207197 -0.974793 -0.176359 
0.209621 -0.971817 -0.120783 
0.145127 -0.981385 -0.143479 
0.286164 -0.936034 -0.294398 
0.406976 -0.922975 -0.141705 
0.421198 -0.865442 -0.341721 
0.340264 -0.913448 -0.256064 
0.208733 -0.973891 -0.184382 
0.379948 -0.931051 -0.145793 
0.377757 -0.918891 -0.116903 
0.404726 -0.936876 0.114721 
0.390151 -0.911420 0.132449 
0.367722 -0.928422 0.079837 
0.316270 -0.946793 0.080864 
0.470910 -0.891993 0.099220 
0.377492 -0.923565 0.120507 
0.148630 -1.006570 0.159708 
0.342438 -0.916222 0.355677 
0.443460 -0.850304 0.308875 
0.271082 -0.986149 0.157896 
0.400437 -0.908915 0.189806 
0.562996 -0.858109 0.030538 
0.664090 -0.762352 -0.042415 
