132
124
141
152
145
138
172
178
150
153
175
163
188
163
161
195
198
170
164
142
193
155
244
220
179
204
215
152
147
180
189
158
143
158
192
199
185
155
213
206
198
158
183
163
206
126
220
216
179
159
192
130
185
197
192
183
173
181
204
214
166
202
191
201
196
199
183
218
208
187
235
201
174
110
162
216
167
228
201
128
185
175
142
171
191
153
148
156
191
172
199
178
200
172
152
198
230
189
160
181
206
213
200
177
202
166
218
184
201
178
164
206
181
187
154
215
209
166
192
216
202
172
187
183
177
154
181
254
209
128
145
214
146
140
208
171
198
181
178
193
195
174
221
189
191
195
231
161
157
224
176
179
164
213
205
174
211
187
226
219
166
209
168
149
164
190
142
199
179
199
218
153
209
203
210
185
158
191
197
177
185
193
149
176
199
199
168
193
223
140
176
155
233
178
166
190
160
194
198
207
182
176
171
175
188
180
200
191
208
200
225
223
157
146
181
165
195
