0.418037
0.471911
0.494232
0.503982
0.432770
0.460587
0.457789
0.489694
0.498219
0.481680
0.503351
0.487818
0.414512
0.488300
0.464116
0.490930
0.381023
0.444817
0.423275
0.432870
0.468048
0.361921
0.386573
0.469968
0.423249
0.376598
0.484379
0.426473
0.340295
0.322825
0.468754
0.416545
0.352518
0.485769
0.334783
0.465831
0.478923
0.597844
0.522327
0.524622
0.469839
0.612377
0.432076
0.514147
0.630096
0.458287
0.494366
0.393458
0.438896
0.387022
0.443065
0.610065
0.457842
0.368173
0.338186
0.520438
0.580377
0.461071
0.616499
0.333153
0.533170
0.414551
0.572409
0.591392
0.382664
0.577776
0.528214
0.346307
0.449346
0.392584
0.332505
0.518022
0.319102
0.614372
0.419477
0.334765
0.397837
0.327298
0.340460
0.423609
0.361558
0.428557
0.460621
0.411035
0.326264
0.450655
0.330466
0.440905
0.333611
0.366210
0.317178
0.308232
0.319965
0.471744
0.335432
0.368253
0.334472
0.317931
0.366569
0.486788
0.423155
0.301671
0.325396
0.493355
0.382201
0.402847
0.474015
0.403752
0.298450
0.325877
0.333765
0.466808
0.424411
0.327681
0.278429
0.304060
0.282691
0.278105
0.296934
0.293306
0.280887
0.313718
0.314894
0.299052
0.308680
0.294668
0.305365
0.321368
0.296807
0.311766
0.299707
0.286850
0.303684
0.329440
0.345509
0.296846
0.291511
0.324531
0.309336
0.302509
0.305934
0.342819
0.334878
0.287684
0.350707
0.297331
0.298322
0.320224
0.354341
0.300928
0.372720
0.335428
0.340605
0.315925
0.345729
0.317056
0.309390
0.313002
0.333556
0.386973
0.383400
0.300758
0.312253
0.417077
0.343648
0.431200
0.467791
0.445561
0.398568
0.307723
0.400232
0.311591
0.308021
0.287870
0.436358
0.282028
0.314395
0.317159
0.320398
0.417780
0.325529
0.424921
0.316778
0.277086
0.474150
0.367415
0.390372
0.417092
0.385235
0.429524
0.436142
0.399950
0.354838
0.417662
0.435399
0.374630
0.380571
0.421666
0.311333
0.311689
0.391241
0.345898
0.283577
0.344295
0.407303
0.391859
0.356174
0.413836
0.240972
0.430464
0.355036
0.447823
0.372097
0.450790
0.389814
0.425851
0.381207
0.328931
0.395560
0.335522
0.454111
0.336386
0.447116
0.376911
0.287531
0.250223
0.307747
0.252747
0.344363
0.396051
0.209215
0.412160
0.230843
0.412926
0.380643
0.261441
0.328850
0.360422
0.203481
0.407552
0.437238
0.251008
0.421944
0.237102
0.170776
0.433231
0.440712
0.402458
0.289510
0.217749
0.208361
0.346048
0.308213
0.195573
0.301157
0.263394
0.372950
0.400568
0.435587
0.437300
0.349634
0.239092
0.282639
0.261100
0.288638
0.360919
0.223327
0.262038
0.365543
0.371710
0.185059
0.393109
0.377677
0.201314
0.341682
0.207725
0.405958
0.387878
0.213579
0.351961
0.380596
0.411060
0.247299
0.306069
0.180579
0.393541
0.371964
0.415507
0.228972
0.364996
0.323755
0.398564
0.336973
0.328727
0.220167
0.385477
0.398919
0.388756
0.267338
0.221584
0.249724
0.240447
0.235879
0.294594
0.205331
0.203431
0.311547
0.365637
0.229160
0.171397
0.204029
0.246650
0.260792
0.222917
0.267832
0.206207
0.324769
0.392558
0.261492
0.287628
0.263947
0.171130
0.205696
0.176928
0.263332
0.191796
0.253911
0.284916
0.388289
0.147017
0.137317
0.262841
0.247255
0.207713
0.192036
0.450045
0.434563
0.416950
0.455432
0.393349
0.421730
0.462423
0.450880
0.435076
0.396596
0.368753
0.447708
0.426075
0.453847
0.442352
0.427281
0.428412
0.471333
0.438865
0.430278
0.436597
0.348910
0.433420
0.484687
0.450158
0.352518
0.472044
0.437876
0.330379
0.485032
0.316533
0.461735
0.448909
0.417036
0.417877
0.394771
0.466606
0.473204
0.233374
0.239857
0.252907
0.225149
0.256409
0.248054
0.212098
0.266699
0.266219
0.205825
0.277999
0.280210
0.212505
0.267383
0.296600
0.279333
0.222220
0.270663
0.264855
0.184890
0.246152
0.296613
0.291648
0.205294
0.268720
0.186374
0.211542
0.288915
0.254457
0.214373
0.314772
0.189299
0.192114
0.209286
0.237900
0.423061
0.414167
0.432533
0.396134
0.406587
0.436644
0.406916
0.376311
0.380635
0.394094
0.436211
0.422070
0.439524
0.449974
0.448462
0.452854
0.358977
0.438536
0.438811
0.445768
0.364804
0.449350
0.409127
0.450593
0.452796
0.340044
0.401607
0.430665
0.343413
0.359936
0.426548
0.421855
0.361339
0.426541
0.437489
0.438325
0.424632
0.430028
0.443049
0.398117
0.390722
0.375747
0.405977
0.345547
0.427280
0.309708
0.430555
0.376383
0.357075
0.369433
0.368515
0.263690
0.423178
0.357962
0.353497
0.351619
0.440993
0.345733
0.396560
0.382794
0.381006
0.271719
0.332524
0.433853
0.408779
0.329358
0.338161
0.313001
0.383781
0.446871
0.324918
0.447222
0.362502
0.341235
0.339864
0.330731
0.290506
0.387944
0.278260
0.239139
0.319247
0.362482
0.219028
0.292176
0.198957
0.173971
0.300688
0.362333
0.274709
0.265819
0.186192
0.307512
0.179964
0.193568
0.248750
0.337767
0.331944
0.329935
0.390071
0.170634
0.350835
0.317850
0.163436
0.231407
0.237093
0.406415
0.289675
0.142547
0.215254
0.231251
0.342891
0.222816
0.338056
0.278900
0.335428
0.385503
0.146594
0.371451
0.333466
0.370026
0.299084
0.396037
0.272759
0.446189
0.368413
0.266731
0.379864
0.267946
0.277853
0.320961
0.291862
0.279121
0.412825
0.301683
0.440233
0.331027
0.365810
0.276128
0.482537
0.416621
0.288156
0.318072
0.287944
0.500178
0.282609
0.451051
0.277785
0.338503
0.296341
0.370424
0.507742
0.289231
0.302323
0.481998
0.312392
0.310929
0.316611
0.319595
0.309355
0.320746
0.316391
0.323323
0.301664
0.334046
0.304561
0.309247
0.334947
0.330969
0.345341
0.303751
0.306651
0.328939
0.347458
0.282926
0.340138
0.322513
0.381169
0.323290
0.327236
0.331973
0.307845
0.315398
0.367992
0.315883
0.300739
0.278832
0.393049
0.345887
0.326144
0.330154
0.287979
0.253590
0.277550
0.291156
0.270654
0.273744
0.273552
0.303077
0.282598
0.278749
0.223224
0.270658
0.296875
0.193534
0.248245
0.225845
0.264880
0.272575
0.324262
0.172562
0.253061
0.216800
0.234986
0.249886
0.305472
0.193899
0.222311
0.174544
0.308846
0.267847
0.338339
0.232631
0.256377
0.273773
0.245243
0.381840
0.407456
0.393964
0.370484
0.345434
0.400405
0.303829
0.424174
0.258257
0.437925
0.324209
0.381552
0.320786
0.349170
0.211793
0.281905
0.173440
0.223342
0.437006
0.201652
0.282791
0.334850
0.275788
0.393720
0.413407
0.400712
0.435937
0.239477
0.329692
0.269990
0.231508
0.236304
0.400777
0.192604
0.321800
0.307067
0.297860
0.346738
0.359685
0.359928
0.365935
0.356551
0.383229
0.395505
0.275255
0.257396
0.393155
0.333471
0.230434
0.334315
0.222358
0.359651
0.369253
0.372969
0.371219
0.341149
0.368569
0.290626
0.319322
0.375255
0.379636
0.364798
0.259666
0.337578
0.326842
0.212689
0.384779
0.358341
0.390149
0.244627
0.291438
0.355778
0.472793
0.454204
0.440507
0.393477
0.480287
0.465043
0.415657
0.465981
0.404998
0.388086
0.417412
0.364505
0.453481
0.453974
0.464839
0.429344
0.451820
0.431694
0.437099
0.336705
0.482309
0.430954
0.409041
0.450781
0.451027
0.403243
0.440721
0.332873
0.370256
0.349908
0.406704
0.358097
0.410763
0.320531
0.349528
0.425044
0.380581
0.475782
0.439377
0.455349
0.427044
0.443669
0.498210
0.510386
0.446372
0.465955
0.420632
0.433623
0.421707
0.472564
0.439148
0.471593
0.449411
0.490031
0.446314
0.456271
0.414824
0.439070
0.440803
0.408540
0.491326
0.463246
0.489523
0.507988
0.431070
0.417848
0.417960
0.500721
0.510680
0.459394
0.469558
0.440175
0.459539
0.439618
0.446847
0.462109
0.412978
0.411606
0.372524
0.369878
0.406756
0.413875
0.415601
0.387953
0.425541
0.357944
0.360102
0.462411
0.430529
0.390714
0.428754
0.306658
0.461139
0.425032
0.341652
0.307760
0.418192
0.453992
0.442582
0.432714
0.432636
0.281993
0.400231
0.321583
0.449786
0.431105
0.413939
0.281875
0.425400
0.275636
0.339787
0.386022
0.287340
0.284288
0.314755
0.275926
0.262507
0.340637
0.297085
0.292817
0.258812
0.291257
0.256855
0.261520
0.260817
0.266456
0.354343
0.331141
0.293523
0.277419
0.272009
0.275271
0.298111
0.364418
0.268298
0.310759
0.287340
0.295051
0.303432
0.280198
0.301919
0.301403
0.293094
0.297802
0.284317
0.320647
0.360090
0.512937
0.366219
0.420122
0.285339
0.250728
0.579607
0.357504
0.567863
0.346599
0.426773
0.451990
0.210636
0.404643
0.527044
0.218389
0.260709
0.401643
0.616868
0.345107
0.400891
0.352644
0.294817
0.529523
0.518638
0.609134
0.176408
0.360038
0.347722
0.306251
0.315362
0.215084
0.579098
0.621646
0.623170
0.388627
0.340621
0.180628
0.376686
0.396441
0.359748
0.335695
0.330038
0.359684
0.402904
0.337674
0.360605
0.368481
0.394518
0.412962
0.311350
0.274737
0.377623
0.344754
0.430377
0.338326
0.342480
0.257151
0.329983
0.295220
0.354308
0.380981
0.394130
0.411467
0.415558
0.319149
0.257038
0.346982
0.280914
0.327084
0.211937
0.356698
0.329660
0.332877
0.377676
0.201455
0.242838
0.163006
0.233320
0.215436
0.142344
0.187833
0.234424
0.268718
0.290925
0.136935
0.318152
0.304868
0.293943
0.284641
0.236527
0.208217
0.182151
0.308775
0.133390
0.315060
0.159423
0.151599
0.307963
0.111321
0.180559
0.266653
0.326558
0.308426
0.304790
0.169740
0.359464
0.311864
0.297704
0.381387
0.146618
0.448976
0.451492
0.464189
0.413373
0.447748
0.398918
0.414218
0.428466
0.453055
0.445530
0.436167
0.430026
0.421019
0.434447
0.472610
0.393220
0.482769
0.485425
0.484245
0.502394
0.385737
0.382596
0.512629
0.407343
0.474744
0.421050
0.481497
0.500861
0.488978
0.425267
0.420572
0.455864
0.394402
0.423693
0.511438
0.362820
0.326449
0.283671
0.290100
0.247373
0.338950
0.347884
0.216758
0.299900
0.295598
0.394805
0.417283
0.253582
0.338313
0.419573
0.400355
0.226037
0.341611
0.338295
0.230121
0.286811
0.203146
0.422006
0.260084
0.297895
0.365331
0.184698
0.345314
0.395499
0.264349
0.323132
0.352196
0.420813
0.335110
0.354577
0.337751
0.401173
0.365427
0.295955
0.234562
0.396726
0.199884
0.270122
0.165299
0.386997
0.234489
0.317370
0.269596
0.305676
0.348102
0.215195
0.237201
0.137755
0.209371
0.314118
0.302137
0.475789
0.470666
0.189515
0.212477
0.133369
0.163270
0.243870
0.304758
0.342375
0.181154
0.289732
0.286138
0.176214
0.513678
0.430604
0.539382
0.260861
0.589534
0.359110
0.296010
0.300712
0.315083
0.335590
0.298414
0.300920
0.315826
0.316937
0.335260
0.310824
0.309736
0.302636
0.313472
0.330694
0.306851
0.294052
0.325562
0.315231
0.318068
0.339648
0.353429
0.338862
0.355614
0.293573
0.381630
0.309717
0.337842
0.333370
0.322263
0.383517
0.309115
0.291731
0.353788
0.334091
0.289577
0.334370
0.301945
0.287179
0.302504
0.252170
0.196205
0.283242
0.240304
0.227027
0.230901
0.238423
0.301958
0.291950
0.236150
0.212671
0.258507
0.291828
0.220431
0.312850
0.231502
0.190553
0.185366
0.176197
0.258890
0.264919
0.182731
0.175889
0.315286
0.269763
0.285793
0.265963
0.196645
0.341071
0.179014
0.302630
0.280689
0.197052
0.343395
0.535580
0.462405
0.591967
0.588654
0.480108
0.617300
0.436944
0.363092
0.412737
0.457277
0.421305
0.344348
0.616691
0.415399
0.304867
0.276519
0.498454
0.393497
0.613610
0.352928
0.550233
0.624416
0.582547
0.298592
0.278934
0.384009
0.354300
0.266141
0.292605
0.524608
0.327570
0.560794
0.475764
0.603757
0.380789
0.342529
0.276200
0.578799
0.352977
0.568767
0.406164
0.265119
0.224455
0.210747
0.199169
0.288366
0.274832
0.297887
0.194069
0.231066
0.257845
0.254519
0.300046
0.180173
0.317879
0.269844
0.243124
0.277531
0.253642
0.327963
0.301129
0.196342
0.251797
0.289555
0.235133
0.337515
0.296897
0.188080
0.320325
0.337607
0.276028
0.220711
0.221602
0.283421
0.271709
0.320104
0.289803
0.262496
0.429581
0.399455
0.440318
0.420287
0.361781
0.425045
0.467933
0.345520
0.321086
0.405973
0.424172
0.397744
0.486529
0.489483
0.407761
0.327155
0.411383
0.478059
0.303537
0.368559
0.295070
0.407336
0.408020
0.482093
0.315190
0.333443
0.453730
0.454117
0.374298
0.393404
0.505861
0.341127
0.459024
0.443449
0.458233
0.359577
0.454462
0.482194
0.427682
0.378922
0.415278
0.391174
0.483767
0.356839
0.529570
0.475248
0.413147
0.477833
0.576788
0.517746
0.336825
0.330604
0.336733
0.547707
0.572841
0.291815
0.306490
0.539062
0.466387
0.344825
0.399727
0.311130
0.420315
0.393020
0.573752
0.398601
0.339773
0.609992
0.349755
0.330352
0.275395
0.627087
0.587234
0.324873
0.302896
0.314194
0.368713
0.294873
0.269819
0.395011
0.339437
0.314764
0.319376
0.300615
0.329455
0.361833
0.280790
0.247858
0.436724
0.342366
0.392512
0.341496
0.427273
0.459591
0.427784
0.402046
0.370334
0.347395
0.267829
0.258454
0.307762
0.333617
0.306310
0.324160
0.309074
0.359348
0.238524
0.454388
0.389678
0.438261
0.274911
0.497672
0.570298
0.529512
0.411744
0.602403
0.387783
0.600936
0.623651
0.322454
0.469291
0.358606
0.577698
0.416735
0.345777
0.586385
0.403660
0.618252
0.281172
0.400299
0.465931
0.530418
0.460418
0.478070
0.415361
0.226759
0.488488
0.590244
0.363239
0.382472
0.586103
0.569243
0.246657
0.544872
0.583328
0.618308
0.364846
0.398172
0.357742
0.420295
0.392765
0.352779
0.381493
0.366295
0.432167
0.356079
0.371617
0.437371
0.369204
0.336809
0.318352
0.377269
0.409659
0.355198
0.432347
0.433080
0.341428
0.339780
0.399125
0.322316
0.366593
0.398588
0.370660
0.421890
0.334873
0.367226
0.412476
0.358482
0.339098
0.364175
0.424122
0.319972
0.352417
0.428224
0.429982
0.432623
0.419112
0.426476
0.432741
0.426948
0.421102
0.430654
0.416015
0.439153
0.399943
0.391854
0.420512
0.410326
0.403030
0.353042
0.427992
0.396549
0.405825
0.420739
0.385111
0.433348
0.410730
0.405375
0.422245
0.432511
0.382299
0.423408
0.417462
0.315604
0.370415
0.361787
0.366907
0.429958
0.386212
0.394452
0.414005
0.473159
0.443048
0.425851
0.402882
0.487925
0.386099
0.395493
0.490112
0.452576
0.362302
0.489799
0.481326
0.484410
0.485679
0.488542
0.411703
0.494846
0.493276
0.334277
0.471189
0.331505
0.473858
0.439448
0.471033
0.383104
0.429935
0.438321
0.328478
0.399441
0.511386
0.341953
0.352973
0.489730
0.477589
0.401368
0.474006
0.383043
0.450607
0.449602
0.440526
0.447248
0.437148
0.436342
0.456514
0.437349
0.434486
0.418468
0.428318
0.454630
0.439164
0.423768
0.449709
0.418621
0.451712
0.458731
0.453593
0.391256
0.403348
0.417688
0.412629
0.457244
0.436654
0.429518
0.398740
0.389686
0.401325
0.456951
0.408776
0.379269
0.462086
0.368672
0.375566
0.313007
0.319958
0.298005
0.298815
0.299543
0.315925
0.300038
0.300109
0.325538
0.329762
0.338335
0.305228
0.296062
0.317438
0.291875
0.291473
0.305150
0.310671
0.295018
0.315092
0.330225
0.299318
0.302545
0.305837
0.301512
0.304167
0.306785
0.307488
0.287813
0.299475
0.311423
0.308334
0.319842
0.337779
0.293061
0.309505
0.298639
0.328638
0.328440
0.336160
0.365140
0.333683
0.316770
0.337178
0.400893
0.419839
0.319558
0.324668
0.332819
0.419031
0.309522
0.390853
0.314716
0.433943
0.333719
0.366175
0.344518
0.355449
0.307177
0.400926
0.325107
0.310131
0.354899
0.411085
0.300029
0.325086
0.305481
0.377026
0.450466
0.347869
0.299021
0.382156
0.294597
0.319329
0.430096
0.451921
0.363799
0.447800
0.346070
0.456820
0.334481
0.441214
0.367481
0.437327
0.311849
0.317301
0.392967
0.343851
0.294992
0.311896
0.412592
0.338100
0.340091
0.436858
0.335462
0.280980
0.390837
0.443734
0.266593
0.283519
0.338242
0.308779
0.385025
0.281101
0.279730
0.411427
0.368025
0.318134
0.461567
0.268822
0.304143
0.458070
0.292827
0.351802
0.370493
0.412398
0.346277
0.303350
0.428196
0.339765
0.430987
0.364573
0.300830
0.421444
0.285480
0.307557
0.302173
0.294930
0.285832
0.367076
0.283079
0.421934
0.303431
0.290065
0.310688
0.353516
0.350896
0.307251
0.320776
0.299655
0.450948
0.388625
0.343179
0.454256
0.317660
0.288878
0.443477
0.334590
0.386277
0.402148
0.398436
0.438520
0.375941
0.430095
0.364734
0.329030
0.437414
0.432853
0.328373
0.453405
0.360695
0.425987
0.441064
0.381110
0.391760
0.465376
0.443160
0.477624
0.360844
0.426080
0.445648
0.405885
0.446397
0.345179
0.431644
0.444484
0.428976
0.455175
0.452037
0.421358
0.322731
0.491760
0.418402
0.442174
0.476532
0.437941
0.328164
0.434453
0.185213
0.243156
0.177079
0.173778
0.251681
0.192429
0.296408
0.239204
0.344708
0.272558
0.190454
0.316644
0.357318
0.264140
0.171696
0.293700
0.224779
0.317737
0.174676
0.241454
0.213287
0.192049
0.198548
0.231953
0.250285
0.271495
0.180010
0.385750
0.257479
0.391364
0.304820
0.325788
0.196239
0.208402
0.373302
0.229921
0.177069
0.211099
0.360685
0.402635
0.387461
0.410192
0.371463
0.423287
0.435182
0.392329
0.367233
0.451642
0.359172
0.366060
0.432888
0.409691
0.400404
0.442968
0.355647
0.441064
0.340374
0.341526
0.375641
0.402238
0.453990
0.448075
0.390925
0.453477
0.429865
0.451852
0.443554
0.454905
0.462386
0.422648
0.432509
0.433334
0.374979
0.399675
0.446798
0.332114
0.382544
0.357272
0.284192
0.342667
0.338635
0.267425
0.242189
0.359160
0.380697
0.217678
0.370259
0.229510
0.267735
0.403541
0.278275
0.193514
0.229068
0.292559
0.308633
0.384008
0.194579
0.269803
0.162132
0.294276
0.341985
0.346314
0.413114
0.351531
0.238171
0.166859
0.263551
0.358528
0.187130
0.233180
0.380079
0.329847
0.366767
0.388734
0.289928
0.288706
0.398492
0.185097
0.179600
0.296447
0.293068
0.336455
0.174248
0.190992
0.200702
0.311314
0.219941
0.225598
0.368194
0.204861
0.161413
0.400900
0.385836
0.191099
0.138962
0.290819
0.392859
0.212705
0.166892
0.378199
0.139952
0.305843
0.172229
0.152781
0.370204
0.339387
0.251767
0.423024
0.299302
0.213511
0.405863
0.154458
0.356117
0.214226
0.249487
0.223826
0.270139
0.270717
0.186988
0.287181
0.304476
0.313829
0.179294
0.219940
0.322094
0.208713
0.186077
0.317032
0.217420
0.162761
0.188533
0.253800
0.263108
0.148666
0.202078
0.350283
0.355855
0.132884
0.246657
0.184460
0.157802
0.296444
0.352104
0.261956
0.339314
0.358735
0.301523
0.309024
0.199027
0.297296
0.309834
0.314426
0.323013
0.327973
0.300977
0.325674
0.315045
0.309894
0.351016
0.331760
0.337653
0.337305
0.308224
0.369214
0.335809
0.305484
0.337183
0.380026
0.306818
0.331300
0.312051
0.303959
0.313242
0.332113
0.325124
0.333588
0.328943
0.354170
0.291031
0.299343
0.376403
0.303032
0.296421
0.328006
0.311872
0.296356
0.301561
0.309743
0.293282
0.273367
0.307679
0.282964
0.296194
0.257433
0.283264
0.283354
0.320332
0.307175
0.244191
0.342999
0.383938
0.258455
0.416094
0.284609
0.396006
0.236454
0.255503
0.316808
0.313555
0.284518
0.440202
0.309371
0.347987
0.262881
0.373683
0.329905
0.450891
0.328813
0.300970
0.298565
0.290982
0.277664
0.287889
0.326697
0.323926
0.296809
0.345484
0.399457
0.430972
0.385477
0.327331
0.321521
0.356925
0.403128
0.362275
0.391242
0.406345
0.374480
0.441928
0.391110
0.366677
0.403025
0.447151
0.449998
0.427798
0.419244
0.363605
0.412802
0.302160
0.335211
0.368745
0.437868
0.417377
0.404634
0.450718
0.329251
0.409188
0.320942
0.325466
0.317199
0.344253
0.392750
0.302201
0.405625
0.389943
0.432310
0.424370
0.423185
0.426665
0.424045
0.423985
0.435116
0.433141
0.421960
0.422547
0.430547
0.412228
0.415730
0.428345
0.405686
0.421380
0.436487
0.386957
0.412961
0.410697
0.428925
0.404392
0.420671
0.391642
0.410366
0.432145
0.402235
0.404973
0.419552
0.427148
0.388478
0.399971
0.431313
0.432252
0.375551
0.403416
0.382426
0.414358
0.396173
0.439862
0.401931
0.458280
0.358542
0.374568
0.396418
0.326026
0.394172
0.408951
0.461391
0.337848
0.315749
0.397905
0.400752
0.348994
0.394517
0.473961
0.459488
0.361090
0.312154
0.375687
0.445295
0.338928
0.396929
0.329133
0.371801
0.438257
0.475914
0.352406
0.440164
0.302734
0.377360
0.291421
0.375364
0.319244
0.373650
0.385384
0.373393
0.384649
0.411652
0.390891
0.378304
0.388960
0.386420
0.344695
0.361026
0.362686
0.313657
0.361480
0.419710
0.376148
0.330195
0.260557
0.315869
0.290872
0.445757
0.383689
0.376963
0.266288
0.463782
0.355492
0.339395
0.300154
0.330975
0.380011
0.331010
0.361323
0.439304
0.414079
0.359147
0.242297
0.359193
0.332809
0.219828
0.218247
0.247307
0.221091
0.234338
0.227420
0.250114
0.238750
0.272625
0.285069
0.282704
0.213929
0.270616
0.254503
0.209579
0.262609
0.317452
0.243466
0.278803
0.192567
0.292603
0.289677
0.282926
0.305982
0.303177
0.222284
0.345273
0.208889
0.199353
0.193276
0.280679
0.343883
0.242663
0.186245
0.242375
0.425101
0.432159
0.436444
0.439482
0.416882
0.423791
0.439090
0.435792
0.404921
0.448258
0.473806
0.434624
0.408947
0.421353
0.451567
0.392807
0.465183
0.446977
0.408693
0.461848
0.457534
0.445731
0.378751
0.429933
0.361044
0.406275
0.345505
0.400849
0.442647
0.392527
0.396160
0.461574
0.396736
0.454506
0.371385
0.466743
0.421673
0.243812
0.279588
0.298826
0.273502
0.233210
0.291110
0.333297
0.304071
0.237304
0.347934
0.220690
0.247064
0.361511
0.304452
0.213380
0.386479
0.257793
0.383898
0.230921
0.200689
0.325569
0.251472
0.201542
0.273831
0.393682
0.364514
0.301417
0.346291
0.340354
0.274604
0.272813
0.306767
0.323724
0.264388
0.209346
0.322074
0.453541
0.469119
0.448813
0.437585
0.467813
0.471632
0.463408
0.445452
0.452321
0.443769
0.444725
0.433079
0.442724
0.457131
0.438216
0.400401
0.458989
0.459726
0.446525
0.436136
0.427328
0.438048
0.464604
0.428538
0.461100
0.487540
0.407916
0.462228
0.399796
0.435622
0.417064
0.466114
0.426254
0.358883
0.413063
0.461724
0.365079
0.375281
0.347818
0.345402
0.335483
0.362453
0.384758
0.377199
0.327695
0.372524
0.305382
0.406312
0.380323
0.296497
0.432274
0.408885
0.421440
0.296694
0.324525
0.358620
0.394828
0.433275
0.407086
0.413143
0.364078
0.429578
0.278522
0.442656
0.391119
0.380783
0.253381
0.431103
0.387110
0.367823
0.391870
0.348008
0.386914
0.374162
0.356035
0.311694
0.384214
0.338635
0.406441
0.335327
0.291640
0.359582
0.275357
0.321045
0.422376
0.355496
0.336263
0.408124
0.385843
0.332726
0.306445
0.371578
0.265010
0.414021
0.256935
0.410677
0.364259
0.299530
0.316039
0.282410
0.433196
0.332590
0.427165
0.465810
0.530474
0.579282
0.475595
0.534579
0.475337
0.388378
0.388708
0.332962
0.465607
0.330663
0.308876
0.528242
0.617922
0.296583
0.256459
0.574783
0.257065
0.572872
0.467793
0.351867
0.260043
0.295391
0.252661
0.221153
0.286325
0.388762
0.587753
0.402172
0.546625
0.459430
0.214585
0.626264
0.389084
0.509828
0.328765
0.341755
0.624439
0.227299
0.391953
0.439043
0.466972
0.393084
0.397840
0.462134
0.343569
0.373183
0.413336
0.480352
0.381921
0.468278
0.317527
0.463417
0.476477
0.318288
0.460156
0.462992
0.415533
0.444418
0.279679
0.229859
0.432597
0.471637
0.433370
0.229260
0.277386
0.436574
0.447009
0.471423
0.271404
0.354186
0.345065
0.455053
0.449715
0.461980
0.312939
0.296520
0.313698
0.333483
0.309255
0.310839
0.299295
0.310394
0.327338
0.292270
0.325591
0.284952
0.345081
0.323348
0.324458
0.349010
0.331011
0.282226
0.323398
0.365114
0.296457
0.291779
0.347843
0.312868
0.363775
0.304277
0.290815
0.328057
0.328957
0.289417
0.332241
0.363927
0.361241
0.331595
0.299059
0.281059
0.293065
0.314889
0.129746
0.166111
0.123250
0.202129
0.132302
0.178366
0.231409
0.265600
0.148571
0.125974
0.127999
0.183156
0.209104
0.294315
0.170321
0.247207
0.144202
0.120972
0.107039
0.188118
0.320323
0.211718
0.209679
0.220205
0.154458
0.261782
0.159223
0.292392
0.282387
0.240158
0.263417
0.117636
0.244240
0.215735
0.150611
0.132488
0.248036
0.138349
0.134924
0.294080
0.264199
0.298357
0.277637
0.296424
0.297696
0.308125
0.303062
0.313609
0.316640
0.300563
0.320853
0.299774
0.291924
0.252569
0.268299
0.327786
0.299112
0.296758
0.294590
0.224378
0.231526
0.318841
0.221287
0.236998
0.306580
0.298595
0.350905
0.273712
0.305910
0.326510
0.277671
0.206972
0.214129
0.272932
0.252650
0.465239
0.455107
0.470286
0.453104
0.443631
0.450820
0.420856
0.474000
0.404000
0.445115
0.434147
0.485533
0.379728
0.425725
0.369131
0.440986
0.461409
0.408990
0.398001
0.382187
0.428938
0.440516
0.389096
0.454186
0.481444
0.395671
0.458209
0.465010
0.339198
0.392120
0.404826
0.404874
0.434032
0.331330
0.383489
0.433528
0.438056
0.348938
0.307682
0.382846
0.465147
0.471640
0.263717
0.377952
0.468940
0.468551
0.460866
0.445225
0.389328
0.418395
0.386567
0.479378
0.320944
0.259152
0.307483
0.426291
0.327311
0.315847
0.275773
0.434106
0.251934
0.390496
0.273250
0.478436
0.434474
0.411391
0.390030
0.351713
0.246880
0.328102
0.375767
0.292926
0.440640
0.461284
0.394876
0.364437
0.476705
0.422043
0.331247
0.306130
0.447691
0.455587
0.305140
0.439684
0.445377
0.319610
0.366042
0.464281
0.340791
0.361805
0.293084
0.342232
0.305718
0.481182
0.432873
0.374837
0.475861
0.483049
0.347570
0.448895
0.435430
0.323446
0.473005
0.399130
0.389175
0.453328
0.444712
0.362037
0.436528
0.417778
0.402722
0.384272
0.380833
0.348523
0.349151
0.442770
0.334437
0.486479
0.348528
0.387639
0.367044
0.328325
0.331778
0.299308
0.322314
0.304293
0.285633
0.541138
0.321750
0.427037
0.565826
0.331803
0.436140
0.368108
0.287608
0.416805
0.309785
0.544308
0.343932
0.272209
0.512155
0.340874
0.492073
0.309462
0.316491
0.585849
0.351502
0.430379
0.384614
0.421672
0.452422
0.381695
0.389588
0.394797
0.341593
0.357594
0.480794
0.486561
0.361685
0.410526
0.474132
0.454732
0.362128
0.403056
0.392329
0.297745
0.264074
0.365519
0.447136
0.429409
0.456642
0.457590
0.346157
0.445486
0.508996
0.321958
0.352045
0.229519
0.447652
0.291894
0.251010
0.416189
0.362112
0.455096
0.491737
0.448119
0.457232
0.470717
0.425650
0.473922
0.415510
0.461519
0.404575
0.419150
0.404200
0.383188
0.355510
0.455912
0.353396
0.464807
0.429715
0.326311
0.344615
0.415424
0.400813
0.377520
0.392627
0.397807
0.480282
0.387723
0.370366
0.417412
0.411100
0.399413
0.383086
0.423743
0.355321
0.449553
0.434670
0.366191
0.379128
0.573540
0.505984
0.603540
0.618522
0.624131
0.512047
0.585472
0.505435
0.413729
0.341305
0.540715
0.570575
0.545139
0.596061
0.468052
0.493832
0.293987
0.517194
0.564456
0.423910
0.590486
0.430735
0.366255
0.326653
0.394258
0.604118
0.400585
0.523933
0.458831
0.349502
0.445323
0.625868
0.425116
0.384317
0.556003
0.568566
0.578243
0.354762
0.361665
0.303090
0.411549
0.415156
0.426171
0.365396
0.423738
0.358338
0.337071
0.442090
0.364598
0.429014
0.450814
0.414253
0.410309
0.398268
0.394120
0.362971
0.385756
0.425864
0.335243
0.430036
0.431220
0.380020
0.335186
0.434446
0.342377
0.390909
0.400796
0.440896
0.375716
0.394371
0.346497
0.324005
0.440747
0.413987
0.316263
0.396793
0.302828
0.309341
0.363353
0.385631
0.358801
0.395739
0.406543
0.414829
0.400577
0.363496
0.336815
0.406268
0.429804
0.319014
0.418907
0.411032
0.436693
0.452217
0.424703
0.342707
0.443395
0.338032
0.394715
0.413530
0.363228
0.379030
0.463102
0.415054
0.310468
0.316217
0.419801
0.426902
0.381919
0.302272
0.422217
0.342954
0.424703
0.367311
0.321574
0.306798
0.301705
0.331498
0.289306
0.334605
0.314028
0.337177
0.296079
0.317219
0.291793
0.289153
0.339605
0.273989
0.274953
0.332334
0.327959
0.268900
0.241986
0.279530
0.301552
0.319026
0.258634
0.336366
0.322816
0.326509
0.309278
0.269120
0.324557
0.307188
0.299538
0.324416
0.294456
0.317653
0.258236
0.224189
0.324198
0.438017
0.417889
0.374638
0.489459
0.396542
0.383722
0.468412
0.505179
0.500919
0.499168
0.347858
0.452330
0.465435
0.503863
0.338940
0.395678
0.312770
0.332667
0.329002
0.366261
0.510721
0.446783
0.486831
0.299599
0.329115
0.441270
0.449498
0.322417
0.475757
0.429892
0.401796
0.378732
0.424808
0.423729
0.299018
0.421805
0.377440
0.412750
0.420651
0.389875
0.417881
0.423129
0.413127
0.402614
0.394884
0.345514
0.329363
0.382627
0.328944
0.432914
0.334765
0.387478
0.420951
0.388877
0.344315
0.357534
0.322294
0.433354
0.359930
0.383209
0.459074
0.365673
0.447642
0.402727
0.303652
0.401944
0.383325
0.364305
0.443924
0.316085
0.362181
0.526519
0.477041
0.555636
0.466518
0.401468
0.339712
0.401376
0.597376
0.299217
0.436503
0.307299
0.544414
0.336703
0.382786
0.424030
0.583339
0.471073
0.549168
0.288551
0.543454
0.295259
0.497313
0.316014
0.569720
0.496858
0.564272
0.505872
0.390800
0.613130
0.617835
0.619328
0.341523
0.279858
0.266270
0.475875
0.508152
0.572830
0.363977
0.317497
0.334472
0.319335
0.347432
0.278274
0.265252
0.376027
0.270379
0.401030
0.303924
0.239656
0.307618
0.209179
0.233846
0.408952
0.250571
0.238126
0.286873
0.183415
0.394327
0.339461
0.153777
0.139994
0.221401
0.162191
0.200825
0.181785
0.331837
0.210019
0.229381
0.351205
0.268251
0.325096
0.381109
0.334912
0.371620
0.420549
0.282207
0.412043
0.501159
0.515680
0.478412
0.458076
0.501504
0.432386
0.507227
0.466712
0.451804
0.493901
0.472686
0.472470
0.422296
0.441266
0.450480
0.478260
0.473360
0.462183
0.405010
0.424837
0.449854
0.437203
0.427143
0.437457
0.474730
0.396167
0.421271
0.436288
0.426411
0.413034
0.464545
0.449172
0.500069
0.489045
0.450398
0.460925
0.417887
0.451402
0.408343
0.451648
0.471234
0.423921
0.449042
0.387927
0.439080
0.473497
0.385444
0.351551
0.440455
0.443287
0.467175
0.454470
0.414743
0.416192
0.444198
0.454201
0.386111
0.347930
0.388682
0.334750
0.373898
0.410815
0.420923
0.321947
0.335416
0.310320
0.466478
0.406243
0.456746
0.442261
0.437331
0.399110
0.480406
0.227047
0.204478
0.274416
0.196317
0.310467
0.242770
0.188309
0.233523
0.228493
0.214501
0.256513
0.284908
0.309204
0.221293
0.210595
0.308420
0.266914
0.243135
0.189085
0.328226
0.336431
0.322364
0.301157
0.203731
0.295614
0.266547
0.300279
0.187460
0.335456
0.273238
0.303259
0.219663
0.305476
0.239288
0.320880
0.432461
0.421437
0.397322
0.414558
0.448049
0.368185
0.363060
0.397101
0.319077
0.390676
0.432281
0.432284
0.433026
0.320035
0.309068
0.382712
0.411174
0.282290
0.422549
0.453276
0.404718
0.464798
0.360617
0.435216
0.435757
0.425062
0.336132
0.353652
0.302894
0.479439
0.415135
0.474713
0.451843
0.438070
0.331836
0.270240
0.400738
0.421471
0.425167
0.439983
0.440615
0.380766
0.346956
0.388580
0.306654
0.419914
0.430592
0.316315
0.245732
0.367460
0.391862
0.300506
0.322120
0.406864
0.391603
0.452553
0.263664
0.405067
0.342679
0.442832
0.252541
0.377870
0.296016
0.236703
0.211785
0.431201
0.446539
0.297819
0.353457
0.387863
0.391282
0.369354
0.325144
0.366977
0.288460
0.369685
0.325035
0.314645
0.357458
0.364224
0.271199
0.288813
0.240886
0.393168
0.412727
0.413749
0.219626
0.181868
0.233330
0.198658
0.334124
0.428820
0.320705
0.390592
0.438334
0.242277
0.433686
0.152001
0.158745
0.377031
0.242558
0.355636
0.269384
0.425327
0.305626
0.452260
0.422868
0.186713
0.294547
0.382092
0.175642
0.410081
0.311758
0.293910
0.299787
0.312763
0.299924
0.302753
0.291984
0.306785
0.297579
0.297735
0.313591
0.301541
0.316239
0.295775
0.280086
0.278379
0.329031
0.324839
0.305010
0.285773
0.292306
0.286590
0.307897
0.288949
0.297634
0.305563
0.333831
0.299041
0.301935
0.304600
0.286839
0.316592
0.316970
0.297615
0.322790
0.353866
0.374933
0.367831
0.364664
0.359252
0.375327
0.355423
0.390997
0.332983
0.403936
0.399125
0.371145
0.314565
0.374522
0.328736
0.342281
0.296551
0.268022
0.388396
0.345588
0.385328
0.390490
0.415638
0.374791
0.398270
0.344577
0.351032
0.344962
0.291415
0.323131
0.250798
0.311066
0.401273
0.318077
0.419174
0.360149
0.465122
0.434184
0.453154
0.455874
0.419308
0.445094
0.434090
0.406755
0.434825
0.420338
0.384979
0.390455
0.445499
0.427940
0.408392
0.425596
0.427789
0.401530
0.373762
0.412183
0.409022
0.426411
0.398732
0.348092
0.440310
0.397566
0.410171
0.395516
0.386212
0.407801
0.381078
0.416345
0.413774
0.369779
0.427626
0.356562
0.392660
0.355753
0.446550
0.436546
0.422224
0.454787
0.425719
0.432169
0.409346
0.439049
0.459066
0.452197
0.441782
0.401801
0.463611
0.372824
0.454523
0.367306
0.459387
0.383396
0.467940
0.486776
0.324008
0.399923
0.404424
0.443741
0.356980
0.348693
0.373886
0.488602
0.462941
0.474241
0.448946
0.304946
0.461617
0.394758
0.505755
0.436258
0.365554
0.301320
0.304381
0.307546
0.295966
0.304783
0.288772
0.310539
0.301412
0.309653
0.285257
0.316846
0.277265
0.321397
0.336850
0.281271
0.296072
0.287874
0.330300
0.296075
0.315895
0.312036
0.300559
0.293527
0.306292
0.299253
0.306954
0.324611
0.285097
0.325124
0.291124
0.297665
0.315775
0.305912
0.317057
0.310207
0.321912
0.515056
0.473889
0.494459
0.509170
0.457234
0.463686
0.426930
0.482502
0.461174
0.494852
0.478480
0.384493
0.457707
0.449484
0.352834
0.493503
0.450411
0.308369
0.476798
0.416613
0.462715
0.433853
0.419694
0.357113
0.484203
0.490870
0.421972
0.455439
0.381576
0.477447
0.460524
0.423213
0.418759
0.463000
0.511345
0.418602
0.467482
0.464628
0.410776
0.437706
0.364876
0.423527
0.409431
0.435035
0.400899
0.326030
0.369938
0.395503
0.424496
0.353934
0.392945
0.435012
0.458832
0.323753
0.313322
0.321545
0.308428
0.382482
0.294394
0.345478
0.297462
0.289901
0.284350
0.287285
0.379312
0.404271
0.321403
0.456600
0.316424
0.278445
0.295591
0.299227
0.466769
0.312455
0.298729
0.449681
0.462108
0.445144
0.451563
0.453130
0.426559
0.433218
0.449252
0.461253
0.463838
0.470813
0.467053
0.418409
0.423600
0.415028
0.426730
0.434749
0.393864
0.427138
0.410159
0.459728
0.366763
0.388631
0.423020
0.461212
0.459038
0.421896
0.418828
0.402738
0.364916
0.394152
0.406712
0.443058
0.447626
0.441504
0.411537
0.380859
0.471126
0.424095
0.374601
0.447416
0.429394
0.441574
0.415716
0.438490
0.411410
0.455947
0.343811
0.449192
0.332120
0.354601
0.316704
0.352675
0.338807
0.342187
0.406505
0.298592
0.440247
0.402456
0.386080
0.403983
0.294380
0.384087
0.389638
0.377956
0.404641
0.463606
0.372888
0.293032
0.353350
0.383326
0.381562
0.415509
0.322716
0.372579
0.309882
0.402384
0.341167
0.372769
0.312333
0.323624
0.313407
0.275889
0.268654
0.443311
0.370536
0.507604
0.287281
0.355861
0.244443
0.292262
0.226140
0.361790
0.419054
0.477130
0.502416
0.312362
0.300477
0.188254
0.294598
0.294534
0.437139
0.553897
0.278026
0.297760
0.559948
0.316925
0.525962
0.254899
0.291230
0.196396
0.223882
0.517782
0.597800
0.311097
0.399048
0.311417
0.386606
0.399407
0.310944
0.386782
0.424935
0.359609
0.447897
0.407039
0.410766
0.405120
0.453186
0.476468
0.466163
0.253135
0.313028
0.452995
0.251695
0.389847
0.412439
0.288171
0.427162
0.449641
0.315669
0.345161
0.214546
0.460620
0.251939
0.461210
0.378288
0.450887
0.441236
0.198283
0.331391
0.265130
0.166620
0.352376
0.302335
0.284839
0.288230
0.297303
0.281040
0.316946
0.302098
0.287831
0.283651
0.282619
0.306480
0.298178
0.316640
0.319252
0.329160
0.299481
0.297246
0.311806
0.338662
0.304800
0.310049
0.335023
0.285712
0.309184
0.329586
0.306904
0.340224
0.284294
0.327565
0.291519
0.323307
0.323739
0.295089
0.306995
0.333496
0.286435
0.304048
0.328407
0.341829
0.363544
0.344918
0.336983
0.372022
0.353175
0.361768
0.381098
0.396752
0.320637
0.311534
0.374440
0.389975
0.311383
0.341409
0.392332
0.311343
0.354056
0.310970
0.379727
0.412615
0.396390
0.354076
0.403147
0.414180
0.328976
0.312624
0.338952
0.423763
0.312430
0.379904
0.398427
0.321382
0.296262
0.326720
0.386738
0.419719
0.300645
0.417646
0.464389
0.472873
0.415688
0.414759
0.432361
0.383580
0.370565
0.385238
0.356852
0.359069
0.368850
0.444141
0.407114
0.330275
0.460778
0.416932
0.459273
0.359516
0.460281
0.472851
0.475796
0.394399
0.449911
0.435930
0.470070
0.449075
0.343189
0.461301
0.339807
0.442349
0.469467
0.362777
0.443711
0.318419
0.432452
0.322284
0.439191
0.415961
0.446915
0.425865
0.447440
0.411440
0.432640
0.399454
0.426603
0.414036
0.397798
0.440029
0.479038
0.431900
0.444552
0.421564
0.491483
0.422239
0.506921
0.387207
0.455028
0.442639
0.455972
0.476748
0.380507
0.400598
0.515744
0.400184
0.433378
0.390542
0.442636
0.507765
0.458803
0.418206
0.433754
0.373979
0.315878
0.341904
0.325277
0.319534
0.296248
0.305397
0.339144
0.317268
0.296549
0.330629
0.283845
0.307360
0.318808
0.306598
0.257623
0.338759
0.332349
0.291169
0.304486
0.346105
0.273983
0.285482
0.317686
0.300269
0.261015
0.315132
0.337467
0.325257
0.272829
0.332162
0.239487
0.322532
0.320646
0.297059
0.332040
0.291668
0.238581
0.388282
0.385841
0.193972
0.395502
0.423910
0.225460
0.379281
0.457054
0.342340
0.276830
0.215446
0.212078
0.392586
0.402964
0.327852
0.308554
0.397033
0.388233
0.165813
0.166096
0.297989
0.465037
0.447587
0.424085
0.336215
0.169797
0.372873
0.260690
0.458787
0.331394
0.453052
0.393133
0.267490
0.342414
0.224360
0.217642
0.436038
0.405077
0.461484
0.427529
0.436418
0.466841
0.369623
0.339001
0.406867
0.466652
0.352255
0.297342
0.461071
0.452112
0.445628
0.317684
0.451405
0.360099
0.377900
0.417234
0.387479
0.310342
0.401886
0.467260
0.431168
0.450870
0.416207
0.451521
0.432064
0.478463
0.397700
0.454092
0.470053
0.277963
0.452853
0.445889
0.375289
0.485126
0.280328
0.443208
0.421286
0.396315
0.404663
0.430084
0.416181
0.381173
0.436635
0.422572
0.366740
0.453441
0.459045
0.427310
0.467869
0.429091
0.429057
0.390396
0.448164
0.423659
0.435638
0.410226
0.447582
0.359947
0.460602
0.352171
0.385879
0.337638
0.392072
0.474264
0.409908
0.442183
0.356997
0.384653
0.409140
0.413605
0.463115
0.294159
0.272448
0.291057
0.280909
0.354917
0.345901
0.261289
0.364605
0.335456
0.289632
0.362297
0.256037
0.279723
0.371494
0.275349
0.279297
0.312076
0.349599
0.308490
0.301472
0.272684
0.298056
0.272790
0.290217
0.346906
0.320605
0.265837
0.270255
0.261205
0.334934
0.302978
0.298707
0.362994
0.350526
0.269166
0.367814
0.400951
0.432624
0.389420
0.356370
0.323309
0.360097
0.316485
0.448472
0.292025
0.447717
0.324384
0.318893
0.257296
0.440496
0.450969
0.265581
0.336185
0.246485
0.279600
0.416493
0.372198
0.307762
0.410267
0.438102
0.460502
0.447625
0.282946
0.450847
0.397998
0.388939
0.347586
0.220403
0.467387
0.418650
0.450965
0.442134
0.459926
0.361710
0.361237
0.381697
0.349110
0.362597
0.373112
0.355652
0.347516
0.331710
0.364514
0.394581
0.352392
0.332759
0.330630
0.413437
0.408097
0.377615
0.363214
0.350160
0.320869
0.348300
0.406047
0.325997
0.365931
0.336281
0.323529
0.331777
0.380773
0.416880
0.343954
0.388521
0.324069
0.304885
0.356290
0.426116
0.404111
0.302999
0.476514
0.491527
0.486922
0.477290
0.488494
0.449014
0.492880
0.455839
0.477089
0.417696
0.436931
0.470953
0.478659
0.461355
0.498980
0.406280
0.458928
0.423153
0.441827
0.476947
0.448308
0.501262
0.489079
0.423467
0.368454
0.448394
0.419195
0.405841
0.425929
0.467853
0.386852
0.498022
0.454367
0.442327
0.479516
0.508948
0.331729
0.341758
0.381082
0.329915
0.397232
0.313559
0.366672
0.419979
0.337753
0.427259
0.341619
0.363922
0.293032
0.400095
0.312791
0.263174
0.416167
0.372644
0.405841
0.421332
0.375147
0.421942
0.254113
0.211636
0.312740
0.344137
0.199761
0.268433
0.399182
0.300329
0.184215
0.393332
0.246813
0.346122
0.341870
0.283283
0.322360
0.460549
0.449489
0.437742
0.443111
0.413265
0.462387
0.427772
0.468816
0.370645
0.441195
0.412697
0.413793
0.424041
0.371587
0.415535
0.425168
0.381643
0.433411
0.394424
0.449508
0.437059
0.442052
0.421965
0.416329
0.374490
0.394106
0.356709
0.420135
0.436438
0.447397
0.376299
0.466099
0.346473
0.391888
0.466090
0.304543
0.423018
0.351925
0.353199
0.331658
0.337034
0.386539
0.325309
0.306024
0.291821
0.297028
0.368965
0.409999
0.391605
0.424655
0.357448
0.288536
0.323628
0.362031
0.358198
0.304407
0.318885
0.359172
0.307268
0.310960
0.326288
0.306586
0.297895
0.301525
0.313187
0.400340
0.422727
0.373971
0.371774
0.328241
0.397780
0.325452
0.335796
0.291957
0.408809
0.379610
0.322338
0.288036
0.267772
0.234034
0.368446
0.336484
0.201524
0.386536
0.420377
0.365187
0.250324
0.259277
0.435135
0.219965
0.256639
0.340586
0.160578
0.389534
0.381487
0.406310
0.418893
0.268362
0.404868
0.282137
0.313349
0.372815
0.368243
0.137827
0.369909
0.353031
0.340191
0.176017
0.225931
0.276504
0.389790
0.120078
0.319070
0.451760
0.447787
0.427393
0.411362
0.451478
0.459268
0.396304
0.446148
0.468462
0.464317
0.394511
0.455440
0.419618
0.442552
0.473501
0.450742
0.435533
0.429826
0.423335
0.417619
0.466615
0.385770
0.389624
0.418815
0.448287
0.445764
0.356136
0.437782
0.446580
0.409744
0.348913
0.462555
0.429193
0.430879
0.443866
0.367515
0.460694
0.449177
0.378733
0.423920
0.350676
0.388053
0.422537
0.428482
0.402643
0.324962
0.439377
0.315535
0.326140
0.475117
0.406782
0.443240
0.477565
0.306185
0.323274
0.346095
0.308615
0.481244
0.505496
0.331318
0.368570
0.486676
0.358820
0.366305
0.297286
0.402384
0.479812
0.470387
0.388441
0.388063
0.494602
0.300374
0.446042
0.412919
0.323684
0.463981
0.446239
0.378920
0.326000
0.389590
0.394238
0.395959
0.288984
0.397997
0.409721
0.409916
0.348815
0.301631
0.247329
0.269142
0.299229
0.390304
0.414327
0.384407
0.399853
0.343682
0.413044
0.406981
0.423681
0.267839
0.268200
0.246361
0.300720
0.418449
0.237906
0.277931
0.430240
0.359167
0.421605
0.320622
0.355076
0.427023
0.419612
0.414973
0.498803
0.416626
0.502323
0.515638
0.503544
0.502496
0.495381
0.388124
0.374716
0.438209
0.490053
0.470773
0.446172
0.327589
0.458702
0.462916
0.322326
0.373309
0.495958
0.306734
0.346109
0.478629
0.477211
0.369339
0.445847
0.414897
0.455617
0.414680
0.364623
0.309481
0.482004
0.409467
0.357201
0.467145
0.459308
0.453544
0.476383
0.418832
0.398086
0.378790
0.432835
0.315360
0.462348
0.264730
0.290620
0.492256
0.286359
0.299506
0.241701
0.289700
0.549425
0.217696
0.251870
0.451234
0.519942
0.527079
0.511744
0.275976
0.378156
0.599567
0.444826
0.388554
0.416357
0.197462
0.191702
0.448844
0.355053
0.552221
0.329912
0.288811
0.299312
0.355274
0.475785
0.593208
0.584676
0.222189
0.321452
0.472175
0.441446
0.448020
0.460619
0.440254
0.473848
0.408453
0.418687
0.390986
0.399638
0.379357
0.327275
0.362617
0.443943
0.401508
0.367923
0.346663
0.437112
0.366006
0.431024
0.393903
0.327440
0.344679
0.391241
0.420762
0.384668
0.450726
0.397712
0.322927
0.374825
0.336965
0.452118
0.328980
0.402800
0.467888
0.385232
0.357525
0.441715
0.512258
0.544724
0.565358
0.575522
0.610458
0.505376
0.473101
0.444349
0.529221
0.497676
0.491322
0.555232
0.469882
0.579128
0.379549
0.400597
0.468472
0.426435
0.335857
0.372526
0.411769
0.577823
0.627966
0.322974
0.540347
0.469107
0.380066
0.343301
0.600028
0.503411
0.611265
0.570063
0.430164
0.618302
0.335100
0.328915
0.343829
0.333407
0.328853
0.337080
0.340509
0.325208
0.315276
0.312315
0.321810
0.329072
0.330327
0.321994
0.338948
0.325563
0.305577
0.306140
0.359891
0.318267
0.295424
0.287253
0.285311
0.269375
0.322732
0.306593
0.342607
0.348197
0.331074
0.336070
0.370994
0.370998
0.360722
0.377692
0.339287
0.327849
0.305346
0.351103
0.316327
0.334672
0.355794
0.313346
0.313845
0.366345
0.300175
0.294925
0.325573
0.368025
0.295752
0.381164
0.346997
0.390341
0.300209
0.392183
0.302878
0.292091
0.409328
0.372508
0.329562
0.393343
0.301487
0.306496
0.313899
0.288810
0.314013
0.317340
0.376470
0.390550
0.425823
0.407699
0.365312
0.397690
0.379719
0.334675
0.356999
0.261148
0.218104
0.287924
0.289246
0.253920
0.301842
0.224020
0.319154
0.344361
0.325995
0.200614
0.207749
0.203767
0.270347
0.330951
0.218111
0.213709
0.194213
0.186972
0.352276
0.181954
0.197889
0.325675
0.369955
0.235757
0.202792
0.287865
0.333177
0.363006
0.242909
0.180965
0.218701
0.374059
0.192714
0.355523
0.288850
0.306377
0.429983
0.399879
0.454143
0.460648
0.394075
0.450605
0.454627
0.373705
0.471440
0.443199
0.459198
0.453416
0.445757
0.413614
0.367830
0.333190
0.368739
0.477908
0.451390
0.436182
0.442052
0.438061
0.458004
0.451559
0.345570
0.476740
0.430430
0.416679
0.316596
0.428987
0.438188
0.412283
0.417102
0.420329
0.401391
0.420784
0.457589
0.426356
0.386386
0.399731
0.345172
0.468827
0.463752
0.445974
0.453746
0.380709
0.450226
0.422352
0.318758
0.443398
0.266752
0.454398
0.454539
0.464886
0.345177
0.260940
0.434599
0.394243
0.453311
0.401359
0.278537
0.407078
0.462338
0.467743
0.398793
0.348554
0.314472
0.440450
0.449233
0.369330
0.439822
0.403810
0.401740
0.382912
0.421153
0.402734
0.378503
0.429733
0.424245
0.404571
0.408795
0.397889
0.395855
0.357841
0.418346
0.421246
0.385605
0.403064
0.379833
0.374767
0.389284
0.445891
0.442245
0.340392
0.403614
0.384538
0.468199
0.466937
0.414507
0.417664
0.423194
0.434205
0.372567
0.363723
0.375596
0.472967
0.384041
0.303508
0.326415
0.274309
0.303390
0.250014
0.335370
0.333503
0.315402
0.331954
0.336678
0.300314
0.331899
0.308330
0.268591
0.332848
0.244094
0.290837
0.262625
0.289671
0.284334
0.284600
0.324860
0.328930
0.263550
0.329950
0.303144
0.283291
0.254024
0.266198
0.317056
0.271643
0.323845
0.316272
0.247668
0.338458
0.324442
0.426489
0.468445
0.464426
0.434163
0.490682
0.503044
0.415148
0.515699
0.467028
0.427347
0.407081
0.405727
0.400840
0.469205
0.484883
0.397730
0.382275
0.506039
0.362654
0.459463
0.373784
0.380041
0.464612
0.324582
0.378612
0.332820
0.450888
0.442668
0.282156
0.510109
0.348943
0.410558
0.505715
0.455815
0.365125
0.347048
0.448325
0.478057
0.436177
0.182520
0.223744
0.159596
0.168625
0.135835
0.176481
0.143015
0.136014
0.219759
0.278050
0.247589
0.136555
0.289576
0.296999
0.139554
0.166653
0.183946
0.239572
0.175711
0.149919
0.305409
0.132715
0.149265
0.271170
0.139636
0.250384
0.182065
0.177844
0.222527
0.136405
0.140605
0.188540
0.313973
0.161530
0.318660
0.318448
0.132286
0.134139
0.124097
0.116989
0.137709
0.106219
0.192359
0.151368
0.173412
0.212178
0.236870
0.111260
0.129590
0.171916
0.122605
0.122366
0.137974
0.191134
0.158260
0.177853
0.139477
0.244629
0.248901
0.203819
0.289573
0.292073
0.222992
0.328595
0.188983
0.185732
0.136702
0.224949
0.139789
0.138775
0.126831
0.107595
0.157169
0.295984
0.153098
0.136079
0.154279
0.302361
0.236423
0.287112
0.354682
0.276284
0.218624
0.249658
0.348081
0.174212
0.219716
0.398292
0.286996
0.378659
0.350614
0.195716
0.214465
0.153141
0.414140
0.448199
0.169757
0.247499
0.192608
0.194670
0.476964
0.382305
0.186359
0.447636
0.326323
0.428216
0.224774
0.368916
0.370156
0.288632
0.168061
0.447395
0.177457
0.239322
0.146128
0.617986
0.583368
0.591169
0.621870
0.591361
0.545999
0.498863
0.548468
0.524472
0.592722
0.572969
0.585172
0.485367
0.544796
0.561384
0.526900
0.524241
0.462577
0.475818
0.485152
0.510866
0.599460
0.474283
0.552144
0.474385
0.540023
0.421356
0.493138
0.447908
0.433816
0.511106
0.392458
0.428885
0.511594
0.510203
0.458147
0.428646
0.311921
0.305094
0.319104
0.294933
0.281779
0.279837
0.322895
0.297038
0.326254
0.306558
0.329346
0.306329
0.289964
0.303471
0.304746
0.311776
0.272435
0.296417
0.273142
0.297427
0.268625
0.268603
0.302950
0.300763
0.282641
0.325536
0.312777
0.275815
0.298688
0.329304
0.324415
0.306406
0.279608
0.263797
0.332079
0.318533
0.294577
0.276569
0.305687
0.362211
0.357180
0.353762
0.351694
0.381289
0.371873
0.361968
0.385720
0.370395
0.359276
0.342110
0.361862
0.382662
0.317705
0.391341
0.398799
0.372092
0.402370
0.321623
0.330201
0.363654
0.320327
0.295429
0.388057
0.367766
0.379321
0.300442
0.401674
0.379987
0.361213
0.299494
0.335506
0.343470
0.284675
0.394744
0.326977
0.299853
0.357109
0.271026
0.351387
0.346924
0.383916
0.320657
0.276848
0.390853
0.343092
0.374659
0.323474
0.361810
0.323951
0.363322
0.360480
0.368085
0.293479
0.369608
0.341879
0.373383
0.253172
0.218928
0.356885
0.377355
0.238188
0.347960
0.349724
0.368981
0.276389
0.298094
0.239843
0.327962
0.372702
0.379873
0.366833
0.369776
0.286402
0.357873
0.342896
0.343364
0.179709
0.197831
0.191430
0.213467
0.228288
0.180498
0.224553
0.247005
0.285507
0.214869
0.195871
0.186772
0.247278
0.237527
0.268905
0.282837
0.230987
0.193241
0.191805
0.233153
0.174408
0.273891
0.279522
0.288524
0.245017
0.191734
0.259563
0.201991
0.316891
0.200679
0.259134
0.300080
0.306300
0.186959
0.311535
0.196176
0.223558
0.211451
0.296675
0.331538
0.342478
0.356368
0.318179
0.196348
0.412187
0.169366
0.243455
0.223190
0.405744
0.369206
0.183855
0.209997
0.320164
0.364329
0.365933
0.385128
0.184681
0.370075
0.150765
0.225932
0.433076
0.249406
0.259786
0.282614
0.128694
0.139635
0.390319
0.454242
0.209015
0.219754
0.330383
0.162079
0.369828
0.278631
0.215502
0.416103
0.326437
0.311279
0.325623
0.312877
0.276237
0.254641
0.337616
0.331857
0.277944
0.326634
0.346371
0.341581
0.346950
0.335877
0.347602
0.310769
0.342303
0.373107
0.237851
0.368659
0.363884
0.359824
0.342163
0.350794
0.304361
0.355372
0.380421
0.362228
0.281921
0.336490
0.330537
0.394822
0.341151
0.240877
0.280074
0.360755
0.387751
0.254389
0.359571
0.416671
0.446422
0.426497
0.427824
0.438705
0.401861
0.467418
0.483962
0.415324
0.467981
0.369987
0.332887
0.411535
0.365471
0.328179
0.301768
0.348442
0.320723
0.305727
0.311740
0.438534
0.412501
0.435686
0.295086
0.467646
0.431206
0.298071
0.376928
0.451639
0.310258
0.447317
0.423780
0.355477
0.410369
0.374323
0.362503
0.332895
0.425919
0.332560
0.252961
0.216499
0.282813
0.285806
0.322428
0.192335
0.167448
0.299302
0.281750
0.222279
0.181093
0.153537
0.231198
0.356444
0.282771
0.246564
0.215069
0.210506
0.260027
0.162653
0.232707
0.275432
0.133742
0.143464
0.276083
0.345354
0.299637
0.225423
0.146940
0.255679
0.296965
0.331868
0.192808
0.255787
0.248111
0.223639
0.280218
0.302434
0.196659
0.329350
0.307345
0.316202
0.346204
0.340124
0.208088
0.328641
0.282452
0.179763
0.357483
0.359304
0.168845
0.221616
0.270008
0.238155
0.318862
0.350982
0.375027
0.191072
0.281601
0.344044
0.218011
0.365074
0.178534
0.375709
0.261901
0.374591
0.254353
0.283793
0.177029
0.306183
0.414093
0.400721
0.349560
0.466269
0.416935
0.453048
0.380116
0.494990
0.401515
0.501742
0.491100
0.369651
0.498036
0.317895
0.398208
0.387721
0.433488
0.471839
0.304098
0.442716
0.310598
0.376037
0.464231
0.343988
0.415634
0.340672
0.307724
0.289133
0.476986
0.483961
0.509121
0.345403
0.463616
0.462518
0.418360
0.233031
0.230456
0.239842
0.224075
0.242704
0.247618
0.245656
0.260798
0.268768
0.254701
0.244275
0.263061
0.281267
0.271209
0.269179
0.311760
0.273457
0.277223
0.288715
0.285414
0.259746
0.250364
0.253600
0.306227
0.256214
0.292988
0.312150
0.272690
0.276538
0.269095
0.294773
0.274158
0.246811
0.271651
0.279957
0.258401
0.271800
0.347021
0.387346
0.330802
0.372950
0.398152
0.409055
0.360133
0.430046
0.456906
0.325547
0.317684
0.314545
0.442312
0.375622
0.312377
0.330320
0.411795
0.312273
0.312773
0.430413
0.372132
0.435787
0.315952
0.461697
0.432487
0.350291
0.360988
0.374758
0.297140
0.306864
0.415304
0.404915
0.469877
0.469953
0.433530
0.463229
0.444084
0.456955
0.444223
0.415470
0.461348
0.434552
0.436089
0.392863
0.469756
0.464657
0.442535
0.455638
0.450719
0.418936
0.425834
0.398687
0.436704
0.427603
0.444494
0.420163
0.414292
0.439118
0.448791
0.402951
0.386591
0.384470
0.435360
0.414045
0.394611
0.429440
0.409605
0.388921
0.465537
0.445952
0.386957
0.412253
0.399015
0.438872
0.343297
0.382143
0.406162
0.412926
0.315067
0.437403
0.346114
0.408703
0.459478
0.300650
0.337469
0.322905
0.313314
0.278470
0.330526
0.398602
0.440947
0.354277
0.265160
0.294456
0.306109
0.351856
0.303100
0.405234
0.387606
0.438154
0.257891
0.281769
0.344084
0.367392
0.397725
0.481887
0.372850
0.438523
0.397760
0.283277
0.357915
0.266889
0.296561
0.330578
0.259787
0.279359
0.285411
0.276303
0.285758
0.297646
0.259531
0.355797
0.270867
0.270878
0.294048
0.313779
0.266131
0.273619
0.271921
0.329783
0.282450
0.258664
0.285624
0.281783
0.313547
0.273431
0.308162
0.348370
0.263798
0.268734
0.271278
0.277514
0.310532
0.264495
0.283159
0.355865
0.272374
0.428095
0.475985
0.373181
0.470548
0.329819
0.457940
0.480477
0.348097
0.412800
0.456694
0.359942
0.467751
0.308851
0.460096
0.444173
0.348495
0.440817
0.393908
0.433682
0.436262
0.397823
0.398626
0.275529
0.242748
0.226112
0.471376
0.263026
0.438327
0.286779
0.462614
0.434153
0.435371
0.328488
0.312915
0.466679
0.449002
0.443643
0.451417
0.455462
0.447408
0.428059
0.462378
0.453350
0.451802
0.451321
0.466003
0.442291
0.468201
0.425215
0.500054
0.425421
0.470944
0.420722
0.405267
0.456027
0.473232
0.449820
0.454254
0.404673
0.471229
0.502205
0.467587
0.392106
0.429736
0.504944
0.463493
0.435796
0.417629
0.417776
0.382797
0.447855
0.325132
0.293335
0.338734
0.321021
0.330739
0.333171
0.339245
0.312879
0.308874
0.283648
0.304647
0.269275
0.309653
0.315608
0.353733
0.287018
0.334950
0.285976
0.295908
0.351924
0.296241
0.293467
0.348711
0.339471
0.286942
0.331424
0.296306
0.275343
0.300020
0.326096
0.337655
0.343075
0.308393
0.287953
0.274229
0.303466
0.422225
0.396688
0.398001
0.380407
0.434479
0.369989
0.411867
0.376219
0.415032
0.341740
0.396869
0.379217
0.430686
0.380382
0.432669
0.364212
0.446676
0.403828
0.404063
0.388977
0.349690
0.391701
0.359319
0.450122
0.407828
0.357827
0.406041
0.322914
0.430485
0.402938
0.432094
0.401412
0.390569
0.328415
0.367382
0.407225
0.410040
0.388103
0.362770
0.394490
0.398086
0.370477
0.388313
0.404068
0.344888
0.377467
0.369509
0.411695
0.330351
0.401555
0.392201
0.420636
0.426304
0.350351
0.385183
0.298536
0.354842
0.425135
0.263050
0.329277
0.389184
0.366610
0.235043
0.367499
0.430811
0.233758
0.300025
0.327037
0.264596
0.276316
0.350493
0.239608
0.376515
0.363738
0.296272
0.239354
0.325832
0.274913
0.347353
0.290716
0.335234
0.236448
0.249240
0.263668
0.309277
0.351714
0.382773
0.378661
0.288045
0.402068
0.217057
0.222568
0.370916
0.318990
0.385249
0.257404
0.346769
0.205205
0.376674
0.257756
0.236235
0.284146
0.223495
0.293097
0.390171
0.324888
0.388644
0.249580
0.287729
0.420443
0.402376
0.388914
0.362539
0.382743
0.393730
0.319762
0.335224
0.298980
0.365818
0.295841
0.330454
0.389285
0.277722
0.402203
0.350216
0.384982
0.265612
0.325186
0.374871
0.317151
0.410043
0.395426
0.260427
0.311244
0.414790
0.395373
0.354981
0.375883
0.369587
0.321908
0.367760
0.384490
0.276533
0.369568
0.273479
0.273540
0.275039
0.296228
0.268217
0.275850
0.303334
0.276073
0.245300
0.290229
0.324633
0.267293
0.224443
0.277466
0.261706
0.254422
0.231106
0.264008
0.257895
0.246624
0.246905
0.224529
0.286994
0.308174
0.252490
0.339564
0.273875
0.270526
0.223180
0.202305
0.258984
0.238980
0.242994
0.272987
0.362407
0.380253
0.338361
0.418369
0.456701
0.244635
0.285370
0.250803
0.214953
0.208489
0.310783
0.331731
0.212698
0.363736
0.440336
0.168098
0.183862
0.382292
0.397090
0.257585
0.165013
0.382265
0.423782
0.306323
0.424071
0.241107
0.266422
0.278073
0.370638
0.345726
0.145040
0.185829
0.423210
0.334118
0.405476
0.393986
0.388575
0.389668
0.374437
0.288821
0.348849
0.372526
0.386183
0.394640
0.256911
0.292766
0.400655
0.273163
0.394793
0.323732
0.276310
0.242622
0.278664
0.210399
0.365612
0.388540
0.358913
0.236343
0.260953
0.380517
0.347211
0.412642
0.300956
0.186121
0.390711
0.363760
0.352663
0.356575
0.315933
0.185180
0.396587
0.300187
0.413213
0.391360
0.461199
0.393375
0.436568
0.385813
0.449162
0.372102
0.450276
0.333227
0.312010
0.420196
0.484002
0.327495
0.412391
0.435188
0.465125
0.456351
0.340962
0.431248
0.480975
0.478432
0.420176
0.445741
0.431466
0.435529
0.395760
0.302039
0.434064
0.420264
0.430509
0.340257
0.469388
0.392561
0.345296
0.416980
0.404919
0.446391
0.416670
0.461289
0.375190
0.451068
0.418563
0.447371
0.389753
0.441001
0.385561
0.426732
0.462823
0.382469
0.472168
0.450394
0.409763
0.437354
0.325234
0.399016
0.405522
0.335517
0.320594
0.429245
0.441738
0.372250
0.391654
0.460021
0.464334
0.407099
0.429958
0.358441
0.357963
0.406834
0.378738
0.329807
0.281922
0.420457
0.368304
0.378351
0.439272
0.408566
0.417204
0.350549
0.416183
0.325707
0.303102
0.397065
0.293115
0.363344
0.477580
0.464071
0.491066
0.423032
0.301511
0.367502
0.333285
0.315259
0.479003
0.261710
0.433201
0.480035
0.450616
0.301616
0.355321
0.436856
0.506416
0.280922
0.310540
0.329296
0.515952
0.313830
0.486622
0.312410
0.435347
0.315827
0.426635
0.403599
0.455651
0.445644
0.448533
0.416534
0.432823
0.452772
0.380994
0.462093
0.430296
0.410453
0.383936
0.426534
0.445711
0.444743
0.430350
0.425867
0.412897
0.400083
0.361990
0.379966
0.359526
0.403087
0.478347
0.344448
0.425756
0.395169
0.393690
0.370742
0.354534
0.433981
0.385958
0.414171
0.474679
0.452106
0.412969
0.419565
0.438931
0.428097
0.455950
0.472277
0.469221
0.415180
0.385874
0.367947
0.348061
0.343371
0.440718
0.430734
0.334413
0.326131
0.327583
0.420570
0.482666
0.323776
0.454580
0.483099
0.379676
0.403600
0.343083
0.487744
0.329161
0.449625
0.336227
0.331646
0.348746
0.327599
0.328708
0.462792
0.419898
0.473287
0.389604
0.435369
0.455867
0.278281
0.273094
0.264275
0.270512
0.271712
0.274221
0.271008
0.267490
0.272097
0.247893
0.271773
0.274450
0.256423
0.267910
0.289355
0.248845
0.259270
0.233059
0.253232
0.281181
0.287540
0.240152
0.276086
0.231236
0.265051
0.247959
0.293603
0.215249
0.238300
0.259292
0.274628
0.268305
0.244013
0.227602
0.221789
0.207902
0.302077
0.286238
0.304576
0.328723
0.327231
0.336306
0.326705
0.304116
0.302340
0.312336
0.337039
0.352539
0.315795
0.359386
0.322073
0.336259
0.285928
0.268131
0.329241
0.335955
0.356415
0.356898
0.346105
0.343690
0.322944
0.359168
0.273532
0.276600
0.315425
0.311001
0.306405
0.339284
0.316461
0.363204
0.347719
0.272267
0.303827
0.298085
0.250539
0.359455
0.406924
0.367584
0.362139
0.390118
0.357723
0.337028
0.397357
0.325460
0.423973
0.408769
0.414591
0.422201
0.348833
0.433607
0.339069
0.381971
0.435321
0.317385
0.436606
0.367232
0.419092
0.363466
0.305715
0.379849
0.401493
0.327168
0.430354
0.430421
0.334750
0.431029
0.317145
0.435559
0.371760
0.385572
0.409521
0.436425
0.284075
0.286701
0.302380
0.284309
0.295363
0.297490
0.275710
0.330027
0.302464
0.312686
0.319045
0.278315
0.283233
0.268980
0.327261
0.282481
0.302314
0.271083
0.318242
0.270946
0.314817
0.265489
0.264687
0.270160
0.272950
0.327348
0.249857
0.277554
0.320664
0.292000
0.312164
0.307624
0.327047
0.310399
0.331580
0.271299
0.249621
0.300537
0.372980
0.424587
0.427446
0.372547
0.444320
0.441488
0.318300
0.453211
0.466130
0.463428
0.271369
0.306449
0.448139
0.271676
0.357410
0.296990
0.470440
0.427206
0.354318
0.212755
0.431353
0.401434
0.471853
0.299943
0.449126
0.249813
0.454573
0.445051
0.438714
0.401767
0.405644
0.335972
0.267557
0.321816
0.433889
0.377077
0.422809
0.397644
0.420170
0.404414
0.410164
0.387647
0.394539
0.422962
0.426262
0.430042
0.366496
0.381289
0.373716
0.342344
0.429990
0.351933
0.355574
0.435321
0.419744
0.412437
0.411428
0.318243
0.336173
0.314651
0.379218
0.282678
0.427073
0.432050
0.335344
0.410980
0.378231
0.298145
0.373647
0.434978
0.325062
0.342452
0.403238
0.321431
0.321513
0.343827
0.314175
0.346161
0.323317
0.297768
0.332132
0.377462
0.330590
0.301398
0.369823
0.349969
0.325899
0.390189
0.326351
0.392291
0.378493
0.325654
0.353931
0.349125
0.306286
0.410276
0.307759
0.336973
0.412563
0.300792
0.333315
0.345649
0.337522
0.288214
0.408026
0.395504
0.319211
0.376359
0.400408
0.393968
0.372459
0.383454
0.414028
0.410481
0.414554
0.430282
0.442298
0.355467
0.442002
0.442354
0.362545
0.395596
0.393963
0.422775
0.378384
0.377699
0.382048
0.366191
0.341648
0.361454
0.364744
0.423431
0.393206
0.383797
0.355737
0.361755
0.352883
0.316852
0.337941
0.400559
0.333372
0.321445
0.364342
0.406915
0.318303
0.283406
0.286441
0.313906
0.268039
0.333300
0.305335
0.302106
0.339908
0.266908
0.328272
0.253122
0.236150
0.368500
0.373306
0.350518
0.296119
0.290082
0.389442
0.263997
0.277749
0.226430
0.275272
0.402329
0.293239
0.265161
0.238218
0.286271
0.331967
0.395374
0.261432
0.256489
0.287761
0.308021
0.334782
0.240111
0.379457
0.424557
0.416278
0.402030
0.411112
0.429843
0.439126
0.343663
0.382708
0.348549
0.317024
0.430852
0.452035
0.382627
0.343552
0.414366
0.452320
0.284590
0.282509
0.345537
0.305719
0.318453
0.255749
0.453201
0.330800
0.460097
0.355859
0.450976
0.436813
0.289781
0.452780
0.369621
0.446237
0.415012
0.449234
0.461644
0.316106
0.365006
0.284172
0.262267
0.253089
0.235972
0.302796
0.279369
0.308236
0.239812
0.335522
0.214611
0.361498
0.286279
0.385980
0.353873
0.316503
0.247418
0.320673
0.248553
0.331033
0.255944
0.315454
0.275207
0.318123
0.387527
0.194704
0.383995
0.391638
0.247759
0.406370
0.198186
0.335505
0.193665
0.299135
0.224080
0.284284
0.202569
0.359689
0.356224
0.291743
0.265861
0.286973
0.305884
0.296435
0.339908
0.292799
0.326551
0.371412
0.306013
0.354555
0.372921
0.269914
0.391403
0.388116
0.231185
0.333490
0.247072
0.416602
0.276138
0.323299
0.283027
0.250750
0.341824
0.293342
0.290390
0.302967
0.306758
0.200977
0.320002
0.231308
0.262771
0.275277
0.421040
0.318183
0.264791
0.205272
0.342955
0.348454
0.326754
0.368799
0.345071
0.314190
0.283963
0.268526
0.253756
0.333255
0.232693
0.276496
0.343548
0.337057
0.306886
0.317353
0.378508
0.418755
0.242469
0.314706
0.337332
0.339841
0.359395
0.338363
0.339762
0.317800
0.434921
0.322901
0.320694
0.288306
0.376236
0.330828
0.346205
0.427652
0.321920
0.379060
0.469835
0.407904
0.328123
0.397988
0.397028
0.386091
0.387112
0.367561
0.379320
0.373212
0.405555
0.363801
0.362437
0.330309
0.395632
0.386782
0.424377
0.379553
0.433835
0.358154
0.314600
0.288381
0.371163
0.413136
0.373567
0.457177
0.376794
0.372313
0.432750
0.365012
0.437241
0.437280
0.461551
0.357978
0.372158
0.261919
0.458814
0.327268
0.400299
0.395404
0.329270
0.348598
0.394095
0.334273
0.370826
0.383873
0.352663
0.396748
0.346392
0.310661
0.372203
0.309649
0.263414
0.381915
0.345859
0.256105
0.379763
0.238255
0.278518
0.261228
0.387011
0.377628
0.370276
0.391153
0.232094
0.351303
0.412143
0.277229
0.343603
0.396225
0.220962
0.285159
0.398608
0.313667
0.348189
0.403985
0.407947
0.326615
0.371248
0.223388
0.454961
0.448795
0.492502
0.466944
0.440642
0.502130
0.479424
0.498594
0.423343
0.423219
0.499216
0.460629
0.386433
0.414303
0.359756
0.364254
0.412939
0.438572
0.395466
0.462405
0.491152
0.434114
0.413901
0.400294
0.402625
0.490186
0.482559
0.491597
0.383053
0.474090
0.483369
0.413062
0.413865
0.460577
0.459643
0.425025
0.481749
0.466217
0.335101
0.349541
0.371719
0.309281
0.335067
0.342142
0.372926
0.335282
0.374615
0.313819
0.398260
0.412804
0.298285
0.271014
0.248211
0.344737
0.276231
0.355926
0.329842
0.406082
0.390171
0.412439
0.339060
0.235984
0.338450
0.292376
0.338888
0.325332
0.416748
0.335155
0.221399
0.337471
0.399281
0.345803
0.280014
0.372920
0.416264
0.346684
0.384485
0.338027
0.390542
0.412101
0.376781
0.375086
0.353855
0.320378
0.413122
0.334552
0.349451
0.320776
0.397986
0.287743
0.376375
0.375301
0.359874
0.387968
0.282515
0.411727
0.349802
0.349328
0.348240
0.363002
0.415967
0.313211
0.300225
0.349541
0.264555
0.370039
0.320363
0.363525
0.295917
0.359395
0.323890
0.289986
0.324537
0.338117
0.262957
0.314770
0.250244
0.317997
0.266508
0.283059
0.251304
0.317909
0.317443
0.314040
0.314400
0.269039
0.241253
0.232005
0.342957
0.338826
0.206599
0.289213
0.204114
0.347986
0.327826
0.350041
0.303109
0.305122
0.333500
0.359463
0.329137
0.334014
0.326571
0.344964
0.297142
0.355859
0.300646
0.299100
0.309583
0.277048
0.281512
0.299190
0.281810
0.308469
0.302965
0.306602
0.305475
0.324574
0.308078
0.281226
0.332604
0.257698
0.345190
0.285618
0.304365
0.309158
0.317437
0.266742
0.260578
0.250372
0.326079
0.265473
0.295630
0.245605
0.281656
0.268797
0.257571
0.283812
0.319623
0.314065
0.261780
0.272496
0.328182
0.312329
0.304371
0.322496
0.277577
0.292003
0.261768
0.324491
0.283843
0.302874
0.234092
0.318507
0.213129
0.320546
0.311836
0.342481
0.338146
0.365906
0.333733
0.270727
0.345576
0.357490
0.286040
0.189338
0.356467
0.221685
0.317463
0.300143
0.300624
0.330102
0.329060
0.362065
0.382866
0.351712
0.356397
0.257757
0.305856
0.204382
0.261337
0.251804
0.286497
0.361461
0.375739
0.361770
0.370224
0.341834
0.345897
0.354679
0.350952
0.333877
0.361340
0.324847
0.308543
0.321006
0.349943
0.391526
0.319811
0.304327
0.343845
0.399621
0.308510
0.376107
0.333639
0.312594
0.377470
0.278089
0.315309
0.348902
0.353257
0.357446
0.284633
0.317820
0.387125
0.329217
0.342070
0.330696
0.359239
0.415944
0.399685
0.405201
0.420827
0.366323
0.404795
0.410137
0.428872
0.342647
0.354300
0.402087
0.427359
0.321316
0.325596
0.353785
0.351960
0.422911
0.410781
0.432397
0.298172
0.379850
0.420595
0.386297
0.436498
0.321244
0.432156
0.352661
0.407412
0.310484
0.325955
0.414995
0.434144
0.420058
0.419400
0.374229
0.335937
0.304678
0.367333
0.344402
0.361652
0.272255
0.385624
0.343226
0.389618
0.325834
0.237253
0.330443
0.285953
0.340390
0.371745
0.201943
0.374216
0.224636
0.381144
0.370211
0.301581
0.224418
0.387936
0.338666
0.307056
0.258059
0.264024
0.375670
0.274205
0.366167
0.230446
0.371944
0.385734
0.358657
0.186147
0.359037
0.217679
0.246414
0.322792
0.209676
0.236199
0.215966
0.335025
0.333536
0.201943
0.299115
0.338125
0.288058
0.321799
0.262023
0.276919
0.182608
0.320900
0.187098
0.234483
0.298799
0.334965
0.228301
0.303530
0.204280
0.335288
0.230275
0.287104
0.281499
0.321804
0.256722
0.282484
0.305611
0.245251
0.179421
0.197576
0.301584
0.203528
0.276051
0.297690
0.299806
0.278259
0.274560
0.262522
0.293968
0.258080
0.347199
0.296872
0.409016
0.261004
0.418731
0.359854
0.274450
0.289106
0.278020
0.261974
0.486139
0.304003
0.251801
0.406298
0.260602
0.279833
0.270918
0.297901
0.286020
0.473326
0.410865
0.270452
0.326878
0.302803
0.278757
0.247806
0.477835
0.275228
0.365769
0.317120
0.336175
0.330490
0.370373
0.297905
0.382586
0.287374
0.342838
0.374496
0.403087
0.401694
0.310551
0.328647
0.285328
0.421106
0.344707
0.295126
0.378712
0.391029
0.411334
0.420337
0.382594
0.429390
0.277727
0.412430
0.296382
0.383646
0.277610
0.392648
0.304538
0.378166
0.365083
0.400111
0.372351
0.438333
0.397981
0.332508
0.306897
0.340677
0.327934
0.307893
0.276566
0.317075
0.305952
0.324113
0.334769
0.281405
0.252434
0.282686
0.295140
0.246812
0.241840
0.220571
0.256339
0.293662
0.338305
0.210311
0.233919
0.230839
0.301173
0.296668
0.319866
0.303964
0.291271
0.282483
0.233785
0.304422
0.332508
0.300530
0.242050
0.209775
0.253477
0.331450
0.335797
0.341452
0.333471
0.345240
0.341720
0.340244
0.334063
0.325160
0.361345
0.355116
0.347423
0.322703
0.310425
0.380819
0.366273
0.337862
0.326014
0.374145
0.302902
0.299972
0.298569
0.368581
0.362400
0.302351
0.314397
0.317582
0.330549
0.382966
0.329309
0.326770
0.306062
0.390143
0.316331
0.336792
0.355412
0.317090
0.383905
0.327863
0.310931
0.334563
0.327040
0.381092
0.355201
0.320910
0.305149
0.396714
0.406049
0.292169
0.299467
0.396322
0.273521
0.272754
0.277333
0.329775
0.245785
0.299552
0.274586
0.258360
0.423047
0.302259
0.369945
0.231113
0.277665
0.268552
0.360504
0.369503
0.291837
0.296684
0.330655
0.416694
0.293680
0.270372
0.238778
0.420627
0.349635
0.282243
0.242660
0.371536
0.292587
0.423018
0.277461
0.339579
0.463418
0.438524
0.299702
0.292964
0.265398
0.269469
0.286198
0.266216
0.302591
0.292214
0.271117
0.338601
0.258773
0.485324
0.453926
0.307010
0.411195
0.350669
0.269086
0.320019
0.373855
0.378647
0.397177
0.439587
0.499416
0.258991
0.388058
0.279683
0.498035
0.273066
0.475854
0.467948
0.446409
0.442226
0.479321
0.486498
0.468764
0.490530
0.470881
0.480123
0.461018
0.443914
0.463627
0.482031
0.449052
0.415298
0.444439
0.441810
0.420259
0.451812
0.450685
0.420223
0.386710
0.446349
0.431091
0.438761
0.436344
0.379892
0.475744
0.428020
0.359518
0.460453
0.463593
0.465402
0.435463
0.440753
0.485058
0.394172
0.384833
0.489575
0.370449
0.415734
0.342147
0.411332
0.291636
0.331978
0.436097
0.243831
0.438638
0.374297
0.218182
0.450603
0.445671
0.231335
0.435019
0.321399
0.464280
0.337744
0.411454
0.463598
0.311994
0.291928
0.249991
0.358271
0.169629
0.466236
0.421948
0.454062
0.469116
0.442662
0.420045
0.391695
0.460235
0.366541
0.193231
0.130970
0.382619
0.434066
0.442397
0.435540
0.435848
0.423494
0.395135
0.357172
0.333771
0.333678
0.332545
0.406344
0.426236
0.394157
0.364655
0.423847
0.387942
0.327128
0.402842
0.377632
0.455142
0.346780
0.424924
0.323410
0.401656
0.463596
0.327992
0.332632
0.445395
0.392475
0.417747
0.460504
0.433120
0.461667
0.346431
0.380685
0.319287
0.359027
0.356970
0.383242
0.379465
0.344009
0.388277
0.379533
0.357675
0.347011
0.366233
0.385141
0.322580
0.339757
0.408779
0.352543
0.371065
0.388465
0.353556
0.400414
0.426353
0.393167
0.360441
0.361183
0.381933
0.346575
0.381445
0.378607
0.394127
0.421605
0.361308
0.411926
0.437747
0.357729
0.385055
0.441166
0.315719
0.386443
0.405091
0.417901
0.334098
0.323474
0.319877
0.329822
0.339482
0.297663
0.254453
0.329864
0.319423
0.325363
0.304011
0.300763
0.251408
0.328434
0.330155
0.308082
0.229547
0.327938
0.299822
0.268906
0.314562
0.287247
0.313985
0.310906
0.315899
0.302073
0.334763
0.320908
0.283588
0.307892
0.316051
0.317991
0.322458
0.312593
0.306664
0.335284
0.293306
0.305089
0.386338
0.357592
0.323303
0.364535
0.355477
0.343274
0.356515
0.330253
0.329660
0.344620
0.354976
0.357347
0.389416
0.381017
0.382774
0.381784
0.297009
0.303344
0.343836
0.327875
0.331065
0.385063
0.267272
0.373932
0.358000
0.356373
0.303610
0.249005
0.390986
0.360599
0.273250
0.282518
0.361614
0.381046
0.360936
0.385041
0.363173
0.268279
0.165668
0.175491
0.207487
0.155283
0.171266
0.239465
0.165322
0.178878
0.203062
0.183797
0.178430
0.175285
0.188042
0.208933
0.185462
0.251893
0.259745
0.183454
0.173750
0.187239
0.202853
0.217052
0.196213
0.208291
0.287129
0.185708
0.208054
0.252208
0.219163
0.186234
0.223436
0.199525
0.209477
0.168028
0.281540
0.246312
0.230663
0.185031
0.189755
0.182323
0.232128
0.211820
0.174944
0.287052
0.340641
0.204781
0.224966
0.404114
0.194050
0.293077
0.268872
0.303287
0.173438
0.317426
0.239528
0.316008
0.219823
0.253019
0.425426
0.286437
0.314346
0.274189
0.260849
0.265428
0.202569
0.176080
0.276387
0.377583
0.223467
0.169980
0.334098
0.467366
0.337871
0.257345
0.328464
0.330756
0.303140
0.327478
0.369071
0.375856
0.404053
0.368040
0.246495
0.372799
0.382038
0.432759
0.365700
0.365491
0.277366
0.342048
0.254250
0.271825
0.377636
0.386821
0.386607
0.376450
0.335703
0.194245
0.403209
0.341239
0.341781
0.346236
0.221982
0.307182
0.387562
0.413688
0.175183
0.449026
0.322541
0.356745
0.249868
0.242821
0.289532
0.326558
0.228246
0.219641
0.401507
0.357733
0.296795
0.308370
0.269674
0.392850
0.241893
0.258078
0.205331
0.433254
0.341358
0.212644
0.361317
0.255740
0.419500
0.207097
0.445420
0.292933
0.215338
0.336456
0.232679
0.274058
0.375642
0.391385
0.301787
0.324956
0.438890
0.277060
0.469040
0.452039
0.476810
0.451490
0.451426
0.453990
0.444490
0.486454
0.429058
0.414586
0.444442
0.445523
0.423777
0.472525
0.481286
0.479970
0.414415
0.437896
0.425945
0.436431
0.467558
0.432700
0.429668
0.399152
0.390158
0.360991
0.404631
0.467814
0.481050
0.389256
0.427884
0.438145
0.388736
0.432838
0.488167
0.409345
0.408583
0.435087
0.430690
0.418395
0.323887
0.355172
0.348632
0.304328
0.329449
0.382939
0.303284
0.304230
0.310556
0.354884
0.314336
0.326033
0.362039
0.398091
0.357342
0.350012
0.367751
0.386622
0.368360
0.407944
0.316464
0.313140
0.392957
0.301135
0.349382
0.308493
0.388854
0.384122
0.414505
0.399411
0.406033
0.416146
0.405449
0.373863
0.289721
0.327040
0.373537
0.423511
0.401147
0.277309
0.272420
0.278479
0.284734
0.290916
0.280414
0.280923
0.272343
0.276512
0.268652
0.302007
0.274495
0.278661
0.252621
0.234159
0.271058
0.267415
0.271352
0.301115
0.282434
0.302187
0.275038
0.268209
0.310165
0.280682
0.271333
0.314826
0.282473
0.269127
0.242099
0.268326
0.230926
0.283328
0.345516
0.264199
0.398455
0.436951
0.444839
0.379873
0.418532
0.364164
0.379041
0.458111
0.357124
0.443554
0.456119
0.364801
0.461986
0.453678
0.467009
0.390893
0.364317
0.407808
0.404375
0.431533
0.425639
0.462204
0.417935
0.467360
0.456657
0.452357
0.467066
0.436597
0.415212
0.435019
0.440345
0.444883
0.479719
0.444095
0.444780
0.389524
0.344951
0.333502
0.391807
0.343715
0.311327
0.366693
0.395460
0.319825
0.308089
0.387430
0.363027
0.271981
0.229247
0.362326
0.409243
0.363801
0.279502
0.253171
0.289441
0.250438
0.192612
0.265473
0.246077
0.220176
0.416228
0.285852
0.413467
0.398900
0.405860
0.306720
0.207549
0.290778
0.378129
0.400878
0.217940
0.350108
0.355352
0.317151
0.333558
0.277103
0.257363
0.414312
0.397221
0.412942
0.381767
0.368249
0.422385
0.402621
0.429793
0.406208
0.426537
0.377851
0.337851
0.338450
0.436991
0.314940
0.306652
0.432879
0.385692
0.304815
0.344003
0.427319
0.412388
0.370298
0.285689
0.338397
0.407605
0.352219
0.448276
0.465083
0.423988
0.360999
0.311762
0.377900
0.344785
0.431473
0.416067
0.123439
0.165997
0.156894
0.195307
0.155757
0.241675
0.218996
0.151608
0.177375
0.215518
0.228067
0.172025
0.148028
0.126799
0.141867
0.149138
0.177990
0.175877
0.174291
0.218084
0.236969
0.154865
0.186378
0.264733
0.227942
0.184640
0.218282
0.192099
0.198452
0.144978
0.131919
0.221800
0.255481
0.293681
0.208674
0.187728
0.163595
0.178472
0.248782
0.236635
0.265313
0.213296
0.177041
0.307113
0.264685
0.332964
0.301014
0.173156
0.298391
0.140195
0.242940
0.338064
0.329668
0.309427
0.342707
0.217179
0.300631
0.329359
0.291022
0.330727
0.342638
0.334844
0.297610
0.243815
0.183321
0.151830
0.341858
0.129309
0.320287
0.217579
0.342871
0.349454
0.346089
0.352407
0.404915
0.349270
0.343996
0.360885
0.334386
0.430896
0.358134
0.392924
0.390339
0.347573
0.410092
0.419042
0.437942
0.330758
0.416612
0.431427
0.318194
0.425496
0.388755
0.309259
0.384117
0.445624
0.414233
0.442451
0.317243
0.433001
0.366886
0.430756
0.431244
0.333508
0.432874
0.424739
0.329941
0.405046
0.310978
0.389059
0.324656
0.425994
0.434052
0.375240
0.425029
0.347137
0.471754
0.450943
0.308135
0.318656
0.274839
0.340821
0.351300
0.337629
0.383478
0.490754
0.441247
0.429422
0.321884
0.506734
0.296820
0.278964
0.282218
0.304163
0.271618
0.474061
0.283143
0.515623
0.336822
0.360897
0.424476
0.426204
0.301232
0.273803
0.242762
0.243257
0.477330
0.395208
0.384251
0.368730
0.449053
0.410765
0.450805
0.415900
0.461166
0.356085
0.331778
0.455797
0.306226
0.300482
0.460056
0.284853
0.490609
0.509781
0.436912
0.338408
0.507045
0.408381
0.446596
0.343242
0.430127
0.307392
0.379612
0.286574
0.321675
0.484691
0.276819
0.278174
0.438624
0.402165
0.498279
0.330517
0.483136
0.352677
0.297209
0.409495
0.426711
0.443115
0.373513
0.399855
0.415359
0.403418
0.342405
0.348247
0.422029
0.343002
0.395239
0.354519
0.322127
0.412905
0.397276
0.453463
0.380910
0.294838
0.395692
0.419445
0.430827
0.385192
0.455613
0.329117
0.289897
0.294835
0.432905
0.312903
0.447522
0.403026
0.361160
0.357735
0.378900
0.345235
0.353249
0.329503
0.360299
0.335063
0.365770
0.304220
0.366890
0.280453
0.374820
0.254477
0.305433
0.383056
0.362684
0.396353
0.366226
0.338644
0.361618
0.279821
0.297984
0.249454
0.288159
0.314278
0.380070
0.270598
0.243569
0.373283
0.379026
0.304499
0.305911
0.305168
0.390679
0.412612
0.234501
0.344597
0.265105
0.441451
0.415137
0.493395
0.504551
0.445470
0.475064
0.390568
0.472238
0.430874
0.435227
0.418405
0.416812
0.385044
0.504732
0.405403
0.357227
0.495701
0.468956
0.493814
0.385304
0.418189
0.378853
0.375590
0.462884
0.494455
0.388103
0.502112
0.373928
0.328276
0.320921
0.401374
0.434097
0.411435
0.455092
0.393457
0.329169
0.422251
0.358528
0.441664
0.438053
0.454584
0.459242
0.459531
0.462181
0.452982
0.441554
0.431503
0.450203
0.459792
0.445206
0.469943
0.452200
0.419945
0.451348
0.417518
0.437745
0.426234
0.440388
0.421603
0.443001
0.401150
0.427154
0.441047
0.423341
0.403801
0.409197
0.425998
0.459273
0.423826
0.380534
0.449706
0.472208
0.395006
0.392573
0.407083
0.441427
0.416368
0.363586
0.325180
0.340847
0.286991
0.461493
0.459963
0.458297
0.309987
0.474229
0.369467
0.322525
0.304797
0.273255
0.446491
0.471176
0.312729
0.454314
0.368813
0.373806
0.406590
0.425796
0.290727
0.461224
0.381101
0.291927
0.394343
0.266124
0.427847
0.293184
0.345630
0.396425
0.278411
0.240896
0.225687
0.252108
0.288957
0.212745
0.193530
0.283859
0.275687
0.230002
0.311624
0.288452
0.261256
0.351820
0.376709
0.294924
0.309573
0.306472
0.392725
0.191106
0.302293
0.224554
0.303506
0.294648
0.313490
0.250959
0.333420
0.330669
0.288828
0.329723
0.274110
0.294828
0.397576
0.229647
0.235093
0.196190
0.173003
0.287009
0.164561
0.168295
0.143662
0.128438
0.131638
0.237196
0.280378
0.147988
0.236854
0.336696
0.258034
0.218815
0.198287
0.376158
0.145683
0.276667
0.270069
0.127353
0.181699
0.164599
0.358652
0.270022
0.129484
0.224226
0.374590
0.140240
0.313609
0.180700
0.348270
0.337306
0.151023
0.144190
0.355137
0.372233
0.368914
0.354249
0.312716
0.419711
0.460866
0.285317
0.287972
0.342134
0.329758
0.342094
0.370798
0.298221
0.320953
0.316026
0.315109
0.332980
0.431399
0.338831
0.292826
0.247271
0.331476
0.295711
0.299652
0.238568
0.342781
0.286229
0.511586
0.380606
0.250467
0.487941
0.313228
0.396672
0.207189
0.333537
0.525784
0.277461
0.273554
0.313819
0.219806
0.216047
0.210379
0.348648
0.197201
0.231486
0.318424
0.291343
0.200828
0.292934
0.181982
0.375909
0.313320
0.254660
0.393196
0.208019
0.326250
0.319654
0.178837
0.258132
0.251328
0.324547
0.227992
0.167398
0.236313
0.193779
0.167712
0.195300
0.291633
0.243671
0.149904
0.199681
0.145054
0.325694
0.365981
0.321207
0.271717
0.250026
0.413425
0.431429
0.202324
0.192026
0.341076
0.275387
0.464759
0.470103
0.227913
0.271816
0.223996
0.377199
0.280832
0.379334
0.290235
0.426698
0.193656
0.473230
0.468612
0.293922
0.275383
0.309695
0.172691
0.262943
0.426482
0.329098
0.463150
0.306105
0.376796
0.375609
0.415274
0.440606
0.461443
0.342366
0.335456
0.343952
0.337310
0.362378
0.371994
0.385134
0.336318
0.337057
0.319515
0.288933
0.329456
0.355208
0.374353
0.324770
0.408220
0.315520
0.391743
0.347271
0.354728
0.339431
0.341883
0.321544
0.375939
0.289937
0.396229
0.258025
0.326609
0.265777
0.216999
0.349605
0.322930
0.359440
0.323838
0.317588
0.293884
0.408717
0.356550
0.337856
0.455484
0.442391
0.391678
0.358632
0.379411
0.446889
0.330389
0.422381
0.431922
0.358364
0.435942
0.477602
0.406240
0.469105
0.326876
0.431772
0.444844
0.480334
0.416621
0.441078
0.428255
0.372005
0.359922
0.455335
0.468021
0.457037
0.427826
0.464869
0.412953
0.297676
0.377174
0.301309
0.450134
0.429362
0.431722
0.299128
0.447426
0.413207
0.452891
0.429302
0.429715
0.422528
0.434433
0.418067
0.415013
0.426105
0.437714
0.425418
0.403379
0.420515
0.431066
0.407319
0.433308
0.423134
0.409183
0.431713
0.379832
0.386442
0.432699
0.421506
0.420438
0.416777
0.410204
0.394076
0.366980
0.423806
0.395756
0.390283
0.421679
0.435143
0.367469
0.439648
0.406274
0.396044
0.419239
0.364298
0.348908
0.383498
0.362317
0.399510
0.365489
0.358251
0.330272
0.325214
0.404285
0.319871
0.325077
0.317629
0.338358
0.358383
0.350280
0.404225
0.384581
0.362922
0.316181
0.349815
0.377961
0.294439
0.384407
0.350366
0.308043
0.340479
0.308733
0.412779
0.333717
0.319067
0.362330
0.414945
0.342952
0.291151
0.313397
0.298840
0.303632
0.351426
0.363816
0.360575
0.253392
0.303631
0.274415
0.309976
0.219660
0.299775
0.307254
0.306791
0.186425
0.299013
0.278730
0.316385
0.311992
0.261165
0.297097
0.225249
0.245351
0.324915
0.217544
0.315370
0.192239
0.329539
0.305131
0.306781
0.235001
0.322932
0.328533
0.156815
0.299295
0.233374
0.276484
0.178254
0.177641
0.264020
0.332732
0.215649
0.232091
0.204583
0.212756
0.179939
0.239355
0.163350
0.196325
0.249656
0.225141
0.163483
0.175550
0.181763
0.156564
0.250837
0.170992
0.270183
0.258065
0.265112
0.181212
0.227815
0.234597
0.191196
0.254975
0.157097
0.222460
0.204694
0.255741
0.182647
0.278182
0.197140
0.234638
0.250901
0.202450
0.207011
0.182692
0.163384
0.294351
0.263319
0.274940
0.176464
0.430185
0.409504
0.432583
0.388404
0.405937
0.457464
0.465194
0.422809
0.421354
0.401793
0.424394
0.434400
0.439989
0.478689
0.485718
0.398505
0.362235
0.469124
0.480863
0.412615
0.377693
0.425011
0.465489
0.375248
0.371243
0.459389
0.431817
0.328972
0.368873
0.461712
0.395057
0.334221
0.412599
0.410974
0.415629
0.419691
0.432396
0.376878
0.378263
0.378380
0.406481
0.368628
0.382371
0.379211
0.364566
0.346227
0.374880
0.432961
0.348874
0.348752
0.381471
0.365958
0.448852
0.430690
0.422990
0.337841
0.406357
0.360853
0.345363
0.403453
0.436136
0.443509
0.413675
0.452861
0.437496
0.388419
0.380234
0.325890
0.384480
0.412176
0.367239
0.416614
0.392672
0.450125
0.357092
0.370884
0.320800
0.362473
0.366368
0.314190
0.313180
0.388519
0.349545
0.425147
0.335730
0.395247
0.327137
0.337592
0.423400
0.299684
0.430807
0.305481
0.290357
0.294728
0.323127
0.372884
0.326563
0.280409
0.341704
0.413286
0.314697
0.350294
0.398483
0.432503
0.409431
0.302832
0.454380
0.278430
0.453665
0.343280
0.312503
0.371515
0.322956
0.345544
0.396472
0.362420
0.299219
0.268689
0.339772
0.243702
0.262840
0.294631
0.285278
0.354205
0.362341
0.203119
0.301407
0.326461
0.362409
0.279554
0.312038
0.317693
0.369518
0.366668
0.382822
0.341942
0.350535
0.337706
0.376265
0.243183
0.365288
0.241596
0.183894
0.382405
0.205994
0.165809
0.386566
0.193484
0.362047
0.351473
0.348688
0.273414
0.348692
0.369033
0.329218
0.254990
0.232813
0.394974
0.337169
0.403296
0.241126
0.419611
0.208147
0.268977
0.231362
0.434100
0.299757
0.353791
0.377439
0.391813
0.239868
0.190812
0.365328
0.301643
0.279995
0.204541
0.321956
0.423441
0.252157
0.322760
0.375079
0.348231
0.199300
0.335973
0.208170
0.186394
0.186609
0.342645
0.282964
0.368078
0.373282
0.316926
0.426358
0.354679
0.503887
0.323958
0.541896
0.364862
0.440787
0.341963
0.283540
0.280257
0.380630
0.330900
0.255670
0.253631
0.522135
0.320278
0.313169
0.297250
0.397105
0.322166
0.289364
0.231340
0.534595
0.293432
0.279938
0.555547
0.437962
0.202668
0.596344
0.592662
0.475713
0.445157
0.272412
0.306672
0.384923
0.417058
0.427152
0.426706
0.420535
0.407199
0.405100
0.387337
0.373906
0.331492
0.420115
0.390038
0.416486
0.357115
0.385964
0.420867
0.337265
0.424406
0.416278
0.433739
0.422904
0.380378
0.425513
0.353123
0.396152
0.440548
0.316482
0.321493
0.450733
0.438686
0.438485
0.306457
0.419841
0.414082
0.446439
0.300242
0.359289
0.353183
0.344000
0.336880
0.354696
0.346031
0.354182
0.334415
0.326786
0.308267
0.362445
0.357627
0.336189
0.330834
0.321769
0.322673
0.304710
0.294258
0.356342
0.328381
0.343999
0.341296
0.342291
0.366319
0.363665
0.340284
0.328066
0.338391
0.288086
0.335382
0.350242
0.335014
0.276916
0.315169
0.353364
0.337045
0.320439
0.305300
0.356666
0.411106
0.391039
0.386286
0.371352
0.423870
0.413236
0.408485
0.378914
0.377101
0.341402
0.414824
0.428190
0.429246
0.430000
0.434669
0.308260
0.436546
0.374150
0.300106
0.399613
0.383539
0.294731
0.417909
0.388170
0.388427
0.262579
0.364049
0.436395
0.340673
0.351952
0.428865
0.430132
0.377896
0.371799
0.406651
0.430329
0.439164
0.254773
0.280222
0.306430
0.284694
0.312324
0.265493
0.260910
0.227063
0.312251
0.235353
0.339716
0.360801
0.306045
0.201963
0.205049
0.311425
0.329281
0.346754
0.226666
0.269917
0.314763
0.322553
0.376962
0.392346
0.344282
0.342920
0.348536
0.176888
0.317266
0.236490
0.346237
0.344906
0.321416
0.173122
0.251800
0.360123
0.379277
0.359208
0.369820
0.387716
0.344624
0.389970
0.360520
0.398677
0.346601
0.333442
0.323833
0.402305
0.333096
0.369416
0.314498
0.412600
0.312562
0.407209
0.414061
0.310469
0.329535
0.419920
0.290512
0.329477
0.350642
0.439204
0.449139
0.415092
0.318724
0.433069
0.420358
0.343804
0.360737
0.400510
0.317994
0.391152
0.383779
0.331858
0.323537
0.304216
0.288535
0.293160
0.321410
0.328153
0.305546
0.303764
0.328141
0.299725
0.307178
0.296402
0.289621
0.288199
0.280588
0.295808
0.329878
0.283922
0.293364
0.287454
0.300354
0.321765
0.317891
0.306529
0.339127
0.278971
0.302799
0.277368
0.320455
0.321282
0.317347
0.276119
0.302284
0.302990
0.301926
0.295906
0.325341
0.411115
0.446363
0.436930
0.432784
0.390387
0.407463
0.362472
0.435307
0.439919
0.418602
0.453471
0.450568
0.402682
0.380873
0.351546
0.365039
0.411924
0.413947
0.381115
0.423781
0.433785
0.340409
0.413784
0.400406
0.401056
0.451458
0.383786
0.375724
0.395598
0.344887
0.370649
0.390008
0.382091
0.335759
0.375872
0.415774
0.385961
0.310640
0.321212
0.302058
0.302217
0.296819
0.298870
0.326930
0.333102
0.314536
0.296084
0.307368
0.336950
0.301056
0.321313
0.311542
0.329150
0.297876
0.292583
0.307805
0.308175
0.321576
0.298524
0.294941
0.310850
0.304599
0.320096
0.326496
0.316520
0.299705
0.297765
0.300291
0.323676
0.346103
0.330877
0.327803
0.253812
0.236755
0.216439
0.305628
0.276828
0.274242
0.197784
0.188296
0.215054
0.313167
0.150555
0.337096
0.345769
0.329056
0.309515
0.128525
0.359151
0.172469
0.227369
0.149010
0.226193
0.137118
0.157692
0.146677
0.182752
0.265808
0.367353
0.348973
0.376708
0.235822
0.288831
0.151011
0.141627
0.258958
0.372952
0.183007
0.347689
0.360708
0.331154
0.329618
0.305894
0.404806
0.348092
0.429482
0.334427
0.296984
0.427254
0.459726
0.387332
0.479508
0.316367
0.293860
0.333457
0.308074
0.297468
0.463756
0.359846
0.389453
0.423654
0.477278
0.488423
0.287631
0.429354
0.315176
0.401836
0.480319
0.304004
0.384620
0.436045
0.468559
0.347400
0.454079
0.310101
0.390960
0.359164
0.414029
0.393546
0.357493
0.392468
0.335687
0.333615
0.319427
0.288303
0.291072
0.315404
0.373647
0.405634
0.252732
0.416065
0.343568
0.382320
0.383537
0.370328
0.394867
0.359576
0.366616
0.400947
0.349656
0.339659
0.358004
0.373536
0.345926
0.265483
0.339391
0.396581
0.315385
0.366849
0.367990
0.298948
0.267850
0.392631
0.217418
0.465227
0.456121
0.435956
0.421715
0.401824
0.458379
0.440343
0.365263
0.333110
0.387192
0.415828
0.453708
0.434691
0.381264
0.391402
0.440001
0.360477
0.381195
0.311846
0.385193
0.364347
0.425706
0.431948
0.425914
0.330938
0.434206
0.303107
0.411645
0.422931
0.361562
0.337741
0.448756
0.299422
0.360489
0.330357
0.428369
0.285866
0.353474
0.313298
0.495109
0.512996
0.563950
0.434343
0.373770
0.545603
0.398285
0.367825
0.526666
0.353439
0.581728
0.579928
0.537020
0.445540
0.331538
0.362282
0.614411
0.418503
0.344968
0.495959
0.346040
0.309136
0.440486
0.577700
0.629497
0.463301
0.598537
0.311670
0.517653
0.507353
0.253430
0.219378
0.295830
0.347168
0.351430
0.300544
0.291271
0.340626
0.334567
0.332894
0.325015
0.308135
0.298771
0.354175
0.296632
0.306359
0.299801
0.275001
0.283086
0.294256
0.340639
0.289137
0.361735
0.398138
0.374609
0.323729
0.292343
0.277236
0.361124
0.418217
0.343057
0.303504
0.261857
0.310855
0.307974
0.321585
0.303898
0.333509
0.424954
0.403332
0.318012
0.334380
0.211247
0.228708
0.154321
0.231223
0.125926
0.230645
0.214466
0.256273
0.207023
0.281397
0.186175
0.110405
0.166264
0.111793
0.258378
0.180048
0.190095
0.194250
0.226554
0.298069
0.228010
0.158347
0.160640
0.246197
0.134072
0.146407
0.102804
0.118167
0.145904
0.094448
0.251322
0.253511
0.148207
0.122987
0.278313
0.119706
0.124145
0.324774
0.291187
0.334243
0.268898
0.367999
0.421654
0.407834
0.367946
0.254546
0.294757
0.481386
0.261902
0.525271
0.266342
0.275230
0.377383
0.542592
0.445324
0.274885
0.278598
0.234674
0.399817
0.540340
0.324281
0.457502
0.274091
0.409749
0.259551
0.271761
0.253466
0.505174
0.284143
0.315809
0.389551
0.474747
0.271865
0.232834
0.445088
0.416093
0.416607
0.471730
0.413027
0.500644
0.510040
0.501934
0.443478
0.470707
0.465047
0.485477
0.424403
0.361467
0.334056
0.496081
0.506062
0.400011
0.414745
0.420951
0.428222
0.297514
0.276807
0.372278
0.479542
0.331986
0.373596
0.352013
0.378210
0.368067
0.321275
0.488523
0.449666
0.489412
0.357388
0.569915
0.509727
0.622346
0.584221
0.452431
0.525730
0.527941
0.405967
0.548813
0.459711
0.443497
0.428519
0.628810
0.565256
0.517914
0.602695
0.572864
0.458397
0.351896
0.306865
0.507535
0.408180
0.613205
0.427079
0.356983
0.548035
0.577569
0.533019
0.500497
0.476486
0.521912
0.528334
0.568290
0.567456
0.127201
0.135746
0.130188
0.147292
0.145513
0.166518
0.145858
0.172118
0.149540
0.129428
0.170467
0.136015
0.178424
0.210931
0.171051
0.125578
0.172810
0.131551
0.170722
0.228822
0.255707
0.187544
0.110828
0.119287
0.289320
0.199364
0.256548
0.225777
0.298326
0.204822
0.228573
0.135143
0.110933
0.162566
0.142192
0.337195
0.318731
0.308652
0.303634
0.405584
0.308387
0.398808
0.375073
0.450322
0.304359
0.367624
0.313801
0.467127
0.477238
0.302116
0.340114
0.353492
0.302691
0.320448
0.460651
0.293030
0.304902
0.477466
0.389055
0.300896
0.382733
0.287488
0.363327
0.333145
0.388258
0.483952
0.328217
0.437798
0.416988
0.300167
0.306831
0.454228
0.342872
0.471144
0.456599
0.470279
0.452198
0.455002
0.451611
0.460717
0.452035
0.440765
0.441189
0.463044
0.448230
0.441313
0.442046
0.443510
0.471296
0.435477
0.456240
0.428832
0.460934
0.418971
0.454992
0.409708
0.456655
0.384209
0.431575
0.414695
0.440573
0.404370
0.442985
0.371633
0.454410
0.436828
0.448097
0.428606
0.432948
0.442678
0.466321
0.461155
0.459558
0.456626
0.453515
0.450950
0.448613
0.449148
0.457537
0.438429
0.435940
0.450149
0.446593
0.446707
0.472000
0.431135
0.449028
0.428718
0.407008
0.414119
0.422263
0.453778
0.419114
0.462210
0.382880
0.393990
0.443507
0.339464
0.392283
0.373467
0.439612
0.447797
0.426826
0.363938
0.467344
0.418432
0.452357
0.434231
0.423507
0.452245
0.373747
0.444156
0.347041
0.423353
0.463243
0.359481
0.457457
0.420571
0.335435
0.341562
0.385082
0.331293
0.433424
0.413416
0.370352
0.336448
0.347516
0.407243
0.323414
0.316277
0.393632
0.452742
0.313457
0.387779
0.378277
0.386987
0.461564
0.305074
0.305849
0.381437
0.292406
0.326433
0.367383
0.436594
0.340242
0.386544
0.354356
0.332486
0.423294
0.382906
0.452229
0.310429
0.410860
0.417594
0.407456
0.363784
0.470118
0.332581
0.372115
0.446894
0.272955
0.287569
0.360659
0.441606
0.425359
0.445546
0.237936
0.491877
0.307361
0.279881
0.376418
0.328664
0.291612
0.232448
0.282352
0.235554
0.361156
0.332081
0.499020
0.313118
0.384101
0.397849
0.293200
0.471043
0.411949
0.380295
0.390784
0.380780
0.364388
0.404636
0.442004
0.400961
0.445275
0.391725
0.432943
0.410754
0.401205
0.457976
0.455786
0.368493
0.401988
0.411883
0.374349
0.464721
0.367048
0.389781
0.372773
0.449192
0.430923
0.352391
0.374316
0.392632
0.349162
0.426060
0.453397
0.360928
0.390621
0.342348
0.327625
0.450294
0.346263
0.318137
0.404807
0.286070
0.274577
0.391149
0.304352
0.292481
0.468974
0.301662
0.267389
0.346157
0.292367
0.438759
0.412647
0.502511
0.303447
0.262981
0.264022
0.350077
0.349691
0.489261
0.305071
0.252770
0.516445
0.550615
0.261920
0.425385
0.343939
0.272972
0.323747
0.565120
0.329918
0.295748
0.270843
0.443917
0.264283
0.279591
0.206352
0.261176
0.182905
0.223659
0.196735
0.323005
0.169310
0.126511
0.342153
0.237042
0.266752
0.250968
0.162768
0.165182
0.136616
0.117904
0.170234
0.126331
0.105155
0.279205
0.333983
0.305485
0.202336
0.292310
0.358395
0.377152
0.156292
0.367452
0.358476
0.214804
0.097157
0.104066
0.112713
0.179713
0.398145
0.376076
0.261309
0.331861
0.334242
0.314354
0.317893
0.333664
0.303770
0.310476
0.298564
0.317844
0.329814
0.326918
0.294735
0.298580
0.331618
0.316680
0.339871
0.337204
0.315399
0.282130
0.291834
0.314436
0.318783
0.310046
0.302256
0.319654
0.287742
0.283521
0.307239
0.304387
0.315593
0.328342
0.319541
0.320426
0.316168
0.311541
0.291056
0.329444
0.243807
0.282663
0.250467
0.292082
0.243803
0.229244
0.274072
0.189443
0.336984
0.368868
0.380942
0.243967
0.177113
0.298452
0.338389
0.283073
0.275787
0.206837
0.283057
0.171350
0.385408
0.351598
0.290263
0.409385
0.287231
0.279187
0.300571
0.337435
0.142425
0.213444
0.169361
0.310440
0.309437
0.182638
0.289378
0.154123
0.317947
0.302628
0.392572
0.404361
0.392653
0.437806
0.329400
0.311169
0.337108
0.433011
0.297604
0.331352
0.298197
0.398044
0.387164
0.462186
0.416722
0.333693
0.272463
0.344153
0.347473
0.271661
0.405366
0.326370
0.360108
0.471560
0.371011
0.315337
0.369293
0.467552
0.273777
0.458671
0.321919
0.366415
0.394161
0.437993
0.250921
0.355508
0.453314
0.369077
0.459027
0.415976
0.420031
0.437553
0.465670
0.400096
0.427441
0.472560
0.461784
0.480449
0.470069
0.470071
0.458959
0.437039
0.421694
0.411075
0.392897
0.387913
0.449419
0.476507
0.434873
0.453769
0.440950
0.383371
0.443042
0.387435
0.437145
0.463141
0.376140
0.457696
0.365374
0.454608
0.459671
0.366466
0.461390
0.463368
0.408845
0.418231
0.374518
0.281746
0.297360
0.291178
0.288571
0.305248
0.298207
0.278811
0.316645
0.280992
0.303361
0.309839
0.315123
0.336764
0.314276
0.305434
0.283739
0.266209
0.281717
0.292227
0.294030
0.339365
0.303973
0.264523
0.325485
0.308663
0.303493
0.296862
0.284808
0.300006
0.279307
0.343526
0.302698
0.294372
0.295030
0.295832
0.341491
0.259508
0.321282
0.321808
0.314631
0.310550
0.333041
0.295826
0.337715
0.348497
0.355340
0.357437
0.349088
0.313358
0.347656
0.344398
0.292784
0.351331
0.341711
0.320456
0.265275
0.330797
0.362917
0.302814
0.330604
0.300326
0.336171
0.327928
0.323411
0.331425
0.272718
0.321395
0.293134
0.310318
0.284218
0.358861
0.306486
0.301804
0.422414
0.421353
0.398440
0.420099
0.422343
0.395356
0.418647
0.412130
0.429637
0.412598
0.409375
0.399571
0.399537
0.368484
0.387996
0.362284
0.391851
0.362729
0.387462
0.433358
0.393031
0.436040
0.391604
0.362401
0.416188
0.321830
0.433511
0.427843
0.435023
0.435911
0.408712
0.364260
0.347922
0.388835
0.409884
0.352127
0.278654
0.296934
0.274720
0.267400
0.319975
0.271204
0.315594
0.260074
0.284141
0.269029
0.345291
0.271706
0.265539
0.247932
0.288632
0.265357
0.276502
0.277096
0.273861
0.289364
0.264643
0.346754
0.275724
0.336474
0.363723
0.264117
0.356172
0.364025
0.262457
0.298670
0.363020
0.237003
0.269017
0.303749
0.298302
0.364355
0.382620
0.372659
0.372235
0.333468
0.332623
0.387994
0.292298
0.363907
0.256553
0.338647
0.398675
0.241117
0.375251
0.373878
0.385375
0.398611
0.337363
0.359940
0.375531
0.396667
0.271561
0.236166
0.340444
0.335421
0.357017
0.369369
0.380633
0.351880
0.397776
0.369579
0.310296
0.278245
0.272163
0.397190
0.408766
0.358600
0.351981
0.308386
0.406943
0.379104
0.421668
0.269206
0.410025
0.269748
0.356614
0.348758
0.340782
0.220632
0.396193
0.421050
0.303991
0.322785
0.392987
0.426171
0.360764
0.237603
0.451225
0.387622
0.317947
0.328807
0.276253
0.313800
0.366490
0.297181
0.448760
0.306025
0.432352
0.217389
0.179146
0.446830
0.263479
0.390207
0.466253
0.445655
0.445130
0.458090
0.454956
0.460888
0.433944
0.439047
0.440659
0.461366
0.403004
0.383135
0.443838
0.415904
0.437860
0.415477
0.425288
0.371327
0.382707
0.340093
0.362240
0.401197
0.440404
0.344006
0.414217
0.453832
0.297286
0.262571
0.447926
0.317327
0.236736
0.322765
0.417544
0.313602
0.386784
0.426949
