225
180
181
146
161
142
198
182
174
173
206
195
195
208
153
154
158
167
209
187
189
194
189
174
190
187
175
171
166
198
178
156
154
174
191
207
180
187
191
201
170
147
219
186
167
200
154
174
200
188
198
170
153
172
167
171
150
170
164
175
194
168
167
184
167
196
189
181
178
192
178
171
162
186
181
171
165
189
199
192
178
210
189
218
206
188
169
188
169
173
182
169
162
154
184
156
165
195
188
195
177
164
192
175
175
164
150
182
178
156
218
191
192
187
181
165
188
195
179
146
188
158
179
169
170
197
181
153
205
176
223
170
172
164
167
193
183
206
169
234
183
175
197
163
164
201
210
177
171
171
211
159
170
173
168
169
141
163
189
171
166
224
177
197
188
172
165
202
155
171
181
161
153
192
176
145
169
165
200
189
169
173
180
197
181
176
166
175
175
160
148
177
171
158
181
165
195
200
154
166
163
164
215
171
181
175
214
154
177
179
178
191
191
185
184
188
194
179
166
181
169
175
177
187
189
155
154
163
171
187
175
182
166
159
167
157
169
187
167
152
179
208
179
166
177
163
187
200
153
188
180
168
166
183
161
158
202
213
192
169
207
166
159
163
140
155
174
168
172
154
174
174
169
169
159
170
173
190
143
173
174
171
194
179
195
179
187
210
166
214
155
202
151
192
177
191
175
215
182
220
152
159
207
171
160
209
176
178
160
175
179
169
194
152
191
183
161
174
197
171
206
167
166
178
179
155
170
184
180
187
186
172
184
178
149
198
194
134
167
177
168
204
188
158
172
185
181
162
163
186
159
167
163
177
189
168
185
178
163
162
198
178
181
198
165
170
188
150
189
164
175
176
211
176
184
170
158
208
156
190
168
164
163
185
195
156
179
136
175
191
175
178
182
181
159
198
173
149
202
186
171
187
178
204
180
162
170
164
184
168
155
166
168
181
214
151
229
177
176
159
181
171
188
211
170
205
188
164
179
162
198
159
168
176
173
158
185
199
200
161
141
175
189
212
167
197
160
160
139
197
162
197
155
173
154
187
157
162
191
167
213
203
189
166
196
173
148
157
163
184
197
174
175
213
199
168
165
171
189
152
183
150
158
158
183
192
149
160
190
199
168
182
174
170
173
179
170
167
130
165
194
178
179
176
187
172
179
201
154
182
157
154
166
166
166
192
173
161
154
168
199
164
169
193
214
167
184
200
126
168
203
171
189
187
147
191
151
216
177
198
167
175
166
182
188
151
134
156
179
174
186
191
178
155
206
195
205
164
185
205
202
179
165
169
196
180
189
182
174
156
196
198
167
178
148
157
179
180
166
171
160
185
194
174
199
220
165
145
169
233
167
195
173
193
197
170
195
179
187
193
153
184
148
193
161
144
217
179
184
181
161
182
164
162
160
182
165
150
212
195
198
181
179
182
198
167
187
179
169
167
163
210
204
163
146
177
188
203
178
175
147
173
204
189
152
178
177
192
175
173
187
191
180
193
210
181
193
189
171
175
196
180
198
161
171
172
191
169
167
164
162
143
176
177
193
198
205
185
171
137
163
187
176
170
152
166
182
177
149
223
160
158
164
170
176
176
196
181
173
190
199
178
195
201
164
193
169
137
173
186
186
164
167
170
187
211
185
179
169
135
146
166
206
185
176
169
195
182
171
179
166
186
165
166
189
155
204
182
192
175
187
190
175
180
158
184
183
188
133
167
206
157
184
162
174
172
189
209
161
181
181
136
186
138
170
181
168
178
160
178
173
181
169
189
185
173
185
195
190
193
209
146
186
168
198
182
190
179
188
182
216
197
186
183
184
157
134
211
178
174
163
199
211
187
211
182
182
184
197
202
208
201
148
160
206
190
189
206
182
140
163
176
178
176
170
199
180
181
163
188
174
196
183
191
182
182
197
153
191
181
153
194
169
144
226
183
192
188
179
181
197
178
180
172
168
191
205
170
182
201
151
187
167
165
194
174
175
184
157
163
174
223
174
207
177
163
155
183
191
215
190
166
180
187
162
153
163
165
158
181
162
163
163
178
169
174
163
173
179
186
174
149
180
179
153
174
172
185
136
149
184
183
199
157
188
167
195
181
152
187
187
193
182
172
142
153
150
172
220
192
181
186
191
162
186
168
191
176
189
172
200
160
186
170
199
186
202
204
171
197
221
179
196
164
194
204
189
192
190
167
153
173
130
210
164
171
160
185
181
189
171
167
188
164
178
167
176
178
204
170
175
169
170
174
181
162
191
219
167
177
173
179
204
185
187
191
159
161
170
209
177
198
183
162
178
159
150
181
206
172
169
178
152
126
178
178
192
192
183
169
170
169
201
173
147
174
154
179
172
156
164
196
136
179
197
167
200
164
181
187
177
202
174
150
137
170
198
196
166
165
164
140
183
185
152
164
179
200
171
202
163
180
199
177
180
172
170
218
174
169
169
172
163
187
181
172
184
142
168
157
194
160
172
189
191
160
180
208
179
194
180
184
203
165
184
181
190
172
165
148
169
171
169
176
157
183
175
167
184
201
186
166
165
184
190
169
177
173
199
205
185
185
169
227
192
195
190
200
168
163
214
200
177
156
158
200
211
174
180
211
191
179
146
187
198
161
169
207
156
189
181
157
153
170
214
195
215
185
199
194
179
174
167
177
161
193
183
187
174
171
195
183
208
164
154
160
195
184
158
150
191
162
174
187
197
174
174
200
168
208
192
169
164
158
158
158
184
156
178
160
186
139
198
193
190
192
167
147
182
150
165
170
151
182
198
183
175
139
163
179
199
215
164
182
192
185
198
186
176
192
177
173
192
190
150
188
163
184
169
195
177
169
180
166
169
162
152
153
164
166
149
145
151
154
202
158
184
156
179
180
185
184
154
191
200
210
176
179
157
194
187
173
179
160
206
178
183
195
150
200
206
151
165
177
185
156
169
198
179
189
181
149
216
220
171
190
176
185
160
154
174
182
216
191
193
198
174
182
192
170
153
193
201
185
185
176
155
195
193
158
157
184
164
183
218
190
173
179
186
157
182
189
216
168
184
182
156
169
193
163
175
174
168
181
197
179
193
199
147
173
194
168
158
182
175
210
176
174
155
176
168
182
166
163
210
160
177
191
192
178
204
186
188
156
167
160
208
166
136
187
185
186
201
149
175
162
138
198
187
187
220
156
187
217
181
172
192
185
183
181
191
206
158
178
210
214
176
154
178
177
159
183
151
172
162
166
179
212
197
216
165
170
159
144
166
193
161
168
176
198
179
179
146
185
158
167
167
140
185
189
163
197
178
193
173
137
183
183
200
188
187
211
166
167
209
156
187
183
182
176
170
175
169
164
131
189
158
188
202
149
153
182
177
169
170
180
173
199
156
172
175
190
205
145
177
170
154
180
161
146
180
150
161
189
176
189
180
196
168
174
174
157
168
205
198
174
196
166
202
170
199
215
177
172
141
156
150
166
190
193
170
161
172
182
171
196
170
165
205
180
178
172
156
192
184
155
192
193
167
180
147
173
206
170
191
200
150
192
161
191
162
176
174
176
163
190
163
214
176
168
156
186
184
183
168
184
148
179
163
212
220
134
194
191
169
168
174
173
176
197
192
179
140
188
176
187
189
203
221
165
170
169
192
190
165
153
156
189
171
145
156
195
169
186
165
207
169
162
172
205
163
183
204
188
166
193
178
174
172
176
201
155
165
164
174
167
146
185
206
156
159
164
186
167
182
160
199
182
158
183
215
183
184
180
187
189
155
180
185
180
176
155
146
135
194
183
191
190
197
194
140
195
193
169
163
170
171
180
179
174
181
151
178
154
168
190
162
174
176
165
188
180
182
177
179
198
180
228
200
149
176
189
151
199
173
198
204
175
209
170
185
178
172
177
164
204
200
186
157
179
180
205
192
214
203
201
198
175
171
173
206
153
171
198
177
166
189
165
186
182
188
183
160
165
179
162
201
127
205
181
185
171
203
203
185
165
191
180
183
187
182
205
182
204
161
189
182
146
180
188
180
200
187
163
206
169
172
187
193
194
195
198
179
158
206
201
195
170
193
192
215
183
186
204
217
163
211
173
159
179
168
165
186
189
177
166
137
164
171
169
178
199
179
163
194
196
187
164
161
187
169
153
188
193
154
172
192
175
172
141
175
194
162
183
166
171
187
179
197
163
149
190
166
165
203
158
187
186
173
179
200
187
195
182
210
188
150
178
154
186
143
215
185
156
202
180
158
149
181
179
162
167
167
200
186
207
157
178
138
162
159
195
166
166
188
175
158
156
204
179
168
193
173
188
183
179
190
146
177
194
177
180
203
202
195
169
159
167
179
199
153
170
205
198
177
195
180
194
171
168
196
158
178
205
169
180
190
185
181
180
161
199
180
191
177
169
178
189
167
211
151
164
206
166
198
180
197
158
196
170
176
199
176
169
185
193
153
177
204
175
177
191
173
212
178
159
161
174
183
188
213
171
211
163
169
201
196
153
120
148
202
187
168
169
175
193
167
171
171
187
189
181
196
178
169
172
192
183
194
153
178
204
174
170
139
174
189
141
190
198
