164
205
149
170
159
187
188
189
180
183
213
171
111
119
181
195
202
132
195
175
179
160
166
206
178
199
109
183
213
188
119
183
196
176
203
209
166
186
179
181
152
181
198
207
191
169
132
218
212
123
192
191
179
201
184
206
225
217
210
182
178
198
210
199
190
204
236
173
196
200
196
205
203
189
195
196
183
212
111
211
179
198
207
128
169
117
172
151
205
171
222
201
197
221
214
222
183
158
125
167
214
119
226
192
195
158
216
177
162
159
153
181
123
196
179
131
176
189
231
181
186
167
161
172
228
169
207
225
189
209
119
204
218
126
113
167
205
193
172
162
196
183
124
200
191
177
177
173
169
160
202
224
210
165
200
132
142
162
214
121
192
137
142
180
201
225
204
190
166
181
200
180
160
202
190
211
207
203
139
195
204
173
167
189
178
217
177
177
146
185
204
205
206
107
183
192
188
190
206
185
206
130
183
159
185
110
173
111
183
167
194
160
179
122
207
239
202
216
182
176
118
129
185
187
199
192
121
182
127
192
188
177
215
200
207
219
210
131
193
168
222
208
177
197
146
194
123
229
126
184
172
207
155
184
180
189
200
194
195
137
109
176
189
120
127
177
165
196
200
170
217
187
208
236
158
116
211
110
125
206
208
194
176
194
176
202
173
150
200
218
195
125
161
138
