0.506985 -0.678029 -0.541518 
0.508197 -0.540719 -0.677761 
0.423642 -0.583927 -0.709122 
0.583771 -0.475243 -0.676587 
0.541311 -0.727560 -0.461715 
0.635000 -0.509021 -0.597628 
0.716590 -0.492462 -0.542231 
0.490986 -0.692819 -0.540839 
0.366727 -0.661469 -0.681775 
0.382085 -0.540602 -0.789097 
0.305263 -0.737322 -0.660128 
0.421105 -0.460605 -0.834681 
0.298426 -0.589309 -0.814171 
0.784656 -0.420226 -0.554439 
0.273070 -0.816942 -0.608900 
0.223474 -0.655507 -0.814075 
0.559788 -0.788426 -0.384554 
0.457524 -0.753335 -0.509833 
0.173589 -0.734704 -0.778872 
0.287193 -0.880439 -0.532948 
0.326183 -0.926049 -0.452951 
0.869297 -0.387895 -0.512124 
0.562307 -0.416296 -0.754463 
0.644432 -0.756060 -0.342272 
0.411954 -0.394342 -0.909015 
0.394476 -0.937901 -0.380871 
0.706908 -0.776357 -0.266875 
0.907353 -0.307913 -0.558544 
0.425968 -0.989674 -0.301324 
0.301689 -0.593601 -0.807001 
0.441262 -0.829906 -0.447604 
0.383605 -0.723325 -0.605034 
0.674479 -0.572420 -0.499412 
0.375095 -1.068700 -0.267165 
0.461238 -0.315049 -0.944844 
0.640657 -0.849752 -0.251908 
0.544280 -0.292961 -0.893696 
0.728047 -0.392513 -0.632076 
0.477487 -0.451731 -0.793832 
0.504768 -0.568880 -0.652623 
0.457709 -0.752329 -0.510677 
0.478863 -0.911059 -0.333290 
0.327103 -0.432222 -0.945967 
0.591028 -0.631221 -0.514208 
0.932111 -0.407735 -0.436887 
0.412261 -0.278904 -1.024183 
0.255913 -0.546859 -0.894113 
0.791494 -0.733450 -0.235184 
0.643195 -0.429775 -0.669647 
0.706331 -0.427566 -0.616175 
0.338926 -0.356987 -1.010775 
0.470968 -0.574185 -0.677126 
0.282892 -0.678977 -0.738202 
0.449127 -1.070608 -0.199967 
0.551675 -0.559120 -0.621015 
0.709949 -0.845682 -0.194869 
0.365362 -0.818462 -0.525986 
0.797935 -0.476715 -0.486239 
0.340718 -0.511836 -0.854346 
0.247968 -0.814744 -0.633236 
0.469611 -0.201500 -1.051009 
0.442045 -0.653415 -0.623404 
0.531714 -1.017960 -0.179779 
0.721499 -0.700266 -0.330098 
0.360929 -0.513925 -0.834432 
0.312794 -0.469307 -0.921501 
0.657952 -0.924489 -0.161919 
0.582278 -0.587675 -0.565472 
0.482593 -0.749925 -0.491134 
0.804352 -0.648468 -0.308827 
0.515769 -0.955541 -0.256261 
0.612947 -0.304222 -0.821876 
0.423876 -0.702401 -0.590442 
1.002260 -0.337018 -0.445738 
0.493759 -0.377051 -0.854161 
0.444813 -0.898989 -0.375389 
0.395175 -0.909600 -0.408555 
0.168439 -0.874466 -0.643651 
0.594700 -0.512248 -0.629942 
0.103968 -0.724980 -0.849995 
0.737812 -0.453330 -0.562648 
0.616487 -0.983640 -0.139336 
0.726656 -0.546509 -0.479307 
0.819898 -0.654294 -0.289291 
0.128760 -0.646423 -0.906688 
0.679469 -0.349856 -0.717575 
0.822501 -0.345001 -0.596288 
0.409015 -0.410843 -0.895106 
0.425426 -0.830196 -0.461280 
0.478197 -0.991357 -0.253579 
0.608864 -0.310346 -0.819353 
0.232023 -0.483257 -0.978785 
0.762949 -0.320890 -0.672919 
0.437490 -0.644941 -0.635896 
0.351520 -0.847391 -0.509264 
0.747956 -0.755785 -0.251246 
0.359720 -0.814428 -0.534996 
0.980138 -0.444851 -0.357415 
0.363095 -0.660077 -0.686370 
0.743486 -0.405618 -0.605356 
0.604427 -0.746989 -0.386623 
0.084820 -0.899323 -0.692539 
0.541581 -0.865518 -0.323518 
0.471208 -0.648624 -0.602477 
0.418327 -0.761380 -0.536357 
0.216156 -0.729181 -0.746854 
0.858400 -0.475264 -0.434365 
0.464164 -0.887894 -0.369419 
0.565679 -0.703213 -0.464571 
0.256054 -0.917166 -0.523683 
0.304390 -0.867320 -0.530900 
0.397634 -0.580259 -0.735727 
0.170216 -0.802987 -0.713563 
0.310781 -0.778242 -0.614341 
0.390125 -0.357083 -0.965525 
0.553788 -1.076502 -0.101769 
0.378762 -0.334798 -0.997832 
0.061546 -0.719221 -0.893167 
0.895753 -0.443415 -0.433273 
0.326752 -0.593717 -0.784782 
0.595466 -0.787135 -0.354380 
0.171208 -0.588378 -0.927298 
0.609722 -0.555282 -0.573661 
0.963230 -0.521600 -0.295578 
0.529472 -0.879715 -0.320001 
0.463805 -0.485531 -0.772098 
0.764139 -0.767374 -0.225386 
0.630134 -0.560873 -0.550067 
0.593305 -0.898766 -0.244656 
0.973703 -0.416197 -0.391745 
1.064541 -0.400363 -0.327467 
0.815005 -0.418741 -0.529159 
0.044417 -0.801611 -0.825884 
0.878616 -0.564216 -0.327584 
0.494220 -0.257942 -0.972864 
0.126086 -0.746410 -0.809059 
0.835273 -0.252017 -0.678008 
0.300062 -0.926306 -0.475731 
0.593936 -0.948582 -0.194282 
0.459079 -0.504052 -0.757745 
0.331558 -0.331744 -1.042517 
0.333762 -0.358793 -1.013524 
0.092657 -0.825459 -0.759492 
0.379070 -0.519174 -0.813184 
0.288513 -0.968185 -0.444037 
0.535798 -1.041098 -0.153039 
0.790265 -0.663289 -0.306429 
0.682412 -0.546758 -0.518078 
0.102442 -0.948012 -0.628310 
0.799408 -0.637895 -0.323760 
0.558336 -0.710889 -0.463372 
0.766006 -0.241718 -0.749395 
0.043074 -0.797665 -0.831013 
0.671955 -0.227389 -0.846669 
0.846589 -0.184036 -0.736009 
0.695904 -0.494166 -0.558771 
0.446342 -0.466086 -0.806944 
0.700765 -0.500579 -0.548071 
0.361415 -0.532285 -0.815643 
0.742523 -0.398528 -0.613295 
0.988824 -0.442896 -0.351710 
0.461229 -0.531203 -0.728698 
0.572539 -0.196197 -0.965538 
1.045468 -0.365271 -0.379380 
0.345048 -0.645238 -0.717125 
0.926830 -0.523372 -0.325907 
0.987593 -0.295527 -0.500165 
0.184906 -0.609530 -0.894066 
0.556699 -0.276083 -0.899621 
0.721065 -0.691908 -0.338839 
0.459832 -0.278170 -0.982963 
0.388100 -0.608483 -0.715912 
0.274468 -0.689537 -0.735071 
0.851892 -0.420060 -0.495308 
0.657431 -0.645961 -0.440906 
0.358797 -0.677113 -0.673125 
0.822041 -0.559766 -0.381928 
0.546801 -0.535586 -0.648847 
0.798390 -0.162080 -0.800473 
0.514764 -0.581655 -0.631033 
0.513222 -0.372460 -0.841587 
0.519846 -0.778639 -0.429567 
0.991948 -0.276118 -0.515733 
0.853232 -0.416456 -0.497731 
0.679628 -0.153584 -0.913707 
0.736670 -0.612310 -0.404675 
0.155811 -0.688783 -0.840471 
0.321336 -1.018918 -0.364357 
0.589731 -0.815648 -0.330924 
0.702147 -0.678776 -0.368655 
0.698486 -0.609745 -0.440914 
0.012728 -0.836968 -0.818474 
0.742458 -0.570241 -0.441639 
0.707691 -0.418943 -0.623599 
0.022359 -0.816857 -0.830091 
0.500917 -0.991758 -0.233141 
0.403280 -0.645865 -0.665142 
0.516366 -0.517865 -0.693409 
0.222720 -0.862897 -0.607349 
0.099861 -0.830691 -0.747907 
0.796867 -0.475842 -0.488055 
1.020787 -0.480241 -0.286176 
0.948353 -0.475705 -0.354593 
0.406689 -0.372602 -0.935399 
0.383641 -0.289439 -1.038888 
0.624617 -0.203748 -0.912058 
1.028388 -0.406463 -0.353251 
0.399854 -0.645176 -0.668853 
0.378270 -0.402288 -0.930775 
0.357079 -1.061335 -0.290417 
0.064352 -0.804980 -0.804933 
0.553916 -0.565616 -0.612543 
0.317985 -0.490689 -0.895541 
0.794815 -0.424050 -0.541655 
0.882959 -0.632919 -0.255051 
0.589451 -0.369906 -0.776914 
0.626302 -0.484413 -0.629907 
0.401101 -0.784801 -0.528128 
0.818828 -0.685650 -0.258878 
0.401527 -0.441471 -0.871082 
0.186477 -0.988321 -0.513888 
0.656370 -0.820803 -0.267000 
0.625388 -0.725566 -0.389561 
0.188195 -0.609145 -0.891549 
0.603098 -0.294098 -0.840686 
0.989021 -0.486462 -0.307970 
0.455173 -0.725131 -0.540111 
0.762028 -0.680134 -0.314488 
0.477694 -0.448288 -0.797092 
0.380593 -0.565534 -0.765481 
0.317433 -0.731567 -0.655150 
0.866743 -0.570662 -0.331609 
0.956104 -0.401302 -0.422159 
0.310525 -0.671343 -0.721466 
1.059753 -0.400245 -0.331808 
0.768051 -0.738857 -0.250452 
0.645705 -0.765478 -0.331730 
0.900586 -0.486229 -0.386196 
0.811218 -0.702314 -0.248926 
0.181148 -0.939728 -0.567182 
0.607926 -0.798947 -0.331580 
0.502812 -0.865950 -0.357278 
0.668135 -0.791598 -0.285829 
0.337990 -0.428106 -0.940481 
0.184699 -0.794594 -0.709183 
0.415961 -0.643689 -0.656135 
0.747271 -0.684033 -0.323602 
0.436584 -0.696216 -0.585420 
0.899362 -0.373749 -0.499755 
0.755904 -0.556675 -0.443347 
0.483999 -0.271676 -0.968143 
0.387848 -0.487507 -0.837110 
0.147273 -0.919653 -0.617131 
0.365971 -0.906864 -0.437047 
0.228175 -0.656497 -0.808938 
0.820323 -0.328214 -0.614996 
0.168778 -0.852060 -0.665759 
0.378500 -0.753734 -0.579127 
0.464428 -1.110815 -0.146265 
0.225296 -0.585693 -0.882281 
0.414039 -0.985271 -0.316247 
0.757795 -0.522284 -0.476071 
0.929403 -0.601365 -0.245645 
0.348663 -0.891787 -0.467388 
0.885522 -0.449615 -0.436095 
0.452566 -0.851395 -0.416146 
1.085228 -0.315253 -0.394332 
1.139904 -0.334636 -0.326730 
0.134171 -0.734008 -0.814331 
0.534783 -0.440719 -0.754313 
0.484864 -0.775921 -0.463136 
0.755199 -0.204384 -0.796259 
0.534749 -0.367427 -0.827635 
0.849625 -0.549465 -0.367902 
0.089149 -0.826357 -0.761687 
0.752761 -0.170182 -0.832611 
0.756936 -0.309156 -0.689956 
0.919698 -0.221876 -0.633693 
0.242270 -0.468117 -0.984887 
0.307349 -0.830713 -0.564898 
0.680344 -0.278763 -0.787896 
0.471560 -1.029206 -0.221583 
0.056802 -0.640680 -0.975892 
0.599925 -0.409550 -0.728033 
0.303747 -0.806174 -0.592613 
0.658792 -0.290395 -0.795272 
0.982281 -0.322174 -0.478202 
0.782192 -0.498419 -0.478419 
0.271081 -0.956426 -0.471170 
0.279993 -0.528380 -0.891356 
0.632017 -0.432287 -0.676993 
0.609026 -0.540916 -0.588640 
0.307024 -0.876523 -0.519373 
0.312780 -0.954819 -0.436002 
