2.369385
2.439942
1.848492
1.714376
2.658443
2.346679
2.524302
1.553819
2.543640
1.566742
1.229687
2.479594
1.797658
1.503970
2.259407
2.330077
1.323581
2.063652
2.481492
1.699793
1.509631
1.562772
2.622369
1.323581
1.970158
2.042237
2.610990
2.459483
2.305201
2.355363
2.693368
2.399019
2.185333
2.475123
2.682765
1.294916
2.333752
2.462843
2.535398
2.432741
2.218428
2.120625
1.503765
1.508633
2.305699
2.633802
1.439144
1.518570
2.450482
2.438480
3.373664
2.417985
2.347255
1.997632
1.453829
1.944561
3.177169
3.429221
1.916842
1.545642
2.915639
2.540854
3.638657
3.217336
2.875911
2.479468
2.537704
2.134126
2.659135
2.083115
2.552409
2.541330
1.375215
1.507956
3.597780
2.397850
2.410003
1.966256
2.455114
3.227317
2.740371
2.894696
2.168838
2.332629
1.688903
3.244760
3.117872
1.694539
1.525409
2.480392
2.451441
2.294833
3.406791
2.474568
2.788125
1.236591
1.375215
2.295888
2.382693
3.151978
2.152387
1.810353
0.942313
2.890394
2.234599
1.088878
1.709557
2.064771
0.727944
2.169124
2.228177
2.855849
2.042991
1.909422
1.586267
2.853870
2.779062
2.748686
2.839883
1.695449
1.071295
1.497590
2.383005
2.835318
1.895188
2.465389
1.708680
2.987472
1.399067
1.654751
2.156923
2.078040
1.183986
1.678710
1.568082
1.496918
2.412895
1.450923
2.010015
2.825303
2.596913
1.237207
2.807817
2.836980
0.734895
0.994172
2.441223
0.939339
2.420419
1.560222
1.062541
1.074425
0.648670
1.115727
0.754085
0.707329
0.392816
0.648663
0.548493
0.207490
0.714130
0.748659
0.964198
0.441042
0.320974
0.453585
0.528446
0.567041
0.488621
0.390823
1.544685
0.637510
0.476880
1.524641
0.618500
0.269407
0.681955
0.537927
0.333663
0.244410
0.181994
1.225049
1.354220
1.186318
1.072439
1.102860
0.447807
0.301668
1.645669
1.474253
0.652289
1.075971
0.755395
0.588688
0.431382
0.657107
1.053609
0.894447
0.793444
0.656214
3.391069
4.017172
2.454159
3.955661
1.842179
2.770466
1.901737
1.701627
3.193691
3.293140
2.276905
2.678301
2.943368
3.187963
2.556771
2.725511
1.777679
2.852621
2.724198
3.937238
1.837189
2.942429
3.301771
3.928680
2.955694
2.003347
3.974528
3.644051
3.319243
2.664554
2.098228
3.445818
3.114112
2.403244
2.164058
2.621139
4.116836
3.380110
2.318321
3.860628
2.868571
2.301990
3.622955
2.846985
3.819622
2.375165
1.706186
2.782156
3.635487
4.027677
2.278512
2.861911
3.042555
3.246181
2.653440
3.570526
3.645731
3.248548
4.105326
3.172447
3.645586
2.929167
3.062621
3.234565
2.804149
2.944036
2.220607
2.267340
2.065196
2.951735
2.801760
4.118041
2.961047
3.547121
2.956697
3.881485
3.692002
3.041088
2.391841
1.881583
1.673048
4.089749
2.930389
2.387769
3.327425
3.973942
1.945019
3.156388
3.774950
2.729370
3.425032
3.701778
3.716934
2.819410
2.930433
2.209352
2.147987
4.069459
3.555661
2.111749
2.863438
3.585859
2.835692
2.248708
3.116963
1.828183
2.392172
1.754687
3.368327
3.433516
3.395833
2.540916
3.636283
2.453046
3.243801
3.637387
2.374892
2.646181
3.511695
3.603164
3.037163
2.721016
1.833775
2.692740
3.437309
2.866394
2.249351
3.091121
2.350610
1.836921
3.006425
2.333565
2.527201
1.996283
2.366242
3.425392
3.532185
1.981660
3.585551
3.542498
3.113125
1.573706
2.307260
3.615999
3.630112
2.177706
1.598644
2.292881
2.989813
3.516179
0.793317
1.975083
0.468894
1.189786
0.335200
0.438765
0.349158
1.096464
0.421426
1.979258
0.604108
0.189352
2.748471
0.753542
0.332817
0.748872
0.555773
1.807168
0.656021
3.045573
2.072021
0.919294
0.581807
0.276048
1.406164
0.976505
0.505528
0.481109
0.945539
0.320808
1.963129
2.449506
1.194206
3.658918
0.332752
1.447439
1.585018
0.663303
0.186514
0.188904
0.328320
0.403449
1.378360
0.319619
0.870893
0.565257
3.830111
2.441821
3.036394
1.697237
1.911554
1.659821
1.339981
1.616367
1.743133
1.588785
1.557897
1.511042
1.586680
0.960898
1.767518
1.719843
1.614945
1.748584
1.136656
1.511010
1.911953
1.441594
1.174258
1.741579
1.920382
1.468479
1.699268
1.137866
1.198488
0.961507
1.588840
0.922205
1.891208
1.824363
1.037844
1.091153
1.352964
1.600619
1.588581
1.845909
1.033659
1.918204
1.542892
1.837359
1.471841
1.728425
1.337771
1.773643
1.916538
1.760049
1.076548
1.490830
1.673393
1.034323
1.746467
1.656578
0.760337
0.799234
0.437292
0.991611
2.050397
1.573150
0.425008
0.634010
2.890614
1.429259
2.943273
1.734900
1.388504
1.315640
0.472721
2.072844
3.497879
1.955268
0.486380
0.907768
1.176420
0.725039
1.288373
2.765640
1.833325
3.354382
1.611587
2.099217
1.653282
1.004880
1.298992
0.626703
1.974842
1.308592
3.553321
2.110045
1.031928
0.922791
2.297307
0.655501
2.027171
0.995261
2.254040
1.980468
1.167852
1.129892
1.137663
1.118740
3.766307
2.618669
4.069155
2.374160
2.795815
3.867562
3.160465
2.354334
3.116562
3.642583
2.576157
2.903232
3.627756
2.771255
3.762811
3.760984
1.899275
3.322240
3.384721
3.677317
2.700739
3.089664
2.889426
1.746387
2.068300
2.638585
2.471940
2.336897
2.518613
3.929286
3.594675
3.008983
2.815606
2.883194
4.101786
2.125949
4.138059
2.508764
2.640467
2.993223
2.264054
3.335678
3.138140
3.743709
3.369864
4.118693
2.577918
3.115983
3.688452
4.031001
3.004718
2.807677
2.770870
3.030489
2.695670
2.133477
2.981999
2.788703
2.290443
1.571159
2.900708
1.331846
2.772904
2.597457
2.752687
1.785689
2.269278
2.627369
2.592049
2.483897
1.834431
1.990649
2.810346
1.699685
2.060519
2.869129
1.885246
1.807237
2.885487
1.439554
2.997210
2.052900
2.435588
2.940060
2.259552
1.733399
2.850704
2.818769
2.166664
2.516935
2.747235
2.671002
2.137677
2.915598
1.811182
2.867125
2.815657
1.798335
2.292482
2.178844
2.544852
1.642110
3.196752
3.514140
1.939993
1.838111
2.960671
1.869241
2.925993
1.983419
1.800981
1.940085
1.227762
2.831447
2.271530
2.841345
2.023809
3.192983
2.766435
2.107957
1.753385
1.663314
1.478300
1.959509
3.395803
3.565307
2.492813
2.053241
2.083228
1.579131
2.473356
2.825011
1.945801
3.353602
1.984795
2.288106
1.841648
1.693918
3.053041
1.585700
3.465716
1.734871
3.001817
1.136680
1.239599
3.084614
1.381040
1.523370
1.671962
3.455749
0.362752
0.381737
0.265187
0.402266
0.292953
0.338339
0.275956
0.288850
0.307526
0.231613
0.401454
0.259063
0.292123
0.274735
0.386132
0.363813
0.421206
0.231613
0.231613
0.335569
0.287082
0.291249
0.196712
0.278884
0.294513
0.375993
0.317127
0.231613
0.365760
0.407665
0.343214
0.248402
0.231613
0.193297
0.389048
0.365760
0.304811
0.275605
0.276378
0.294393
0.449957
0.446435
0.353791
0.286721
0.367758
0.286118
0.246921
0.293861
0.307991
0.339924
2.214002
1.957943
1.461486
2.848222
2.437415
1.893161
2.620755
2.664794
1.821989
2.425982
2.015055
2.528774
2.305430
2.617765
2.005145
2.323317
2.976686
3.058626
1.837938
2.778593
2.714275
2.587693
2.873501
2.220876
2.133098
1.536670
2.269144
2.130647
1.936174
2.661929
2.132807
2.864182
1.910393
1.951959
2.517299
2.161839
2.901760
2.372546
1.835133
1.744107
1.750508
2.825978
2.072044
1.893955
2.982107
2.432278
2.777536
2.725029
2.407632
2.190299
0.630470
0.550814
0.396048
0.966633
1.181027
0.824519
1.572549
1.654710
1.566586
1.226197
1.601467
0.627237
1.006625
1.613412
0.605605
0.668224
0.809980
0.297631
0.589936
0.509677
0.706877
0.212496
0.158424
0.651115
0.167395
1.315867
0.245103
0.227844
0.919573
1.285815
0.100869
1.533502
0.154557
0.229815
0.971742
1.593316
0.378066
0.490197
0.831834
0.168446
0.707369
1.025788
0.424596
1.332433
0.142451
1.038422
0.131058
0.229997
0.833200
0.331636
2.584110
1.989168
2.695074
2.780168
2.442916
1.561952
3.081597
3.582088
2.023490
3.081776
2.911320
2.009238
1.315163
3.350640
3.411232
3.559675
1.317278
1.589090
3.400815
2.076799
3.175869
2.248624
1.245017
1.375215
1.328886
2.014757
3.586368
2.871976
1.386005
2.511283
2.866299
1.075994
1.376283
2.872216
3.361493
3.070082
2.648832
1.739519
2.799261
2.240113
1.993437
2.930328
2.652446
2.790335
2.944017
2.409743
2.837144
2.904357
2.545634
3.536558
2.405989
2.241227
2.317544
2.079781
2.163622
2.698663
1.372386
2.677136
2.041172
2.370230
2.448057
2.329026
1.895993
1.324434
2.298225
2.377899
2.498225
2.373449
2.391086
2.454547
2.379702
2.546930
1.880972
1.596552
1.548569
2.426164
1.961746
1.502524
2.690279
1.987672
2.345114
1.571606
2.379492
2.437106
1.944674
2.407173
2.530229
1.412545
1.480588
1.606378
2.240194
1.999417
2.354961
1.418655
2.341902
1.746478
2.590321
2.404449
2.428513
2.462444
1.359160
1.501301
1.365276
1.137231
1.276711
1.236851
1.583714
0.930686
1.409240
1.086651
1.135488
1.063298
1.265513
1.272275
1.229792
1.056514
1.690553
1.324044
1.511301
1.179516
1.578918
1.230414
0.950746
0.940345
0.967851
1.260433
1.130509
1.465732
1.108842
1.188579
1.316290
1.153189
1.238136
1.595028
1.596980
1.248379
1.222094
1.449103
1.686606
1.482099
1.588565
1.079958
1.670188
1.611667
1.004618
1.628272
1.261863
1.406145
1.015196
1.343738
2.254146
2.398211
2.389519
2.504118
2.520970
2.594413
3.488024
2.365444
3.443218
3.024279
1.830578
2.366523
2.906266
2.653376
2.711463
3.517984
2.913325
2.135451
1.702895
2.385282
2.442974
2.085389
1.162508
2.849397
3.424940
1.086081
2.251010
1.967530
1.110216
1.684933
2.025445
3.115727
2.150560
3.493035
2.845804
2.447303
3.085821
1.848895
3.518867
2.851870
2.479750
2.390997
1.521835
2.622905
1.470343
1.975556
2.141517
1.375215
1.553354
1.450216
1.473894
2.056669
2.332997
1.983230
1.826685
3.233875
1.495229
3.315434
2.047787
2.050613
2.555257
3.612999
2.139816
2.024888
1.963069
3.223777
3.132681
1.915983
2.274377
2.269956
2.664405
3.382633
1.397903
3.650346
3.381195
2.415689
3.632975
2.912186
2.815901
3.522788
1.501818
3.239451
1.983444
1.982570
3.547602
3.506746
3.466614
1.526671
3.567769
2.002339
2.244584
3.186611
3.558822
3.395976
2.090373
3.607630
3.204027
1.136680
1.817154
2.956606
1.845573
2.954596
1.400518
3.747820
2.762486
1.835826
3.280768
1.054171
1.488286
1.630301
2.795817
1.431140
2.205192
1.277385
1.598654
2.075181
2.090012
1.806890
2.109626
2.768585
1.330456
1.690108
3.517925
0.933073
2.049185
0.951358
1.088323
1.570346
3.374736
1.580182
2.192820
0.975613
2.872003
1.644125
3.476397
2.448769
1.257664
3.001309
3.876034
1.265078
3.003766
2.279972
2.312721
1.690017
1.399310
2.768206
1.222867
2.350321
1.392910
2.598827
2.337395
3.699501
3.237964
3.455188
3.346070
2.782800
3.418549
2.327000
3.754778
2.832948
4.046704
4.123487
2.329755
2.444224
2.983303
2.479567
1.794580
2.463892
2.488004
2.910844
2.010678
3.673280
2.747415
3.453887
3.802216
2.776172
3.808077
4.034030
3.771392
1.806814
4.038713
2.981142
3.705666
2.909772
3.979846
3.113103
3.782781
3.277209
3.797204
3.582135
2.948428
2.473454
2.712406
2.328188
1.912302
2.343984
3.592647
3.492111
3.498505
2.098774
1.494139
1.780749
1.942735
2.581422
2.796872
3.314906
1.076434
3.578281
0.953088
1.796236
2.945473
1.961372
2.346779
1.671722
1.408900
2.300133
3.297472
2.131965
2.568437
1.784269
3.608707
1.134407
1.617255
2.093987
1.092487
1.226051
1.253924
1.132985
2.558782
2.202298
3.520115
1.980851
0.868846
1.271513
3.126571
1.850464
1.916166
1.983810
1.550156
1.983365
2.145013
2.850261
1.720500
2.547159
1.882240
2.180966
2.923102
1.127149
2.088973
2.478090
3.183280
3.446855
1.664929
3.595703
3.364307
2.332631
1.233535
0.852103
2.759261
3.378199
3.591461
3.427374
2.553147
1.910554
2.825598
2.165774
1.226531
2.984671
3.039898
1.999619
2.663223
1.334759
2.392335
1.465081
2.157277
2.538739
1.477327
2.102913
3.044066
1.602825
2.724306
1.635829
3.141192
2.881830
1.999159
2.071418
2.195861
2.339655
1.454727
2.983889
3.098125
1.095718
1.943129
0.633887
2.299363
2.092683
3.365831
2.630259
2.179142
2.404444
1.589299
1.125471
1.579226
1.674406
1.505987
1.107979
1.014399
0.978951
1.261659
1.058856
1.331074
1.265724
1.076612
1.084509
1.450734
1.435665
1.357656
1.198278
1.226826
1.268708
1.277703
1.223830
1.489364
1.501739
0.788446
0.789978
0.902366
1.438732
1.296294
1.051403
1.062442
0.846183
1.270363
0.887785
1.074552
1.123965
0.892829
1.273730
1.084488
1.229716
1.295972
1.084735
1.486139
1.684566
1.097660
1.125885
1.369184
1.294341
1.108980
1.444673
2.472899
2.121516
2.662124
1.603182
2.580237
2.020932
2.510393
1.608932
2.198364
2.288934
1.944320
1.544212
2.264876
2.491319
1.358454
2.532915
1.716643
2.625419
2.041106
1.405164
2.028198
2.376481
1.788952
1.782176
2.293907
1.689106
2.239127
2.149784
2.218255
2.501760
2.668160
2.450704
2.314413
1.630291
2.432856
2.177158
1.709486
1.987088
2.263018
2.159661
2.445628
1.352936
1.825112
2.093188
2.400926
2.429796
2.139094
2.475040
2.543499
2.419730
2.279643
3.280220
4.079480
1.653968
3.930425
3.033814
1.387795
0.914272
0.863115
1.607017
3.315151
3.621237
1.215188
3.712253
1.186999
3.147785
0.810456
0.707791
1.904430
3.182357
3.950408
1.853148
4.046918
1.531183
2.400353
0.541824
2.780921
2.373864
2.277605
2.027424
1.275819
1.653969
1.892027
2.131598
0.662157
1.937843
3.242674
2.700995
0.615418
1.125820
1.939881
1.189363
2.199258
3.557483
3.094022
2.600354
1.974038
1.620120
2.257306
0.744350
1.560875
1.429617
1.066866
1.430104
1.243870
1.594144
1.278295
1.186688
1.011818
1.464098
1.282100
1.191747
1.379416
1.406333
1.422332
1.516137
1.254799
1.661446
1.619062
1.486571
0.752124
1.622506
1.282163
1.114305
1.281011
1.668810
1.012817
0.816350
1.209924
1.099002
1.287200
0.973505
1.644844
1.281614
1.178658
1.197270
1.557631
1.119003
1.448728
1.013875
1.460886
1.294589
1.345526
0.783479
1.462457
1.256857
0.879772
1.626551
1.293038
0.967971
3.317622
2.956321
2.853560
3.397725
3.475033
2.954359
2.953324
4.088798
1.747456
2.092261
3.252302
3.462683
2.470468
3.806224
3.541895
2.957695
2.547544
2.955785
2.554738
3.655701
2.230470
2.073342
3.197614
3.040750
4.149875
2.496761
3.368875
2.654203
2.948632
2.925611
3.108661
2.347389
3.523239
3.490867
4.091579
3.980405
4.137253
2.777602
2.726327
3.153444
3.374083
2.439031
4.080882
4.059388
2.928284
2.330993
2.346324
2.834812
2.306525
3.469098
0.571410
0.254455
0.547132
0.719908
0.234103
0.543545
0.563156
0.773091
0.346762
0.625004
0.857396
0.187094
0.101740
0.381504
0.649813
0.454458
0.492267
0.774432
0.192831
0.651750
0.223348
0.207972
0.282107
0.623287
0.512766
0.260871
0.425152
0.646608
0.401719
0.522382
0.604078
0.397743
0.444235
0.442212
0.333097
0.383729
0.399241
0.601275
0.256467
0.103073
0.556447
0.454198
0.380458
0.478059
0.446362
0.274792
1.057021
0.220520
0.634585
0.267794
2.717050
2.981872
3.304756
1.970985
2.306730
1.409617
3.191827
1.888309
2.915648
1.394039
1.419726
3.049470
2.739205
1.435266
1.588378
2.314593
1.683668
2.152811
2.087922
2.908403
1.085265
1.982744
2.834304
1.844022
1.980215
2.939777
3.596336
3.498758
2.166044
3.434499
1.408415
1.959072
2.065044
2.463177
3.359937
3.450347
1.461150
1.892481
2.432347
2.639544
2.558163
3.107961
3.331248
3.269155
1.090771
1.979968
2.662799
2.180820
2.990074
2.095894
2.911342
3.807528
2.390997
2.771085
2.441522
3.577351
2.316804
2.378724
3.262794
3.198183
2.928071
2.329628
4.108944
2.983715
2.904648
4.030934
2.901488
2.110199
2.227601
1.508267
2.951664
2.122993
3.255050
2.378588
3.362775
3.919455
2.868383
2.399802
3.061422
3.130873
4.048255
3.965336
3.759108
2.792769
3.595078
2.676434
2.569014
3.801099
2.955490
1.625787
3.509778
2.718149
1.794052
1.793173
3.737921
3.501244
3.900867
3.497487
3.677383
3.964278
2.489616
2.930793
3.279984
3.640559
1.908106
3.593983
2.925933
3.109566
3.807505
2.412548
2.015659
2.940913
1.616248
1.899251
1.369004
2.232213
4.070721
3.128755
3.446687
2.056588
4.050983
2.853378
3.933394
2.036655
1.593432
1.584550
3.939025
2.184237
2.776987
2.840394
3.464427
2.262594
2.658280
2.557449
2.426171
2.899289
3.771113
1.571396
2.977261
1.572392
1.369896
3.199368
3.129580
3.214278
3.774594
2.906221
3.583499
4.113178
2.949575
1.154525
1.568877
1.172611
0.901814
1.259656
1.971586
0.758039
1.106150
0.872952
1.429177
0.688933
0.980979
0.701022
1.710706
1.187635
1.329779
0.603281
1.455029
0.513152
0.404972
1.589379
1.631341
0.509256
1.999507
1.163928
0.471664
1.265984
0.679860
1.125540
1.887180
1.696530
1.174187
0.696545
2.494781
1.477012
1.116869
1.288133
0.738280
0.936326
1.017411
0.550692
0.765143
1.820046
1.106775
0.577556
1.032058
1.189403
0.588736
0.495133
1.177258
1.155761
1.610572
2.539528
2.329787
2.423824
1.667171
1.323581
1.323581
2.636129
1.737227
2.469205
2.362109
1.600301
2.327435
2.456619
2.052266
1.421905
2.374122
2.671221
2.604257
1.587026
1.323581
1.323581
2.445417
2.465489
1.948277
2.599748
1.974610
2.419228
1.323581
2.688549
2.012555
2.237501
1.408528
1.402067
2.453372
2.381492
1.511868
2.170903
2.299443
2.515111
1.323581
2.212281
2.666975
2.679751
2.533701
2.458107
2.643944
2.401359
1.323581
1.962084
0.997531
0.379129
0.672647
0.653503
1.658344
2.385556
1.289032
1.224881
0.407205
2.072885
2.511151
1.302216
1.027806
0.894609
1.170792
1.572193
2.353052
0.540985
0.434752
0.391585
1.978014
1.228001
1.248846
0.500338
1.457437
1.175320
0.909990
1.713915
0.805894
0.895601
0.998787
0.928573
0.379129
1.779405
0.936142
1.928759
1.949388
1.122936
0.489538
0.534578
0.716398
2.620710
1.309483
0.379129
0.488811
0.685969
1.906391
0.835296
1.927508
2.029958
3.193759
3.497765
2.976464
2.264291
3.356114
2.717716
2.576993
1.781662
3.472951
1.683292
1.569170
2.219121
1.936183
3.508497
1.522103
2.952907
1.142124
3.400794
2.848329
2.522837
1.021245
3.656628
3.148752
3.060146
2.882192
3.503122
2.212231
2.850052
3.554065
3.345507
2.319947
3.217240
1.918167
3.561931
2.520056
3.292470
3.617255
1.927811
2.762038
3.535327
3.124936
0.942861
3.557665
3.609771
3.391961
3.419742
3.459442
1.232624
3.543529
1.007409
1.873028
2.023805
2.812795
1.824938
3.038389
2.592825
1.794989
2.151486
2.856317
2.045634
1.618697
2.253597
2.819718
1.897197
1.439298
2.057578
2.186472
3.056859
2.735385
2.387070
2.198990
2.177771
2.174098
2.134966
2.834676
2.841526
2.468005
1.708298
1.650174
3.009287
2.831174
2.171865
1.925408
2.749581
2.177706
2.156222
1.648019
2.608628
2.644464
2.195626
2.377888
2.051919
1.087710
1.536962
2.545616
2.793418
2.633195
2.865546
2.595344
1.378494
2.878530
1.641644
2.887475
2.499131
2.579032
2.016107
2.146507
3.017583
2.656996
2.754149
2.891803
2.493956
2.223173
2.573740
2.679550
1.682797
1.181530
2.194462
2.923622
2.615967
1.564618
1.230790
1.653609
2.595690
2.423305
2.170962
1.755994
2.194686
2.973398
2.864576
1.648038
2.084447
2.078607
2.090988
2.098127
1.633800
2.585390
2.724420
1.963074
2.040803
2.924317
2.885830
1.524094
2.039076
2.624616
2.908176
2.359732
2.463862
2.824195
2.092189
1.912749
2.649224
1.806696
1.704355
1.941582
0.981797
2.246590
2.202160
1.407694
2.961058
2.516701
1.157024
1.534933
1.674534
2.355272
1.830668
1.797435
1.481396
2.957822
0.981797
1.507052
2.671522
2.486088
2.489120
1.653176
2.953129
1.445606
2.767249
1.671661
2.934406
1.307656
1.901202
2.833072
2.859364
2.669199
2.319120
1.688601
1.582070
1.548380
2.902890
1.558716
1.286307
1.882334
2.948139
1.471221
2.028819
1.736328
1.579200
1.689096
1.705434
2.983544
1.306969
2.429649
2.902249
1.018216
1.408214
2.942243
1.526189
2.854039
2.085823
2.872667
0.608012
0.768987
1.718823
0.864940
1.505499
2.549815
1.317767
1.913653
2.476210
1.984501
1.997983
0.608716
2.647583
0.424666
0.663154
1.363997
2.201438
2.757405
1.939687
0.341689
1.335523
1.630987
1.327147
2.553336
0.994053
2.702353
2.498301
3.060135
2.680067
2.396980
0.796873
0.578878
2.875585
1.553857
2.360647
2.536875
0.381741
0.430842
0.449599
1.620749
1.717943
2.536546
2.307845
2.932459
2.197860
2.501830
2.929445
2.980432
2.026024
2.465153
1.847488
2.923387
1.951018
2.573739
2.751034
2.858263
2.604958
2.188659
2.596176
2.301850
1.405617
3.008789
2.869851
2.845044
1.449779
1.237415
2.309906
2.965842
2.226693
2.907208
2.804360
3.002118
1.629094
2.308223
1.689771
1.866423
2.148130
2.961519
1.592800
1.642097
2.153442
2.257811
2.454614
2.703517
2.249619
1.683611
1.556344
2.864084
3.060875
1.684287
1.640485
1.550026
1.297188
1.950770
1.776121
1.138172
2.369617
2.370275
1.585942
0.933842
3.070268
2.326930
2.143572
2.246833
1.215697
3.207266
2.096125
1.291039
1.586503
2.342238
1.173107
1.986835
1.615698
1.197845
2.815354
1.682469
2.959681
3.120465
0.932647
2.115362
3.768214
2.904461
2.760965
3.650083
1.492210
2.218784
1.129621
2.135662
1.231381
2.604741
2.502608
1.469761
1.007979
3.878990
1.184918
1.025013
2.046436
3.403892
3.033860
1.567571
1.017124
1.904423
1.689202
1.869184
1.080743
1.615381
1.657858
1.653528
1.700734
1.096309
1.801683
1.883862
0.973821
1.905985
1.910114
1.584709
1.032763
1.457127
0.915271
1.526954
1.180538
1.304399
1.687949
1.445140
1.406853
0.960898
1.673352
1.549608
1.659883
1.532685
1.871704
1.099107
1.384817
1.711461
1.637060
0.968256
1.349131
1.854756
1.107891
0.960898
1.222095
1.699549
1.170316
1.268278
1.644341
0.940696
1.330966
1.854071
1.145747
2.731359
2.111437
1.682794
3.388717
1.136680
2.133305
1.653176
1.870729
1.902222
2.973824
1.813303
1.677516
2.363004
2.927662
2.778119
2.956261
2.458333
2.325883
1.982257
1.227495
1.502115
2.472540
2.453770
2.237846
2.293884
2.987220
2.206645
3.289503
3.260570
3.632074
2.251510
3.606838
1.913214
2.107823
3.015021
3.202581
2.352321
1.756833
2.307074
1.693923
2.980935
3.575937
3.470790
2.968780
3.575863
2.237207
3.639886
2.438474
1.790133
2.981307
0.393334
0.431965
0.502976
0.287828
0.227127
0.160893
0.276550
0.253445
0.432721
0.464610
0.109296
0.425152
0.400698
0.358101
0.396193
0.439079
0.480897
0.376881
0.204469
0.419734
0.413415
0.419192
0.346842
0.318065
0.275936
0.159633
0.342298
0.443171
0.256940
0.459497
0.311136
0.333097
0.378623
0.455017
0.501252
0.384102
0.318073
0.427981
0.315005
0.373192
0.277486
0.282950
0.361600
0.381952
0.408696
0.339239
0.488031
0.467959
0.361390
0.366143
0.176442
0.164194
0.085652
0.273716
0.288486
0.297456
0.310019
0.142375
0.299827
0.163097
0.161659
0.259427
0.219397
0.112911
0.235626
0.151023
0.191130
0.404382
0.098919
0.176649
0.204268
0.108093
0.196706
0.254685
0.093511
0.192663
0.243104
0.334723
0.150569
0.325629
0.205336
0.104462
0.304226
0.157229
0.118657
0.287870
0.099290
0.250512
0.168993
0.223574
0.155840
0.141907
0.121022
0.099386
0.039710
0.284726
0.180108
0.200067
0.201788
0.086515
1.806249
0.981797
1.756434
1.804975
2.233549
1.590554
2.374697
2.657349
2.700636
1.670203
2.737196
1.818845
2.641942
1.765063
2.966429
2.330684
0.981797
0.981797
1.568801
2.420091
1.233070
1.799039
1.693834
1.960389
1.554461
1.853936
1.300476
0.981797
1.648625
2.507993
1.648899
0.981797
1.891778
2.764911
1.446555
2.385182
0.981797
2.375118
1.602863
2.644274
2.279270
1.711797
1.653832
2.764437
1.646427
1.486307
2.581203
1.801875
1.516395
1.640908
2.400302
2.575908
1.564097
2.456832
1.705328
2.464035
2.315443
1.691098
2.537811
2.142282
1.873041
1.163109
1.501505
1.855170
2.520025
2.102001
2.558445
2.426758
2.339295
2.328114
1.877896
1.911459
2.447851
1.510973
2.176166
2.357486
1.323581
2.505555
2.452835
2.373377
2.477826
1.750627
1.825061
2.479489
2.348105
2.541052
2.527781
1.897361
1.858532
2.145686
2.591887
2.579211
2.081621
2.552763
1.989318
2.345490
2.459385
2.077005
2.403099
1.320561
2.697345
2.327992
2.022849
1.136680
3.425874
3.074869
1.833431
1.978580
1.643148
2.896825
2.689131
2.649191
1.945245
2.879187
3.198115
3.435996
2.732421
2.469615
3.309779
3.128879
3.018977
2.762198
2.034113
2.715027
3.564650
2.018474
3.196210
3.577823
3.616191
2.036599
1.635147
1.136680
2.940147
2.580405
1.773116
1.751802
2.622906
3.294287
1.637704
3.083842
2.613889
2.609522
2.066003
2.295327
2.737236
1.136680
1.949668
3.404178
2.146346
1.979962
2.957339
3.902693
3.367422
3.546513
2.531392
3.250571
1.838592
3.850612
4.131239
3.507239
2.403243
3.315765
3.019510
2.208075
3.718477
3.459044
2.949317
4.136109
3.654526
2.746938
2.854526
2.912301
3.648360
2.076908
2.964210
2.768929
3.873357
2.632895
2.184029
2.231053
2.556411
2.518322
2.964417
1.808170
2.822949
3.312292
3.356323
3.799603
2.795436
1.866448
1.945915
2.106031
3.059913
2.676427
2.032197
3.373597
2.261125
3.493070
3.526231
3.614520
0.434758
0.309233
0.402033
0.319933
0.413534
0.332907
0.435263
0.199312
0.336972
0.354548
0.242170
0.220884
0.295848
0.357673
0.316141
0.413733
0.264525
0.300794
0.258413
0.451975
0.450728
0.439771
0.137971
0.364960
0.415037
0.404930
0.301450
0.254904
0.434557
0.338739
0.316685
0.191168
0.231399
0.274295
0.313045
0.341594
0.353173
0.200671
0.439920
0.439595
0.420470
0.210218
0.321434
0.340766
0.369513
0.216539
0.262746
0.300340
0.308406
0.178605
3.014538
2.824974
2.569914
1.909452
2.300072
2.959476
2.477300
2.701864
2.273035
2.998421
2.442093
2.821511
2.263161
3.025249
2.954795
2.281878
1.420890
2.816986
1.785500
2.797567
2.669957
2.253814
1.561556
2.126341
2.887941
2.849868
2.967723
2.908103
2.049788
2.004439
2.466257
2.644120
1.829590
2.715291
1.617011
1.689688
2.310089
2.326763
2.645841
1.898771
1.483682
2.917155
2.490844
2.720324
3.024727
2.128678
2.786881
2.224686
1.955163
1.379765
2.179535
2.952280
3.643592
3.625763
3.098645
2.095920
2.101010
2.540530
3.324308
3.258295
3.193449
1.869919
3.384664
3.263369
2.578488
2.491414
3.406344
3.519724
3.106759
3.076537
3.618339
1.651798
3.347642
3.130259
2.708809
1.800020
2.364906
3.320947
2.262698
3.260195
3.510070
3.635440
2.252223
2.485875
2.461718
3.466331
2.073832
3.645009
3.519819
2.739078
2.265571
2.212849
2.112250
3.293353
3.269922
3.638834
3.513959
3.091567
2.480578
2.586291
1.166579
2.414138
2.190900
1.358596
1.897516
1.655910
1.868892
1.388862
1.006546
2.879891
2.765616
2.765819
1.328604
2.104949
1.573844
1.687853
2.498263
2.497166
1.916624
2.837985
1.223078
2.640370
1.327696
2.107326
2.967056
1.217324
1.529529
2.571570
1.114023
2.559930
1.940118
1.097993
2.076972
2.704730
2.189652
2.438319
2.171009
1.325093
1.073981
2.651651
1.679244
1.456649
2.166526
1.475681
2.233562
1.047753
2.770250
1.531562
1.520851
1.621207
2.416382
1.852894
1.995821
2.396550
2.546429
1.552111
1.482418
1.940118
1.323581
2.239555
2.480143
2.551440
2.300553
1.471350
1.323581
1.553837
1.323581
2.554354
2.416347
1.775628
2.681392
2.369278
2.298315
2.358252
2.691635
2.248802
1.561697
1.434418
1.871212
1.869668
1.657976
2.521391
1.306252
2.446286
2.149750
2.630537
1.906840
1.375046
2.559000
1.323581
1.528970
2.351579
2.412414
2.480811
2.382492
2.587910
1.627595
2.245813
2.333508
2.235712
0.783885
1.618608
1.433909
0.660685
1.698395
2.809082
1.729993
0.970290
0.647710
2.110077
1.443953
2.449041
0.867358
0.469341
2.552654
1.623841
0.773825
0.906723
0.522814
1.622884
3.757430
3.352373
1.888447
1.363041
0.602914
2.007201
2.518289
1.063832
2.040556
1.556273
0.600137
0.277189
0.444415
0.434003
3.004137
2.149817
1.861385
0.370358
0.337425
3.147632
2.821152
0.693431
0.428171
2.858401
0.236740
1.925950
0.570028
0.285452
1.772125
1.786209
2.472501
1.876361
2.597255
2.462963
1.944799
1.920584
1.901017
2.214673
2.599091
2.087370
2.597339
1.323581
2.571705
1.323581
2.668621
1.887984
2.007053
2.477693
1.323581
1.323581
1.895171
2.669715
1.323581
2.673161
2.434825
2.287646
2.335421
1.323581
2.466601
1.323581
1.516657
2.654525
1.593286
2.370696
2.377224
2.073555
2.026501
1.800021
2.103213
2.160864
1.606240
2.392559
2.015920
1.323581
1.323581
1.323581
2.647752
1.580527
1.323581
2.379881
0.783272
0.953558
0.605836
1.029630
0.961381
1.196089
1.130144
0.647649
0.443749
0.630618
0.721464
0.446753
0.841224
0.549579
0.794891
1.343001
0.381836
0.558740
0.694669
0.900453
0.375262
0.388343
0.628635
0.479221
0.788351
0.577260
0.603388
0.438455
0.600782
0.514272
0.575883
1.310049
0.570016
0.837161
0.519395
0.709075
0.598385
0.943862
1.310049
0.337365
0.495079
0.525798
0.424657
0.890823
0.920591
0.866588
0.684400
0.819668
0.669320
0.837570
3.159874
3.579575
2.625511
1.944666
3.363410
1.779995
3.419193
3.439191
2.427353
3.148512
2.676317
1.869299
2.758894
3.325727
2.768268
3.594373
2.739358
2.210814
3.657768
3.382100
2.449749
3.544353
2.062286
2.799317
2.360274
3.324310
3.247733
2.104945
3.648031
3.246699
2.559578
2.461669
3.542894
1.580813
3.307573
2.939373
3.354380
2.474966
2.975692
3.408911
3.602350
3.375818
3.619957
2.845027
3.463096
1.336299
3.606462
1.974379
3.168403
1.471045
2.299898
1.754166
2.224666
1.994002
1.945109
2.237654
2.612630
2.513624
2.452228
2.427349
2.630802
1.734167
2.050042
2.486959
2.364692
1.607687
1.897502
2.094716
2.042627
2.400643
1.863918
2.572607
1.931427
2.269404
2.418075
2.351526
1.323581
1.856575
1.616064
2.667962
1.427897
1.359085
2.360356
2.301506
2.082179
2.120383
2.313808
1.356789
1.323581
2.107461
1.323581
2.501130
2.331746
1.544474
1.323581
1.856632
2.288966
1.665458
1.323581
2.695428
3.716008
2.169478
2.211722
3.360767
3.630936
2.524781
3.722200
3.478778
2.540420
2.964194
2.049507
2.982768
1.870591
1.328256
4.128090
1.201754
3.892934
3.563031
1.600189
2.465150
2.803667
2.348479
3.940229
1.075336
3.553558
1.109103
2.355675
1.235630
2.958747
2.667916
1.396688
3.646638
2.326375
2.537526
3.810692
2.851982
2.482127
3.328343
1.562507
2.864422
3.493615
1.787110
2.499642
2.297973
3.448141
2.939445
2.661562
4.063098
4.103121
2.573645
3.093300
3.578487
2.887702
4.077907
3.484380
3.025138
3.617142
2.507111
2.489072
2.824864
3.744462
2.481572
3.814514
3.411954
2.780385
3.216259
3.991989
2.301507
2.507561
3.732757
2.978047
2.873658
3.121651
2.676226
3.016819
1.983226
2.021868
2.912489
3.377148
2.313997
1.978347
3.183425
2.794911
2.371193
3.853810
3.750563
3.621557
3.732229
1.926008
2.324471
2.447030
2.686511
3.299739
2.974788
2.372601
2.674580
2.321072
2.457733
3.407151
3.090631
1.677137
1.219120
1.408070
1.089787
0.996824
0.952961
1.029392
1.413317
1.361341
0.897453
1.114030
1.566835
1.111284
1.181799
1.274680
1.149045
1.633125
1.414144
1.422041
1.632451
1.083109
0.759875
1.327443
0.797573
1.249374
0.928367
1.271987
1.317287
1.496105
1.194385
1.234702
1.215350
0.704283
0.855256
0.905451
1.080782
1.262102
0.690659
1.177945
1.267552
1.563043
0.804543
1.338869
0.856344
0.786708
1.580546
1.456384
1.295101
1.080158
1.224084
2.346337
2.931830
2.588756
1.668044
1.563556
2.458864
2.408252
1.880149
2.268207
2.164349
3.052601
2.699419
2.278007
2.932156
1.373229
2.610447
2.495410
2.232544
2.053881
1.373307
1.845533
2.655335
1.693857
1.554385
2.711959
2.076593
1.344279
1.819826
3.058813
3.007178
2.423838
1.571332
3.016745
2.459379
2.437199
1.867065
2.290527
2.124968
1.296943
2.827096
2.306230
2.355406
2.491611
2.490238
2.593466
2.726156
1.684286
2.918932
1.196809
1.300923
0.986034
0.573272
1.766736
1.324742
2.422108
2.649918
1.372857
1.171077
0.606546
2.554204
0.752412
0.616399
0.405030
0.407806
0.593526
0.707410
0.376022
0.341255
0.753703
0.325703
0.486989
0.870756
0.938756
1.297086
0.528596
0.481972
0.763605
0.451223
0.526408
0.738060
1.017330
1.341997
1.596651
0.404455
0.807807
0.560873
2.110138
0.389227
0.347754
0.818139
0.346948
0.323453
0.437073
1.309316
0.356944
0.940361
1.015798
0.297605
1.036401
0.378104
1.076196
0.875783
1.468382
0.838186
0.973793
0.845130
0.916529
1.075934
1.187038
0.669022
1.114622
1.463858
1.272545
0.786772
1.067322
0.884954
0.890642
1.630510
0.944138
1.279436
1.090144
1.279545
0.729849
1.556118
1.645699
0.961549
0.635769
0.947189
1.371480
1.167922
1.030911
0.800312
1.282983
1.409470
0.801663
1.195316
0.909934
1.257092
1.377921
1.164075
0.860974
0.623466
0.640329
1.288060
0.558502
1.141593
1.570331
0.770720
1.378469
1.559019
0.225776
0.148122
0.074440
0.182333
0.082060
0.257387
0.233425
0.078190
0.070966
0.138819
0.150492
0.183870
0.296649
0.243392
0.071364
0.327083
0.055539
0.141480
0.254959
0.209413
0.134963
0.217770
0.211640
0.220925
0.072814
0.326985
0.215707
0.208382
0.374608
0.123817
0.215762
0.277139
0.325689
0.217357
0.265410
0.289555
0.236956
0.228871
0.212999
0.079526
0.197997
0.265495
0.082184
0.165427
0.150943
0.072412
0.189279
0.199929
0.221333
0.006183
2.328019
2.861598
1.814271
2.182064
2.213813
2.987260
3.598996
2.342568
2.832017
2.659296
2.333896
3.048398
3.286200
1.867710
3.238541
1.375215
2.279438
3.191598
3.276111
2.298718
2.390132
1.938579
3.432306
3.568291
3.606713
3.107049
2.382493
3.461598
1.651732
2.399822
2.509147
2.848591
2.439841
1.772636
1.787632
3.228560
2.890055
2.732877
1.528784
2.861672
2.461427
2.813200
2.500536
3.609010
2.989346
2.593422
2.852809
2.372086
2.969155
3.400588
0.509687
0.822376
0.902163
0.638423
0.394559
0.812425
0.441527
0.404972
0.723105
0.379129
0.461573
0.495291
0.461591
0.404972
0.344528
0.337365
0.871677
0.608621
0.904511
0.739336
0.337365
1.009972
0.736273
0.555944
0.517762
0.705820
0.744244
0.421250
0.421441
0.685238
0.607279
0.699018
0.567738
0.395547
0.415233
0.612049
0.638749
0.556640
0.852071
0.680330
0.522991
0.484572
0.693785
0.560348
0.370712
0.934103
0.673984
0.595539
0.343309
0.706498
1.742539
3.423290
1.933284
1.136680
3.061261
3.616874
3.142706
3.167944
2.198269
1.724243
2.090420
2.604138
2.925956
1.597964
2.089063
2.491828
1.938266
2.515501
1.811551
3.153727
2.621152
3.300749
2.095350
1.960120
2.845370
2.125565
3.535191
3.326147
3.465337
1.983508
3.247298
2.948239
3.597600
2.778636
1.136680
1.964568
3.233539
2.706144
1.753599
3.657807
3.076360
1.928906
2.189620
2.191129
3.583902
2.897318
2.108593
3.038010
3.432559
2.379113
2.571732
3.690868
3.091837
2.846816
2.339145
3.489987
3.650330
4.061305
3.669585
2.430505
2.465100
3.082890
2.401286
2.509067
1.766719
3.701862
3.166108
3.354209
2.892034
2.510150
3.061749
2.659151
3.527492
3.807164
3.576039
3.661770
2.491384
3.254227
2.182628
3.637381
3.726988
2.735653
2.675428
3.578546
1.883299
2.478075
2.455894
3.961657
3.853458
2.823127
1.809380
2.833267
2.493737
3.805835
2.955013
2.841417
3.180411
3.659840
1.884385
3.969150
3.398434
3.013369
3.461833
3.406913
2.388626
2.948182
2.254109
2.711080
3.520112
1.950652
2.747345
2.801700
3.654123
3.149047
2.476892
2.323764
3.572863
1.973171
3.639693
2.228870
3.090349
3.309880
3.385392
2.095217
3.335302
3.222504
3.392428
3.064438
3.631427
3.134271
2.418552
2.487838
2.537828
2.462762
3.399360
2.317553
3.354833
3.554425
2.682784
3.092117
3.319486
3.560197
1.933222
2.253784
3.233095
3.659139
3.444443
2.752264
2.700968
2.978674
3.439056
3.263201
2.759760
2.208343
3.074574
3.252251
3.330303
2.022332
3.542092
1.803079
1.849150
3.628441
3.353278
3.425753
2.158148
1.580546
3.029155
2.415627
3.167387
2.939059
2.992769
2.705123
3.616079
3.462910
3.401834
2.985133
3.531361
2.645042
3.220030
3.585600
3.311185
2.723483
1.882738
3.117481
3.651915
2.490190
3.485854
3.086721
3.585694
3.252789
2.382294
3.300077
3.570612
3.631308
3.583100
2.338202
3.374222
3.177205
3.560773
2.510354
1.021082
1.220941
1.538740
1.003397
0.872693
0.768053
0.935358
1.095580
1.690447
1.419292
0.827631
1.223165
0.909663
0.590208
1.076389
1.665240
0.757348
1.317898
0.956452
1.372744
1.071707
0.907038
1.125870
1.324171
1.291905
0.697604
1.260311
1.546875
0.717314
1.005345
0.937135
0.759555
1.539134
1.185561
1.002158
1.565382
0.759137
0.697518
1.282797
1.502452
1.148378
0.770063
1.559740
1.004720
1.373800
1.526094
1.672334
1.249645
1.388415
1.632500
1.987524
2.680014
2.050835
2.924210
2.051314
3.904597
3.625874
1.248328
4.076955
3.908489
2.921820
2.864130
2.811017
2.006991
1.724400
2.388034
2.372128
3.364447
2.573518
2.566947
1.739084
2.296324
3.454021
2.277339
1.469817
1.860722
2.321411
2.381498
2.101240
3.713088
2.898407
2.912421
1.520530
2.071138
3.950120
1.799408
2.087894
1.832120
3.140351
2.341614
2.061010
3.257126
2.915253
1.608239
3.161733
3.622606
2.603542
2.895252
2.094106
3.164919
2.861370
1.415188
2.155104
1.871368
2.407140
1.143801
2.112546
2.813707
2.138969
2.334563
3.052657
2.884852
2.386815
2.584630
2.201144
2.756141
2.595558
2.712124
2.555514
2.914528
1.740170
1.930818
2.024980
2.915412
2.187930
2.972728
2.152993
2.134345
2.795886
2.189111
2.676789
2.190634
1.550611
1.944366
2.884050
2.818578
1.846306
1.896374
2.931727
2.032179
2.077475
2.119606
2.937378
1.339721
1.549857
2.403047
2.898435
1.362528
3.054215
2.821220
1.512406
1.282708
1.023061
1.354326
0.849146
2.481160
3.638468
2.444092
1.813988
3.890374
2.273356
0.943416
2.893163
0.500766
0.638613
3.861814
1.264976
0.537696
3.958638
0.904196
2.747677
3.102987
0.732610
3.034188
0.860201
1.342646
0.521445
0.435889
1.748833
3.156399
2.028608
0.605780
0.852138
0.411792
0.846654
2.006563
4.109286
0.814876
0.803980
1.053798
2.765876
2.005519
3.391629
1.971073
2.839985
1.238211
2.501760
0.538275
2.281140
3.279538
2.801731
2.254382
1.370483
2.564050
2.192411
2.118502
2.448919
1.907420
1.852076
2.606494
2.917132
1.794424
1.821164
2.930607
1.616358
2.622864
2.730423
1.971515
2.064598
1.603008
1.282796
2.942880
2.925670
2.534849
2.358325
1.810611
2.793104
2.726771
2.925242
2.551425
2.883329
2.601711
2.676533
2.170321
1.585417
2.780524
2.746141
2.947503
1.894030
2.458299
2.428042
1.881917
1.661411
2.605774
2.357693
1.369491
2.888444
1.534146
2.592019
2.241087
1.048319
0.995724
1.084705
1.608221
0.843796
0.652946
0.922464
1.038251
0.585796
2.148207
0.973948
0.984326
0.615243
1.872703
0.477669
0.645342
1.740473
0.521055
0.577416
0.458741
0.929024
0.713485
1.462330
1.301990
1.101250
0.881250
0.712860
1.586302
1.030736
0.654154
0.698978
1.114945
0.623395
1.425859
0.963527
0.693574
0.715110
0.890033
0.584621
1.267420
1.996054
1.096340
0.452844
0.953838
0.497488
0.378161
0.254715
0.700545
0.494442
1.167246
3.589000
2.279946
3.644982
3.542645
1.947795
3.357076
3.010186
1.486415
2.627052
3.120391
3.379560
3.179085
3.034902
3.196111
1.285835
2.437595
3.558441
2.308882
3.171202
3.433819
1.692717
2.766851
1.769415
1.907388
2.671726
1.296800
3.474760
2.894551
1.117513
3.084309
3.290910
1.935991
3.652930
1.289770
2.451397
2.187003
2.635381
3.630265
3.446691
1.738874
2.280280
2.706087
1.453573
1.632018
0.839904
2.104137
2.887960
2.540799
3.588032
3.658969
1.798895
1.047753
1.556219
1.617203
1.465656
2.470485
1.501624
1.186223
1.606205
2.497854
2.622157
2.800555
1.616833
1.786414
2.699547
2.107789
1.706493
2.562991
2.577338
2.193945
1.675638
2.161761
2.807333
2.192059
1.062105
1.470078
2.193164
2.834537
1.228059
1.520624
2.648504
1.464228
2.577054
1.475190
1.930635
1.570696
2.101467
2.537464
1.243964
2.858308
1.915539
2.094398
1.742964
1.411083
2.005997
1.745561
2.048073
2.092659
2.195906
1.461881
2.060260
2.187249
2.798463
2.043649
1.518332
1.386594
1.768353
2.354235
2.781323
2.398689
2.004551
2.839483
1.128730
2.228412
1.375215
2.098965
2.899620
1.519850
2.470007
1.595028
1.717868
2.149406
2.613066
2.745240
1.017183
2.828999
1.280269
1.894890
2.157632
2.851257
1.910264
2.998674
3.007191
1.850148
1.195636
0.991883
1.473092
2.199471
2.158151
1.355090
1.600764
2.552053
2.192014
1.477280
2.649626
1.350918
1.586405
1.643263
1.734082
1.784059
0.504354
0.583949
0.216929
0.379129
0.408674
0.536479
0.335509
0.301688
0.355611
0.778855
1.559094
0.200024
0.200024
0.523778
1.121075
1.251929
1.064444
0.645484
0.937082
0.573722
0.480080
0.200024
0.565880
0.398870
0.746103
1.061946
1.056784
0.330426
0.521197
0.336206
0.860427
0.200024
0.406467
1.131004
0.200601
0.281369
0.912072
0.418847
0.555320
0.926503
0.526251
0.276273
0.443914
0.247783
0.934212
0.717347
0.515902
1.409205
0.860277
0.585884
3.070929
2.951641
2.405720
3.751643
3.872886
2.420056
2.726720
3.218388
3.136437
3.711647
4.072071
3.612102
2.300436
4.007609
3.514311
3.104662
2.961829
2.954243
3.757788
3.189009
2.253293
3.882675
3.233721
3.258034
3.567939
2.706480
2.945787
2.300865
3.484530
3.244730
2.265209
3.595720
2.632270
3.303434
3.939696
2.347384
2.565517
2.286796
2.593676
4.143415
2.737174
3.457879
2.957881
2.058502
4.099109
3.073179
3.171023
2.724347
4.048195
3.119320
3.173630
2.904091
2.071942
3.649150
3.292373
1.430069
3.519998
2.896829
1.757243
2.274692
3.470285
3.106752
3.619445
2.393635
2.099104
3.507353
1.828675
1.498226
1.981801
1.947495
3.100704
3.188959
2.389356
2.388858
3.426876
2.566394
3.213006
2.481945
2.277313
3.377626
3.424330
3.241701
2.266245
2.078151
3.370129
2.990288
3.632840
2.952246
1.474670
3.294386
3.403639
2.780045
3.266493
2.919355
1.401987
3.221712
2.696485
2.668286
3.354073
3.584889
0.262891
0.439108
0.244045
0.182044
0.350967
0.391849
0.431008
0.387825
0.334027
0.355736
0.369472
0.236498
0.250914
0.260612
0.153316
0.217124
0.295672
0.363224
0.186829
0.261569
0.337278
0.292784
0.191488
0.329060
0.239621
0.425935
0.456756
0.326039
0.382740
0.112475
0.335745
0.176823
0.338518
0.236738
0.311872
0.301479
0.312370
0.328325
0.355396
0.365050
0.373647
0.265958
0.354837
0.291458
0.451973
0.179104
0.235497
0.345008
0.364678
0.412277
3.683209
2.930157
4.104239
3.528472
3.239154
3.929748
3.384815
3.982961
2.390770
3.737563
2.739701
2.726010
2.489861
2.887069
3.209213
3.504095
2.949425
3.320123
2.355830
3.468965
2.336882
1.963443
2.050614
3.399301
2.249991
3.966365
3.312320
1.965390
2.257200
3.664729
3.382554
2.903624
2.803330
3.822575
3.389569
2.359566
2.893827
2.450494
2.648971
2.416830
2.482643
3.165632
3.398393
2.008464
2.781870
2.942190
1.937319
3.040122
2.995925
2.309367
3.500953
2.524433
3.364269
2.379436
2.552764
3.000345
2.938218
2.915987
3.653727
3.496357
3.414154
3.605139
2.243235
3.547222
2.545022
1.764016
2.718487
3.527807
3.448938
3.145987
2.496168
3.001273
2.124415
2.560765
2.629477
2.645294
2.368591
2.868764
2.546411
3.503150
3.195167
2.694903
2.805922
2.759386
2.183592
2.016003
3.537050
3.244569
2.847956
2.357718
3.152088
2.575919
2.781538
2.825922
3.474492
3.530096
2.285022
2.449264
3.294392
3.643695
0.870630
1.612601
1.827386
1.840055
1.690874
1.657487
1.644799
0.853185
0.853185
1.801499
1.645883
1.713550
1.810699
1.693302
1.691673
1.236221
1.703898
1.671394
1.206227
1.836999
1.627034
1.545463
1.813080
1.649300
1.685130
1.318944
1.560385
1.499586
0.853185
1.417312
0.853185
0.853185
0.853185
0.853185
1.637843
1.813310
1.730745
1.534762
1.714523
1.606572
1.675316
1.210572
0.853185
1.833995
1.736627
1.849608
1.667498
1.607396
1.860329
0.853185
1.698743
1.670661
1.612616
1.405058
0.853185
1.171154
1.678341
1.883571
1.576405
1.466974
1.503532
1.782068
0.853185
1.761180
1.771428
1.825512
0.853185
1.673855
1.190801
1.290372
1.101435
1.669814
1.702250
1.875048
1.172460
1.424338
1.765584
1.647164
1.886836
1.649710
0.853185
1.529248
0.853185
1.622169
1.785458
1.214704
1.852854
1.662300
1.730774
1.608796
1.674767
1.729932
1.327410
1.783223
1.425057
1.147766
1.477868
0.853185
1.466697
1.467859
1.493117
1.065873
1.860150
0.984240
2.702826
1.711665
1.874459
1.415009
1.425019
2.277668
2.787161
1.523479
1.433211
2.606973
2.404323
2.248315
2.728103
1.083938
1.022264
2.591119
1.211360
0.979305
1.918965
2.827293
1.712545
1.328704
2.064702
1.952769
1.376281
1.737268
1.823925
1.935472
2.666546
1.567084
2.992162
1.711076
2.771215
1.936053
1.611315
2.031798
2.701837
2.140559
2.900579
1.912538
1.980354
0.981797
1.246094
2.265617
2.016667
2.821018
1.103398
0.904151
1.378269
0.857720
0.977304
1.964757
1.557245
1.360193
1.092640
1.822332
0.586730
1.619206
0.334417
1.798732
1.541238
1.082801
1.092318
0.764131
0.884027
0.611641
1.225950
1.667709
1.648552
1.528669
1.362825
1.376633
0.875046
0.917404
1.655994
1.108747
2.200742
1.229144
0.602889
0.975450
0.753188
0.526546
0.847761
1.831817
0.542699
1.557436
1.173742
0.987277
0.844588
0.678564
0.806493
1.011711
0.694096
1.192827
0.527065
0.525157
0.462569
0.459831
0.394526
0.319225
0.321675
0.375118
0.322646
0.171668
0.493900
0.415464
0.414929
0.490587
0.245134
0.389714
0.351657
0.314682
0.331319
0.507525
0.429297
0.500279
0.358015
0.272212
0.285277
0.242176
0.370679
0.361166
0.477440
0.367876
0.355244
0.385135
0.374307
0.429891
0.312108
0.298665
0.476295
0.365765
0.122401
0.404926
0.388409
0.238362
0.226641
0.327918
0.174094
0.394158
0.428121
0.442631
0.366993
0.478488
0.399710
0.433804
1.874454
1.819561
1.285734
1.212994
2.304107
1.237042
0.915919
2.653667
0.586725
0.692219
1.841965
2.427437
1.589068
1.059761
1.303085
0.555963
1.317530
0.879657
3.204032
3.062673
2.269258
0.639393
1.623099
1.231314
0.889431
0.823744
2.384671
0.697138
0.731751
0.865650
0.926601
1.878575
1.413091
1.811275
1.429276
1.319967
0.983058
1.676107
0.395432
0.812996
2.111348
0.998374
1.067502
1.069219
1.356069
1.209703
0.278671
0.852196
0.543624
1.161509
3.174618
3.625623
3.340981
2.285469
2.358834
3.543106
2.042288
3.217426
3.365060
2.564608
1.696741
3.167535
2.924288
2.937925
1.811436
2.894831
1.296424
3.260896
1.795687
2.726953
3.048303
3.364192
1.710079
3.392363
1.416400
3.058269
2.718616
2.504621
1.607183
2.277210
2.408248
3.362738
3.478434
1.956158
2.377655
3.561673
3.527916
1.997528
1.970443
2.259052
2.249190
1.700502
2.429314
1.710698
3.642030
2.105469
2.301324
3.098366
1.383963
2.853628
1.717860
1.182374
1.178959
1.710914
1.664749
1.829350
1.691358
1.191542
1.721457
1.396007
1.371005
1.721729
1.572623
1.197651
1.182338
1.159504
1.189156
1.227928
1.320561
1.177667
1.365906
1.664842
1.818013
1.162850
1.416780
1.678777
1.855799
1.014940
1.870020
1.543756
1.670075
1.257280
1.143154
1.837666
0.960898
1.750407
1.296364
1.288120
1.899071
1.809403
1.553727
1.516100
0.995906
1.172298
1.560036
1.387322
1.088422
1.662556
1.556445
1.526880
1.314682
1.273628
0.872016
1.526007
1.610252
0.853185
1.583792
1.834273
1.747149
1.546955
0.853185
1.866895
1.409784
0.868657
0.853185
1.804787
0.961415
1.732936
1.743231
1.681856
1.455471
0.991848
1.809820
0.853185
1.714991
1.351144
0.853185
1.217147
1.798350
0.853185
0.853185
1.917553
1.605189
1.503542
0.853185
0.853185
1.424492
0.853185
1.738903
0.853185
0.853185
0.853185
1.652775
0.853185
1.263141
1.640676
1.473662
1.721300
1.489332
1.867292
1.543341
1.403955
1.587891
0.633118
1.272984
1.165417
0.831058
1.080400
1.153764
1.578185
0.760884
0.511866
1.268151
1.142271
1.374428
1.476540
1.395726
0.680259
1.521402
0.835157
1.074549
0.696820
0.974231
1.253442
0.831117
1.549407
0.979503
1.606052
1.434508
1.031244
1.086312
0.735845
1.477817
0.979872
0.866918
1.026141
1.442007
1.043707
1.036724
1.546874
1.615853
1.600250
1.155554
1.056453
1.300671
1.272099
1.361117
0.642774
1.478153
0.673028
