214
154
173
160
182
214
150
145
169
150
158
153
161
162
189
234
185
146
167
158
167
127
190
183
181
238
210
157
131
188
173
152
198
178
112
121
192
169
208
163
169
197
148
155
133
213
181
178
264
185
236
165
180
159
115
197
186
177
136
186
159
153
183
170
127
170
146
172
213
135
137
177
201
131
173
163
179
189
117
189
214
204
148
182
155
173
206
158
156
188
210
218
140
213
167
182
171
113
128
166
220
138
163
158
156
181
184
180
119
180
170
178
145
171
211
141
168
151
194
177
170
132
246
141
158
127
139
154
158
178
147
180
187
169
171
161
218
179
181
166
199
119
175
165
132
186
127
198
186
134
151
170
146
166
126
161
190
155
175
199
186
196
191
232
197
164
179
145
145
167
