155
153
152
128
151
158
173
165
163
163
193
185
145
183
150
177
169
170
139
139
137
157
139
171
200
153
149
153
191
133
175
165
195
206
163
164
188
180
159
136
158
163
191
198
201
139
171
148
170
147
178
182
169
175
181
175
170
172
163
128
152
170
177
141
155
173
182
143
154
197
166
156
154
131
167
179
157
182
142
198
144
197
184
178
193
176
170
180
199
200
145
149
202
178
171
187
170
180
145
156
187
166
174
159
139
178
154
190
186
176
154
172
204
173
140
208
162
166
153
143
184
174
185
139
149
170
205
183
173
137
158
168
150
147
178
160
193
157
200
159
155
165
155
174
179
153
182
190
163
170
164
197
136
161
167
189
181
169
159
157
167
159
169
140
147
159
159
176
179
130
