0.761845 -0.198911 0.624520 
0.675300 -0.252712 0.700076 
0.634346 -0.343805 0.705063 
0.765847 -0.106728 0.663072 
0.635907 -0.196097 0.772485 
0.569184 -0.402079 0.753623 
0.824096 -0.209654 0.547000 
0.889092 -0.210317 0.471006 
0.749910 -0.365867 0.560157 
0.781341 -0.271252 0.567910 
0.953809 -0.212142 0.394793 
0.888242 -0.268978 0.444498 
0.921485 -0.333382 0.375600 
0.503634 -0.458976 0.803280 
0.976749 -0.362608 0.297550 
0.771895 -0.013826 0.699578 
0.575808 -0.178881 0.850535 
0.729304 -0.461480 0.539332 
0.823993 0.068646 0.677573 
0.770762 0.102210 0.755290 
0.816578 -0.313583 0.507036 
0.956486 -0.458207 0.276332 
0.668510 -0.531112 0.577482 
0.733077 -0.198713 0.658112 
0.892747 0.095554 0.610128 
1.044967 -0.320165 0.238012 
0.528978 -0.266184 0.864141 
0.931580 0.038180 0.538016 
0.692757 -0.605001 0.514613 
0.460521 -0.287572 0.933827 
1.025148 -0.433534 0.207946 
0.752875 0.006772 0.731381 
1.088698 -0.230683 0.229035 
0.786738 0.197432 0.781322 
0.838367 0.280401 0.760096 
0.554954 -0.319858 0.808734 
0.857677 -0.115593 0.551989 
0.720504 0.192365 0.856071 
0.561393 -0.096794 0.905798 
0.766635 -0.446214 0.503019 
0.688828 -0.434907 0.598920 
0.605034 -0.594492 0.621685 
0.893933 0.251848 0.682011 
1.112724 -0.305670 0.165909 
0.571055 -0.688435 0.617215 
0.446165 -0.205442 0.989042 
0.705282 -0.020907 0.773824 
1.159559 -0.351052 0.090100 
0.955302 0.161285 0.568100 
0.638016 -0.070121 0.829080 
0.506200 -0.067413 0.983839 
0.503046 -0.170912 0.938995 
0.984349 -0.390154 0.275788 
1.088113 -0.140403 0.272036 
0.868092 -0.414400 0.399794 
0.831064 -0.296616 0.498122 
0.704696 0.273416 0.912471 
0.834136 0.095280 0.678247 
0.871794 0.187917 0.677821 
0.440206 -0.522483 0.847368 
0.591500 -0.024208 0.904766 
0.869161 -0.323387 0.441212 
0.692780 -0.695537 0.472147 
0.955591 -0.035931 0.475317 
0.657733 -0.542732 0.584583 
0.551714 -0.561110 0.699419 
0.580193 -0.303743 0.786899 
0.872446 -0.034595 0.572759 
0.993463 -0.283161 0.315330 
0.528826 -0.175706 0.906730 
0.538788 -0.599622 0.696418 
0.464159 -0.157911 0.990371 
0.668000 0.110337 0.878756 
1.014342 -0.269944 0.297213 
0.817417 -0.004850 0.650779 
0.658277 -0.100459 0.791267 
1.093151 -0.047845 0.309555 
0.868140 -0.504925 0.357305 
0.856635 -0.418026 0.411436 
0.817618 -0.319381 0.503107 
0.851251 0.194784 0.704961 
0.707920 -0.083769 0.741285 
0.733349 -0.604244 0.467701 
0.615137 -0.490679 0.658583 
0.700192 -0.782239 0.422874 
0.606870 -0.292912 0.760913 
0.748854 -0.327816 0.579223 
0.530948 -0.265260 0.862281 
1.027967 -0.106043 0.358176 
1.150318 -0.243422 0.151312 
0.865019 0.159701 0.672484 
0.476594 -0.666209 0.737625 
0.704626 -0.063060 0.754829 
0.470072 -0.590692 0.780618 
1.126849 -0.138253 0.227938 
0.389226 -0.606118 0.867525 
0.462430 -0.319019 0.916864 
0.961527 0.123399 0.543092 
0.462293 -0.598354 0.786084 
0.902512 -0.428909 0.352914 
1.022219 -0.191353 0.324880 
0.989925 -0.364106 0.281506 
0.987754 -0.050560 0.431008 
0.960965 -0.494917 0.253910 
0.393645 -0.347048 0.983820 
0.739208 -0.105783 0.694534 
0.325945 -0.361096 1.056065 
0.806426 -0.099151 0.619372 
0.442540 -0.527990 0.842069 
0.770634 0.011608 0.712968 
0.790798 -0.628384 0.389491 
0.798467 0.156752 0.748595 
0.576787 -0.268896 0.807200 
0.470174 -0.339532 0.898231 
0.998354 0.054147 0.467748 
0.718685 0.153528 0.839985 
0.333652 -0.447623 1.006531 
0.485561 -0.615661 0.750878 
0.535355 -0.101690 0.933822 
0.734236 0.162604 0.826131 
0.664429 -0.346985 0.668544 
0.782712 -0.430786 0.491531 
1.041374 0.144071 0.459807 
0.601807 -0.755675 0.549887 
1.155775 -0.207467 0.161812 
0.428028 -0.253227 0.987762 
0.888866 -0.221613 0.465973 
0.658238 -0.872786 0.429282 
1.013952 -0.414872 0.229731 
0.869081 -0.356465 0.425800 
0.538517 -0.319555 0.828016 
0.809791 -0.383691 0.482076 
0.954730 -0.239250 0.381014 
0.449648 -0.426983 0.881139 
0.839583 -0.354354 0.461138 
0.803892 0.292796 0.806050 
0.399484 -0.217791 1.037610 
0.763158 -0.367499 0.543967 
0.805930 -0.379499 0.488537 
0.595462 -0.286499 0.777203 
0.694761 -0.252136 0.677685 
1.000342 0.072560 0.474064 
0.893927 -0.504459 0.327496 
0.331937 -0.265331 1.093978 
0.686779 -0.435640 0.600962 
0.380907 -0.461992 0.944771 
0.502172 -0.546498 0.763957 
0.933362 0.034789 0.534352 
0.441608 -0.270542 0.963833 
0.389172 -0.132882 1.089418 
0.922011 0.190600 0.620606 
0.924139 -0.392763 0.344675 
0.810917 -0.500757 0.425890 
0.850544 -0.600335 0.333070 
1.029380 -0.454540 0.193172 
0.619368 0.008692 0.887738 
0.781796 -0.635120 0.396816 
0.485369 -0.614851 0.751481 
0.863468 -0.683487 0.279044 
0.734714 -0.526196 0.502697 
0.318286 -0.527561 0.986953 
0.683904 -0.463327 0.591331 
1.166357 -0.194711 0.155470 
0.598565 -0.847572 0.510586 
0.649040 -0.668688 0.535664 
1.074190 -0.152438 0.282605 
0.794343 -0.677737 0.362229 
0.590565 -0.478576 0.692869 
0.671375 0.021410 0.833142 
0.929777 0.158044 0.596302 
0.845090 -0.282336 0.488484 
0.632930 -0.403358 0.678796 
1.174896 -0.239032 0.124751 
0.408787 -0.679238 0.810473 
0.979646 -0.116658 0.409467 
0.540513 -0.671152 0.660879 
0.735698 0.091546 0.791119 
1.055164 -0.002178 0.375195 
0.657679 -0.148093 0.769635 
1.211911 -0.242192 0.080168 
0.526647 -0.317806 0.842657 
0.702549 0.058286 0.814128 
0.637642 -0.111469 0.810134 
0.627358 0.165218 0.951806 
1.056000 -0.359839 0.206567 
0.600321 -0.280327 0.774438 
0.498055 -0.742636 0.676810 
0.578091 -0.268355 0.805935 
0.385435 -0.190033 1.066980 
0.620213 -0.578707 0.611410 
1.077384 -0.264206 0.226495 
0.999371 -0.036482 0.424081 
0.845690 -0.074749 0.585092 
0.497376 -0.194193 0.934684 
1.065621 -0.066432 0.332900 
1.066150 -0.028472 0.350078 
0.699721 -0.597843 0.509858 
0.410558 -0.454038 0.913973 
0.685125 -0.039424 0.788615 
0.873771 0.187036 0.675107 
0.615577 -0.483123 0.661613 
0.962460 -0.216198 0.382819 
1.030624 -0.121917 0.347641 
0.738987 -0.607761 0.459487 
0.891744 -0.318786 0.417073 
0.633473 -0.405610 0.677108 
1.002727 -0.125418 0.378485 
0.540226 -0.825652 0.588791 
0.433849 -0.435169 0.895698 
1.068127 -0.009511 0.356663 
1.106093 -0.275338 0.187848 
0.558295 -0.092207 0.911555 
0.839596 -0.473200 0.405413 
1.008937 -0.069259 0.397578 
0.683218 -0.731983 0.466197 
0.771495 -0.011749 0.701017 
0.945725 0.103203 0.552026 
0.940135 -0.098221 0.464117 
0.584410 0.071041 0.957670 
0.625153 -0.709368 0.544409 
0.971420 -0.274719 0.344953 
0.741008 -0.215937 0.640803 
0.794978 -0.014990 0.672154 
0.597594 -0.471835 0.687843 
0.962495 0.274754 0.612913 
1.073528 -0.228734 0.247613 
0.367829 -0.442533 0.969120 
1.006702 -0.200343 0.338734 
0.819640 -0.026184 0.638191 
0.850942 0.121655 0.671041 
0.659716 -0.005623 0.834046 
0.719385 -0.376889 0.590534 
0.898996 -0.009747 0.553492 
0.791786 -0.350677 0.518516 
0.715755 -0.302545 0.629610 
0.681087 -0.180273 0.727294 
0.622343 -0.801096 0.504684 
1.009148 -0.283011 0.297136 
0.669404 0.086170 0.865793 
0.918999 -0.447774 0.324873 
0.569620 -0.224867 0.836184 
0.714488 -0.207666 0.675560 
0.918313 -0.115263 0.481538 
0.544869 -0.624322 0.677759 
0.575800 -0.573620 0.665509 
0.453520 -0.130209 1.015744 
0.500902 -0.250790 0.904049 
0.488435 -0.345417 0.874209 
0.533905 -0.800774 0.607813 
0.764051 0.009194 0.719502 
0.664211 -0.248865 0.714791 
0.967167 -0.211253 0.379655 
0.579779 -0.423393 0.731295 
0.673426 -0.286144 0.686587 
1.046430 -0.401442 0.198209 
1.051267 -0.407511 0.189732 
0.896936 -0.490387 0.330589 
0.716815 -0.486368 0.542209 
0.957359 -0.191188 0.400481 
0.906049 -0.096660 0.504539 
0.574204 -0.050848 0.912418 
0.988443 -0.268146 0.328213 
0.942511 0.213526 0.607482 
0.846700 0.382847 0.798415 
1.087655 -0.367686 0.166029 
0.723572 -0.200958 0.668127 
1.010354 -0.273709 0.300092 
0.891124 -0.311101 0.421398 
1.155003 -0.131742 0.198207 
0.758269 -0.694044 0.396590 
0.514978 -0.369293 0.832110 
1.009991 -0.326249 0.275886 
0.508276 -0.226511 0.906843 
0.655199 -0.777382 0.477542 
1.033600 -0.414534 0.207011 
0.279889 -0.347856 1.115900 
0.664469 -0.710646 0.498030 
0.870669 0.277947 0.721333 
1.003647 -0.324500 0.284093 
0.319330 -0.273930 1.104627 
0.736266 -0.308389 0.602987 
0.778572 -0.012049 0.692636 
0.457872 -0.687111 0.749627 
0.886027 -0.298609 0.433188 
0.556715 0.016681 0.964438 
0.636212 0.052689 0.888748 
0.909575 0.164074 0.622652 
0.758621 -0.433718 0.518208 
0.873453 -0.260377 0.465751 
0.607223 -0.325123 0.745403 
0.829862 -0.269066 0.512436 
0.648819 -0.353522 0.683656 
0.559281 -0.223485 0.848871 
0.926285 -0.201632 0.431770 
0.720089 -0.635797 0.468350 
0.692072 -0.055681 0.772905 
0.630045 -0.072339 0.837322 
0.633011 -0.587805 0.592242 
0.789489 -0.146877 0.616724 
0.579577 -0.156479 0.856647 
0.917339 -0.440751 0.330098 
1.001432 -0.234993 0.328629 
0.705015 -0.122071 0.726714 
1.079245 -0.234162 0.238412 
1.080928 -0.263013 0.222928 
0.749755 -0.462308 0.515130 
0.960678 -0.145919 0.417837 
0.374604 -0.317280 1.019945 
0.805696 -0.555671 0.406228 
0.479757 -0.269436 0.919930 
0.754895 -0.024472 0.714383 
0.639337 -0.050931 0.836538 
0.654888 -0.614405 0.554300 
0.838986 0.052704 0.652642 
0.642351 0.022185 0.867301 
1.135641 -0.165697 0.204836 
0.771720 -0.585975 0.431584 
0.898402 0.124976 0.617335 
0.840593 0.232625 0.735109 
0.421340 -0.361654 0.944725 
0.448220 -0.340189 0.923487 
0.463539 -0.550508 0.807062 
0.921630 -0.574947 0.262197 
0.603236 -0.697350 0.575563 
0.427964 -0.236225 0.995806 
0.718456 -0.262617 0.645181 
0.522588 -0.075349 0.961036 
0.674600 -0.777515 0.454888 
0.873276 -0.124763 0.529527 
0.470044 -0.154931 0.984915 
0.505025 -0.743492 0.668292 
0.847721 -0.442268 0.410451 
1.049957 0.017336 0.390405 
0.752150 -0.421146 0.531637 
0.413889 -0.225358 1.017289 
0.761481 -0.200109 0.624383 
0.509680 -0.756856 0.656608 
0.554389 -0.169639 0.879807 
