-0.801914 -0.039992 0.596100 
-0.816501 0.153287 0.556623 
-0.743530 -0.005957 0.668676 
-0.800796 0.248977 0.544735 
-0.869443 0.015376 0.493793 
-0.861780 -0.082894 0.500463 
-0.906727 -0.079153 0.414222 
-0.828284 0.303486 0.471000 
-0.707839 0.079757 0.701857 
-0.940721 -0.088326 0.327480 
-0.739023 0.280857 0.612344 
-0.872475 0.298260 0.387077 
-0.702320 -0.084828 0.706789 
-0.633717 -0.105245 0.766373 
-0.672654 0.295203 0.678521 
-0.753546 0.211798 0.622342 
-0.873109 0.361955 0.326603 
-0.715995 0.368006 0.593231 
-0.668850 0.440393 0.598910 
-0.650551 -0.192293 0.734715 
-0.857914 -0.176992 0.482345 
-0.866211 0.098878 0.489797 
-0.843208 0.059959 0.534233 
-0.866557 -0.251998 0.430785 
-0.912090 0.223004 0.344035 
-0.768635 0.378766 0.515496 
-0.911996 0.038082 0.408427 
-0.808562 -0.236046 0.538990 
-0.698727 0.012228 0.715284 
-0.697705 0.278915 0.659859 
-0.875415 -0.311921 0.369262 
-0.906722 -0.036865 0.420114 
-0.880677 0.400077 0.253668 
-0.842445 0.193987 0.502648 
-0.623572 -0.275504 0.731612 
-0.773478 -0.180014 0.607722 
-0.884545 -0.355828 0.301607 
-0.610679 0.270938 0.744086 
-0.774326 -0.266425 0.573966 
-0.545650 0.246588 0.800912 
-0.699628 -0.128210 0.702910 
-0.732902 -0.342170 0.588026 
-0.617636 -0.355039 0.701764 
-0.910281 0.096732 0.402532 
-0.670635 0.364946 0.645805 
-0.833074 0.439061 0.336472 
-0.517251 0.168705 0.839041 
-0.857035 -0.385400 0.341992 
-0.751735 0.324934 0.573858 
-0.784499 -0.084649 0.614326 
-0.555905 -0.277933 0.783405 
-0.724700 -0.234144 0.648064 
-0.946631 0.028830 0.321028 
-0.469127 0.236164 0.850968 
-0.602532 0.384831 0.699185 
-0.747454 0.007403 0.664273 
-0.931798 -0.179268 0.315620 
-0.784850 -0.348070 0.512696 
-0.797880 0.434578 0.417768 
-0.672204 0.439069 0.596121 
-0.572204 0.321178 0.754604 
-0.580120 0.315516 0.750939 
-0.845849 -0.334764 0.415298 
-0.506925 0.359731 0.783339 
-0.563004 -0.098800 0.820527 
-0.888109 0.282505 0.362565 
-0.716857 0.287700 0.635095 
-0.406060 0.269970 0.873059 
-0.781346 0.485988 0.391553 
-0.635457 0.441845 0.633220 
-0.660937 -0.333236 0.672396 
-0.893017 -0.341030 0.293631 
-0.771731 0.398393 0.495696 
-0.935200 0.240785 0.259661 
-0.593311 0.187041 0.782942 
-0.766770 0.111722 0.632125 
-0.830567 -0.131485 0.541175 
-0.751254 0.472841 0.460477 
-0.858945 -0.228312 0.458352 
-0.600055 -0.187629 0.777644 
-0.732796 -0.406940 0.545352 
-0.955050 -0.183983 0.232442 
-0.605688 -0.280173 0.744745 
-0.522803 -0.348105 0.778139 
-0.962452 0.195651 0.188167 
-0.431286 0.306993 0.848380 
-0.717735 -0.170825 0.675038 
-0.588336 -0.346762 0.730491 
-0.923908 -0.313848 0.218847 
-0.535106 0.413093 0.736896 
-0.716873 -0.195944 0.669103 
-0.794663 -0.215733 0.567423 
-0.672080 0.365434 0.644024 
-0.933185 -0.247606 0.260495 
-0.826242 0.489958 0.277965 
-0.833405 0.295317 0.467144 
-0.969605 0.217272 0.112513 
-0.488433 0.302420 0.818520 
-0.589951 0.308050 0.746367 
-0.535842 0.202001 0.819798 
-0.707633 0.426124 0.563626 
-0.734478 -0.251845 0.630172 
-0.958046 0.104181 0.267009 
-0.935454 -0.115949 0.333888 
-0.837833 -0.316537 0.444793 
-0.910694 -0.202759 0.359896 
-0.813610 0.385263 0.435444 
-0.709877 0.473398 0.521506 
-0.655889 0.192538 0.729889 
-0.905401 0.386450 0.175800 
-0.691153 -0.084523 0.717749 
-0.792557 0.211775 0.571843 
-0.977926 0.042598 0.204564 
-0.738133 0.356008 0.573078 
-0.945396 0.054274 0.321373 
-0.794742 0.216547 0.567003 
-0.905401 -0.229002 0.357501 
-0.518750 -0.027336 0.854489 
-0.710525 -0.210396 0.671482 
-0.646855 -0.344742 0.680244 
-0.904517 -0.314499 0.287993 
-0.818499 0.287099 0.497628 
-0.439502 0.366015 0.820287 
-0.745192 0.154015 0.648821 
-0.681313 0.200034 0.704130 
-0.899293 -0.120869 0.420314 
-0.871076 0.433862 0.230197 
-0.974336 -0.164430 0.153727 
-0.891196 0.159399 0.424691 
-0.490418 0.087589 0.867075 
-0.975182 0.129567 0.179534 
-0.874629 -0.114097 0.471175 
-0.721118 -0.139404 0.678643 
-0.614119 -0.269667 0.741712 
-0.758671 0.115343 0.641182 
-0.729861 0.472968 0.493562 
-0.657900 0.310465 0.686134 
-0.762094 0.209645 0.612586 
-0.661439 -0.279524 0.695964 
-0.964272 -0.039176 0.262000 
-0.562072 0.081197 0.823093 
-0.561469 0.454384 0.691583 
-0.795368 0.287590 0.533555 
-0.840608 0.432856 0.325599 
-0.901908 -0.227745 0.367006 
-0.818200 -0.033386 0.573963 
-0.660218 0.286113 0.694444 
-0.697227 -0.246252 0.673227 
-0.954913 0.150272 0.256045 
-0.785352 0.281454 0.551368 
-0.781824 0.481506 0.396111 
-0.656946 0.496155 0.567672 
-0.710107 -0.318551 0.627912 
-0.768217 0.005231 0.640169 
-0.832915 0.211001 0.511597 
-0.576727 -0.202885 0.791343 
-0.911107 0.064896 0.407030 
-0.844120 0.438887 0.307961 
-0.942311 -0.050043 0.330976 
-0.684429 0.101139 0.722031 
-0.806516 -0.263952 0.529019 
-0.966662 -0.229622 0.113308 
-0.936098 0.307590 0.170615 
-0.867979 -0.308291 0.389319 
-0.819127 0.395270 0.415683 
-0.610648 0.145877 0.778350 
-0.664953 -0.018862 0.746647 
-0.766249 0.012747 0.642417 
-0.765826 -0.347143 0.541296 
-0.380586 0.337351 0.861016 
-0.557866 0.302429 0.772866 
-0.933612 -0.171189 0.314743 
-0.906619 -0.053365 0.418561 
-0.952214 0.230261 0.200671 
-0.639160 0.283645 0.714857 
-0.861897 -0.276590 0.425008 
-0.544449 -0.126384 0.829218 
-0.782040 0.480026 0.397478 
-0.946643 0.176381 0.269736 
-0.977898 0.124287 0.168132 
-0.710761 0.439673 0.549096 
-0.973507 -0.100927 0.205178 
-0.880488 0.212703 0.423672 
-0.552907 0.340444 0.760521 
-0.565889 0.273252 0.777884 
-0.546688 0.122084 0.828388 
-0.621785 0.512030 0.592629 
-0.465466 0.424175 0.776799 
-0.767144 0.405082 0.497392 
-0.679512 -0.399837 0.615137 
-0.584689 0.502190 0.637137 
-0.930568 0.148312 0.334734 
-0.906184 0.135560 0.400567 
-0.845385 -0.074167 0.528983 
-0.972215 0.054677 0.227614 
-0.588710 -0.008074 0.808304 
-0.737144 0.420300 0.529119 
-0.619517 0.277256 0.734390 
-0.769259 -0.093054 0.632124 
-0.753246 -0.001360 0.657738 
-0.971583 0.013825 0.236293 
-0.916114 0.329504 0.228389 
-0.753187 0.471024 0.459179 
-0.542989 0.256065 0.799746 
-0.627924 -0.011020 0.778197 
-0.582171 -0.042009 0.811980 
-0.828066 -0.406982 0.385580 
-0.453455 0.209940 0.866201 
-0.822770 -0.129171 0.553502 
-0.971677 0.127195 0.199159 
-0.435317 0.361106 0.824683 
-0.989302 -0.063519 0.131326 
-0.534221 0.196907 0.822092 
-0.464755 0.032292 0.884850 
-0.913531 0.241047 0.327654 
-0.495505 -0.071689 0.865641 
-0.414882 0.398298 0.818066 
-0.970925 0.000402 0.239384 
-0.506936 0.356653 0.784738 
-0.900382 0.322018 0.292605 
-0.864726 -0.319864 0.387216 
-0.879220 0.371408 0.298376 
-0.941845 -0.295456 0.160106 
-0.783794 0.080164 0.615825 
-0.808053 0.134410 0.573572 
-0.966376 -0.121170 0.226795 
-0.794957 -0.219053 0.565738 
-0.743383 0.022344 0.668492 
-0.525902 0.074941 0.847237 
-0.972529 -0.104022 0.208246 
-0.777925 0.550028 0.303812 
-0.736190 -0.344398 0.582593 
-0.460992 0.151362 0.874400 
-0.659401 0.349018 0.665866 
-0.661232 0.195878 0.724158 
-0.824776 -0.271171 0.496196 
-0.678540 0.163523 0.716131 
-0.523866 0.339156 0.781369 
-0.654022 -0.163392 0.738619 
-0.849351 -0.353196 0.392244 
-0.501976 -0.009791 0.864826 
-0.818247 0.159599 0.552268 
-0.617520 -0.406724 0.673235 
-0.918986 0.269719 0.287604 
-0.729142 -0.338885 0.594566 
-0.508547 0.161062 0.845836 
-0.961918 0.057471 0.267226 
-0.552735 -0.412533 0.724086 
-0.916324 -0.058443 0.396151 
-0.507590 -0.367776 0.779162 
-0.948031 0.149917 0.280646 
-0.826285 0.489503 0.278639 
-0.870462 0.437515 0.225560 
-0.595822 0.361398 0.717208 
-0.902869 -0.260284 0.342170 
-0.601914 -0.210988 0.770184 
-0.737152 -0.044359 0.674269 
-0.651981 -0.113098 0.749753 
-0.757048 0.420039 0.500445 
-0.810382 0.466262 0.354796 
-0.983181 -0.148069 0.106917 
-0.682098 -0.253260 0.686004 
-0.752928 0.143971 0.642162 
-0.782822 0.531067 0.324282 
-0.496137 -0.279906 0.821889 
-0.492208 -0.282453 0.823378 
-0.788784 -0.346756 0.507524 
-0.913638 0.320187 0.250491 
-0.905477 0.386447 0.175415 
-0.802647 -0.221696 0.553723 
-0.529789 -0.104327 0.841689 
-0.846337 0.062347 0.528986 
-0.641100 -0.201660 0.740489 
-0.983376 -0.148112 0.105049 
-0.951786 -0.211045 0.222629 
-0.959714 -0.219245 0.175729 
-0.832911 0.379907 0.402405 
-0.858623 0.417096 0.297989 
-0.868075 0.029180 0.495575 
-0.603700 -0.171670 0.778508 
-0.614923 0.427022 0.662965 
-0.806819 -0.229131 0.544558 
-0.531447 0.071995 0.844027 
-0.378884 0.398808 0.835104 
-0.940163 0.102372 0.324983 
-0.939335 -0.233253 0.251481 
-0.462478 0.230180 0.856231 
-0.651064 0.230305 0.723239 
-0.528487 0.184082 0.828743 
-0.556891 -0.438738 0.705252 
-0.485757 0.304200 0.819453 
-0.967300 -0.122779 0.221938 
-0.688337 -0.219934 0.691246 
-0.952261 -0.237218 0.192163 
-0.680134 -0.376686 0.628908 
-0.891127 -0.000935 0.453752 
-0.447178 0.372467 0.813204 
-0.604133 0.367613 0.707025 
-0.831235 0.185039 0.524222 
-0.525676 0.224754 0.820457 
-0.966889 -0.222480 0.125014 
-0.440174 0.445144 0.779804 
-0.646558 0.220060 0.730436 
-0.702320 0.258647 0.663211 
-0.814731 0.083940 0.573731 
-0.751580 -0.062627 0.656662 
-0.806542 0.323325 0.494926 
-0.830638 -0.230603 0.506817 
-0.945708 0.241810 0.217175 
-0.823360 0.394313 0.408162 
-0.679153 0.160731 0.716183 
-0.871443 0.238860 0.428408 
-0.687611 0.364296 0.628076 
-0.646740 0.473152 0.598210 
-0.814936 -0.143870 0.561409 
-0.726209 -0.015960 0.687289 
-0.849232 0.196097 0.490257 
-0.847730 -0.283945 0.448027 
-0.941072 -0.229318 0.248589 
-0.588724 0.191946 0.785214 
-0.655377 0.014895 0.755155 
-0.968839 -0.166518 0.183365 
-0.879165 0.252253 0.404274 
-0.927505 -0.036093 0.372063 
-0.886721 0.248093 0.390097 
-0.873961 -0.316091 0.369160 
-0.892439 0.162983 0.420702 
-0.576046 0.257141 0.775919 
-0.831854 -0.171309 0.527893 
-0.545957 0.425383 0.721789 
-0.783108 -0.135243 0.607001 
-0.769387 0.425134 0.476766 
-0.374947 0.336819 0.863694 
-0.957673 -0.130609 0.256521 
-0.838725 0.432898 0.330363 
-0.521714 0.368171 0.769587 
-0.751323 0.349214 0.559967 
-0.892676 0.372867 0.253179 
