0.320603 -0.628295 -0.708843 
0.382186 -0.665637 -0.640984 
0.141940 -0.691849 -0.707954 
0.084585 -0.637114 -0.766115 
0.085191 -0.559639 -0.824346 
0.007005 -0.683112 -0.730280 
0.373602 -0.732382 -0.569244 
0.121268 -0.482653 -0.867376 
0.181343 -0.637495 -0.748809 
0.124696 -0.580519 -0.804642 
0.158053 -0.405165 -0.900478 
0.467660 -0.648015 -0.601141 
0.319031 -0.794295 -0.517025 
0.305813 -0.844704 -0.439265 
-0.042225 -0.739909 -0.671381 
0.236887 -0.357523 -0.903361 
0.215029 -0.872962 -0.437835 
0.318833 -0.380699 -0.867994 
0.318467 -0.551772 -0.770796 
0.176419 -0.603417 -0.777666 
0.239762 -0.609082 -0.755998 
0.122554 -0.881126 -0.456724 
0.118672 -0.337743 -0.933727 
0.419347 -0.762824 -0.492187 
-0.128269 -0.716837 -0.685341 
-0.149268 -0.649967 -0.745159 
0.143414 -0.262801 -0.954132 
0.205315 -0.349285 -0.914246 
-0.226373 -0.661839 -0.714650 
0.441098 -0.797545 -0.411527 
-0.210853 -0.706244 -0.675840 
0.380615 -0.319086 -0.867938 
0.360443 -0.446418 -0.819019 
0.540834 -0.591257 -0.598259 
-0.037540 -0.800454 -0.598217 
0.337346 -0.392317 -0.855737 
0.585189 -0.516903 -0.624792 
0.123401 -0.195351 -0.972939 
0.518923 -0.509791 -0.686172 
0.344270 -0.471962 -0.811622 
0.442634 -0.832575 -0.333009 
0.223768 -0.231720 -0.946696 
-0.001864 -0.679506 -0.733668 
0.372078 -0.792425 -0.483343 
0.269471 -0.491182 -0.828327 
0.499080 -0.712802 -0.492781 
0.226162 -0.906154 -0.357402 
0.054474 -0.811303 -0.582083 
0.374868 -0.878212 -0.297015 
-0.008189 -0.555252 -0.831642 
0.235648 -0.658678 -0.714572 
-0.112813 -0.762973 -0.636511 
0.039506 -0.746620 -0.664077 
0.183688 -0.173250 -0.967597 
-0.097429 -0.565151 -0.819214 
0.137059 -0.924101 -0.356723 
0.650177 -0.484151 -0.585549 
-0.279632 -0.668207 -0.689424 
0.275758 -0.284070 -0.918293 
0.251504 -0.588708 -0.768225 
0.150542 -0.804059 -0.575175 
-0.014147 -0.631409 -0.775321 
0.408900 -0.534904 -0.739377 
0.336722 -0.794898 -0.504733 
0.073025 -0.229995 -0.970448 
0.517548 -0.766634 -0.380022 
-0.131191 -0.731108 -0.669530 
0.405712 -0.621456 -0.670216 
0.406140 -0.611331 -0.679209 
0.466422 -0.540554 -0.700180 
-0.165312 -0.607118 -0.777226 
0.695337 -0.498206 -0.517975 
0.358843 -0.265316 -0.894896 
-0.101108 -0.489490 -0.866127 
0.472139 -0.771783 -0.425952 
-0.069980 -0.560020 -0.825518 
0.295351 -0.896176 -0.331114 
0.378006 -0.849389 -0.368307 
0.584725 -0.709743 -0.392889 
0.136856 -0.949982 -0.280721 
0.431151 -0.448690 -0.782807 
0.339733 -0.498710 -0.797415 
-0.311719 -0.605969 -0.731869 
0.259903 -0.552653 -0.791849 
0.693435 -0.418851 -0.586269 
0.314019 -0.334505 -0.888538 
-0.144408 -0.810178 -0.568118 
0.543168 -0.727636 -0.418944 
0.222802 -0.229670 -0.947423 
0.191892 -0.242903 -0.950881 
-0.062722 -0.836779 -0.543936 
-0.046918 -0.720094 -0.692289 
0.027678 -0.782576 -0.621940 
0.238422 -0.830346 -0.503667 
0.502258 -0.758771 -0.414734 
0.044107 -0.713868 -0.698890 
0.294063 -0.469162 -0.832715 
-0.175998 -0.522461 -0.834301 
0.363007 -0.857998 -0.363407 
0.657464 -0.568839 -0.494129 
-0.096601 -0.751583 -0.652526 
0.503688 -0.572286 -0.647138 
0.071405 -0.518779 -0.851921 
0.009900 -0.606068 -0.795351 
0.114923 -0.700210 -0.704627 
0.229894 -0.404123 -0.885344 
0.273811 -0.488358 -0.828573 
0.195935 -0.293474 -0.935672 
0.685130 -0.594279 -0.421223 
0.207634 -0.326715 -0.922033 
0.092359 -0.676645 -0.730494 
0.039779 -0.312394 -0.949119 
-0.212932 -0.769056 -0.602672 
-0.235869 -0.632434 -0.737830 
-0.113381 -0.867743 -0.483907 
0.685375 -0.540413 -0.488073 
0.108447 -0.477831 -0.871732 
0.253307 -0.746922 -0.614771 
0.154469 -0.399220 -0.903749 
0.571690 -0.683873 -0.453308 
-0.159450 -0.706878 -0.689129 
0.169126 -0.670633 -0.722252 
0.457026 -0.775122 -0.436249 
0.324748 -0.388926 -0.862134 
0.181783 -0.633996 -0.751668 
0.490343 -0.531735 -0.690523 
0.611637 -0.675422 -0.411953 
-0.026587 -0.836320 -0.547597 
0.424835 -0.663173 -0.616212 
-0.068231 -0.873931 -0.481238 
0.294320 -0.677869 -0.673698 
0.636655 -0.634541 -0.438211 
-0.089774 -0.525598 -0.845983 
-0.035814 -0.700883 -0.712376 
-0.204483 -0.747894 -0.631538 
0.391687 -0.876926 -0.278537 
0.057380 -0.618930 -0.783348 
0.249195 -0.929882 -0.270594 
0.297065 -0.914285 -0.275384 
0.331446 -0.868669 -0.368183 
0.382124 -0.735394 -0.559622 
0.051771 -0.387120 -0.920575 
-0.015362 -0.470051 -0.882506 
0.612082 -0.638313 -0.466810 
-0.173632 -0.533262 -0.827940 
0.609773 -0.615225 -0.499675 
0.632227 -0.556985 -0.538570 
0.460376 -0.325125 -0.826043 
0.226149 -0.485711 -0.844359 
0.194197 -0.627357 -0.754129 
0.277068 -0.855050 -0.438318 
0.164613 -0.941942 -0.292658 
0.518400 -0.574392 -0.633510 
0.135803 -0.471655 -0.871263 
-0.255248 -0.564500 -0.784977 
0.638433 -0.598564 -0.483863 
0.049681 -0.934742 -0.351836 
0.358046 -0.506314 -0.784506 
0.160306 -0.779502 -0.605540 
0.338584 -0.577891 -0.742565 
0.380225 -0.735938 -0.560200 
0.198430 -0.523468 -0.828618 
0.320090 -0.401333 -0.858181 
0.302713 -0.649449 -0.697553 
0.484489 -0.396093 -0.779987 
-0.094578 -0.568604 -0.817157 
0.324640 -0.200847 -0.924267 
0.490789 -0.392771 -0.777726 
0.590370 -0.612070 -0.526150 
0.516621 -0.433828 -0.738171 
0.543228 -0.766461 -0.342696 
0.459939 -0.608636 -0.646544 
0.032581 -0.893773 -0.447334 
-0.080866 -0.782490 -0.617389 
0.480954 -0.317072 -0.817404 
0.286139 -0.865814 -0.410476 
-0.098171 -0.784370 -0.612475 
0.544833 -0.682213 -0.487588 
0.449173 -0.829254 -0.332538 
0.080521 -0.635312 -0.768046 
0.085737 -0.647098 -0.757571 
0.437560 -0.718023 -0.541280 
0.010612 -0.783143 -0.621751 
0.038751 -0.849848 -0.525601 
0.299293 -0.931025 -0.208847 
0.150074 -0.260513 -0.953735 
0.511268 -0.680507 -0.524895 
0.063584 -0.784494 -0.616868 
0.638387 -0.452781 -0.622456 
-0.033142 -0.790270 -0.611862 
0.265276 -0.873172 -0.408899 
-0.035739 -0.823158 -0.566686 
0.077887 -0.682273 -0.726937 
0.334048 -0.867191 -0.369313 
0.143374 -0.906353 -0.397451 
0.071198 -0.931174 -0.357556 
0.194538 -0.704142 -0.682890 
0.582026 -0.434859 -0.687127 
0.183798 -0.839168 -0.511874 
0.053312 -0.414110 -0.908664 
-0.141663 -0.806212 -0.574416 
-0.112225 -0.815283 -0.568084 
0.652201 -0.377909 -0.657129 
0.141280 -0.690214 -0.709679 
0.700982 -0.484410 -0.523422 
0.546152 -0.606445 -0.577877 
-0.169187 -0.639393 -0.750034 
0.466180 -0.772354 -0.431446 
0.444900 -0.485432 -0.752609 
0.397485 -0.863249 -0.311137 
-0.030691 -0.394758 -0.918272 
0.334606 -0.595800 -0.730110 
-0.303422 -0.598987 -0.741047 
0.424175 -0.579965 -0.695497 
0.336884 -0.540430 -0.771002 
0.312360 -0.310004 -0.897958 
0.543254 -0.595910 -0.591410 
0.469227 -0.814706 -0.340704 
0.327835 -0.765557 -0.553576 
0.539655 -0.761962 -0.358031 
0.365199 -0.473022 -0.801798 
-0.000945 -0.474109 -0.880466 
0.197928 -0.955886 -0.217041 
-0.002230 -0.507654 -0.861558 
0.742561 -0.424031 -0.518459 
0.685842 -0.470349 -0.555331 
0.132898 -0.840629 -0.525054 
0.396411 -0.567957 -0.721307 
-0.139221 -0.819917 -0.555295 
0.238929 -0.384801 -0.891539 
0.288910 -0.730637 -0.618629 
0.225331 -0.820296 -0.525681 
0.095483 -0.470216 -0.877371 
0.679468 -0.561420 -0.472368 
0.114470 -0.274978 -0.954612 
0.139469 -0.571968 -0.808332 
0.224848 -0.688057 -0.689942 
-0.055460 -0.422359 -0.904730 
-0.009976 -0.886690 -0.462258 
0.469561 -0.777325 -0.418662 
0.165343 -0.401004 -0.901031 
0.352375 -0.517851 -0.779527 
0.736135 -0.494782 -0.461840 
0.069534 -0.625295 -0.777285 
0.559311 -0.755198 -0.341831 
0.195630 -0.500883 -0.843117 
0.125593 -0.205143 -0.970640 
0.336827 -0.913594 -0.227803 
0.452268 -0.495526 -0.741557 
0.126043 -0.337102 -0.932993 
0.233019 -0.835213 -0.498117 
-0.143338 -0.717113 -0.682058 
0.288255 -0.910374 -0.296865 
0.270033 -0.848098 -0.455864 
0.194820 -0.550858 -0.811543 
0.457082 -0.787053 -0.414275 
0.060719 -0.788413 -0.612142 
-0.088318 -0.588365 -0.803758 
-0.084768 -0.482800 -0.871618 
0.087877 -0.950399 -0.298361 
0.230214 -0.159333 -0.960008 
0.057435 -0.900210 -0.431651 
0.559161 -0.680862 -0.473039 
0.049029 -0.718576 -0.693718 
0.251003 -0.746629 -0.616070 
-0.213869 -0.577744 -0.787700 
0.376115 -0.858081 -0.349621 
0.324249 -0.525319 -0.786704 
-0.027497 -0.835370 -0.549000 
0.117993 -0.267830 -0.956214 
0.657474 -0.471054 -0.588079 
0.025415 -0.751799 -0.658902 
0.031876 -0.432325 -0.901154 
0.166180 -0.842705 -0.512087 
-0.182817 -0.499694 -0.846690 
-0.149184 -0.760401 -0.632087 
-0.094332 -0.865968 -0.491122 
-0.122934 -0.680306 -0.722544 
0.478180 -0.669231 -0.568747 
0.214482 -0.881318 -0.421043 
0.119774 -0.334438 -0.934775 
-0.023877 -0.921646 -0.387296 
-0.342280 -0.677247 -0.651292 
0.465693 -0.755232 -0.461253 
0.388585 -0.365874 -0.845658 
-0.111097 -0.761380 -0.638716 
0.551958 -0.663869 -0.504599 
0.463366 -0.323866 -0.824865 
-0.177309 -0.763471 -0.621026 
-0.156666 -0.613892 -0.773687 
0.291400 -0.704297 -0.647342 
0.416813 -0.265208 -0.869443 
0.333629 -0.684607 -0.648078 
-0.040093 -0.699932 -0.713083 
0.336520 -0.257745 -0.905716 
0.356025 -0.698912 -0.620297 
0.136303 -0.911871 -0.387186 
0.514280 -0.506619 -0.691992 
0.047182 -0.666501 -0.744010 
0.180587 -0.630019 -0.755291 
0.247189 -0.358183 -0.900335 
0.638543 -0.418502 -0.645848 
-0.010300 -0.832866 -0.553378 
0.637237 -0.644903 -0.421935 
-0.126021 -0.793630 -0.595207 
0.120523 -0.972348 -0.200033 
0.215777 -0.875479 -0.432408 
-0.268418 -0.526663 -0.806584 
0.378837 -0.872446 -0.308740 
0.090826 -0.840152 -0.534692 
-0.049054 -0.644244 -0.763245 
0.644555 -0.396369 -0.653790 
0.002336 -0.824150 -0.566367 
0.591589 -0.581236 -0.558737 
0.001536 -0.842278 -0.539041 
0.270751 -0.455357 -0.848142 
0.240884 -0.929254 -0.280109 
0.289243 -0.829870 -0.477132 
0.231663 -0.598290 -0.767060 
0.633762 -0.544109 -0.549809 
0.630742 -0.543897 -0.553481 
0.367966 -0.847508 -0.382532 
0.246802 -0.296083 -0.922726 
-0.028709 -0.943651 -0.329694 
-0.073850 -0.638684 -0.765917 
-0.101293 -0.610714 -0.785346 
0.586919 -0.434061 -0.683460 
-0.144601 -0.734186 -0.663371 
-0.255383 -0.729833 -0.634132 
0.619029 -0.683249 -0.387264 
-0.070568 -0.564391 -0.822486 
-0.164939 -0.858609 -0.485371 
0.036307 -0.849074 -0.527024 
0.425974 -0.221821 -0.877121 
0.165880 -0.918612 -0.358659 
0.414421 -0.813216 -0.408577 
0.104928 -0.357423 -0.928030 
0.309513 -0.926076 -0.215837 
