178
172
263
166
216
322
219
202
246
353
199
170
349
366
205
167
272
241
200
372
177
191
182
356
187
176
197
321
205
197
280
254
216
185
303
201
222
270
338
180
230
202
213
199
200
180
213
180
303
163
153
284
209
226
181
166
187
179
278
202
291
198
211
299
195
165
285
324
181
300
195
188
201
200
170
220
194
182
166
187
180
191
171
194
186
195
193
185
192
264
323
314
213
244
271
368
208
176
224
350
234
311
194
189
359
322
175
255
170
197
188
336
357
257
239
168
172
176
292
176
185
290
296
373
254
292
222
342
201
163
179
199
175
236
230
336
315
221
193
268
377
221
177
199
350
340
301
280
173
350
165
165
185
193
183
199
349
270
194
203
193
244
179
310
170
165
226
372
191
292
187
206
252
285
299
336
228
270
159
195
167
296
197
182
166
194
170
187
186
196
286
369
176
215
232
201
177
190
203
187
