0.272511
0.210229
0.233100
0.259787
0.217426
0.252065
0.247772
0.251776
0.213837
0.223252
0.233882
0.245000
0.262423
0.243478
0.225446
0.250645
0.230325
0.290501
0.264596
0.291092
0.291079
0.287440
0.262014
0.183055
0.259503
0.199972
0.304390
0.199155
0.245046
0.186780
0.288264
0.295073
0.278620
0.272222
0.288339
0.212319
0.246753
0.221362
0.268424
0.235520
0.215082
0.239886
0.205292
0.158830
0.188030
0.255877
0.251875
0.208186
0.264682
0.227134
0.193781
0.251903
0.174091
0.181708
0.189719
0.323594
0.351987
0.148075
0.198014
0.212785
0.222958
0.246041
0.235070
0.289528
0.380028
0.266462
0.208416
0.244239
0.281235
0.233343
0.197364
0.275459
0.250666
0.303322
0.220992
0.176142
0.294261
0.280149
0.180785
0.259495
0.210588
0.210707
0.287001
0.257271
0.171580
0.344209
0.134027
0.200107
0.362779
0.280109
0.308552
0.211927
0.195235
0.323183
0.223436
0.241798
0.296389
0.202952
0.253508
0.278029
0.418013
0.402196
0.419647
0.456446
0.426506
0.442748
0.413669
0.414438
0.480085
0.489042
0.438476
0.449675
0.455060
0.399274
0.436673
0.400045
0.392957
0.423883
0.388819
0.339297
0.344114
0.351582
0.413541
0.418643
0.475252
0.422934
0.358451
0.432362
0.450595
0.447598
0.443441
0.422001
0.350666
0.442407
0.454653
0.349261
0.440867
0.490182
0.316142
0.529743
0.414299
0.392576
0.474622
0.529137
0.397404
0.383614
0.393192
0.295971
0.327267
0.385524
0.437531
0.435234
0.529159
0.282388
0.334749
0.267458
0.375613
0.436143
0.303325
0.462040
0.384795
0.479361
0.432311
0.276744
0.391879
0.474596
0.459809
0.297919
0.348716
0.400087
0.410903
0.410535
0.294515
0.428128
0.403417
0.453590
0.391324
0.419116
0.432963
0.497970
0.284847
0.353995
0.281711
0.402201
0.410253
0.422504
0.471386
0.246983
0.344041
0.357009
0.508113
0.379030
0.344729
0.399945
0.344290
0.429836
0.396558
0.384176
0.331189
0.409634
0.269977
0.252399
0.295358
0.223344
0.201402
0.315308
0.317401
0.221350
0.324430
0.285186
0.185121
0.244275
0.182015
0.196172
0.189027
0.286509
0.216770
0.273426
0.297897
0.207837
0.346234
0.261560
0.281332
0.196741
0.387257
0.337028
0.207853
0.173236
0.184699
0.408178
0.436549
0.324553
0.346982
0.223167
0.224267
0.411198
0.278119
0.295026
0.190176
0.263199
0.425765
0.342754
0.231350
0.212430
0.225334
0.246908
0.243449
0.258999
0.369295
0.189174
0.210598
0.229219
0.201813
0.473073
0.343605
0.281337
0.219480
0.272393
0.354638
0.327797
0.308121
0.372880
0.395420
0.477842
0.212517
0.150468
0.161549
0.181368
0.340660
0.187424
0.187570
0.216510
0.280589
0.288906
0.356555
0.218397
0.157737
0.226061
0.239604
0.363750
0.224773
0.406084
0.255401
0.328373
0.184738
0.270180
0.253978
0.433651
0.285280
0.160733
0.414083
0.205575
0.401373
0.223537
0.195658
0.192032
0.341903
0.357147
0.210115
0.408167
0.499427
0.395439
0.508024
0.288974
0.494009
0.450936
0.449300
0.419395
0.420265
0.394894
0.432969
0.528239
0.403238
0.359038
0.346694
0.496742
0.414758
0.284558
0.398064
0.553263
0.247863
0.536338
0.476920
0.421153
0.571099
0.403037
0.535544
0.387270
0.312758
0.349723
0.434399
0.407967
0.526125
0.442307
0.435416
0.417146
0.285727
0.390978
0.536716
0.414870
0.334265
0.373095
0.236549
0.547688
0.462386
0.397027
0.463178
0.386038
0.398568
0.399329
0.470565
0.537302
0.514133
0.303986
0.405308
0.228402
0.485450
0.359730
0.538517
0.401505
0.440031
0.459946
0.422491
0.486039
0.475894
0.480494
0.355317
0.342737
0.421936
0.474564
0.398056
0.208836
0.329916
0.350474
0.522738
0.405999
0.372133
0.552609
0.463308
0.369705
0.548980
0.258026
0.402970
0.558461
0.455328
0.475848
0.445033
0.547619
0.357967
0.394099
0.438972
0.311236
0.498390
0.443929
0.533883
0.447417
0.436255
0.429164
0.531269
0.420146
0.337167
0.233611
0.348192
0.240705
0.213002
0.410144
0.452300
0.436933
0.180276
0.363497
0.192892
0.400099
0.230173
0.372705
0.366033
0.362557
0.158490
0.219758
0.210658
0.214163
0.244857
0.152796
0.155148
0.140587
0.430149
0.431374
0.273114
0.409989
0.157888
0.244724
0.227742
0.142405
0.395040
0.274807
0.407989
0.141654
0.345840
0.483957
0.238598
0.128627
0.121661
0.489374
0.382373
0.235639
0.296441
0.394941
0.425957
0.207754
0.268485
0.117219
0.247475
0.408105
0.293995
0.419032
0.295026
0.449496
0.215414
0.416123
0.206622
0.483635
0.180292
0.222961
0.145723
0.479493
0.461633
0.152072
0.423556
0.254461
0.162509
0.276289
0.511796
0.275224
0.454444
0.166956
0.438343
0.289635
0.259890
0.423886
0.234644
0.301114
0.140315
0.196773
0.277610
0.182585
0.255884
0.138961
0.312978
0.326151
0.180620
0.190020
0.174051
0.451423
0.275723
0.445506
0.473046
0.277587
0.173266
0.213921
0.140811
0.213350
0.551978
0.501853
0.464443
0.632635
0.499877
0.678374
0.494569
0.616567
0.629560
0.637997
0.645007
0.594987
0.667997
0.544447
0.480895
0.424245
0.458149
0.491275
0.492362
0.425074
0.451645
0.443064
0.453977
0.574595
0.414879
0.543364
0.641971
0.492093
0.440503
0.395855
0.368160
0.439162
0.537868
0.352934
0.464406
0.495688
0.516147
0.319257
0.619989
0.603205
0.482081
0.484420
0.575836
0.355591
0.489362
0.450535
0.454099
0.343169
0.489478
0.492391
0.381759
0.266773
0.422210
0.642781
0.491883
0.490308
0.611627
0.496621
0.415985
0.419575
0.531790
0.622164
0.282548
0.303036
0.470253
0.411452
0.527993
0.449212
0.247266
0.307390
0.574272
0.289944
0.458664
0.521737
0.398864
0.656310
0.630442
0.473411
0.551507
0.390636
0.430290
0.326915
0.404615
0.465106
0.471211
0.234507
0.456481
0.348609
0.328917
0.276789
0.563079
0.601060
0.487288
0.494992
0.477424
0.490266
0.290415
0.389877
0.237071
0.461524
0.427051
0.437852
0.411069
0.451309
0.408112
0.427159
0.417053
0.393537
0.387962
0.488301
0.523823
0.478641
0.456301
0.315344
0.420273
0.434708
0.475918
0.486706
0.350099
0.377469
0.289548
0.481765
0.311872
0.472131
0.289866
0.285478
0.293224
0.465207
0.482131
0.477570
0.449014
0.389047
0.470851
0.262481
0.419338
0.439643
0.462504
0.290071
0.428960
0.486267
0.287608
0.399764
0.293240
0.501801
0.390177
0.414117
0.462106
0.246482
0.405371
0.448827
0.426953
0.422329
0.365675
0.486084
0.485837
0.434408
0.389469
0.417917
0.403879
0.446422
0.352153
0.507916
0.413384
0.435244
0.391837
0.241654
0.450846
0.349553
0.338474
0.433254
0.469738
0.410610
0.406582
0.451988
0.418222
0.444695
0.390115
0.526598
0.427382
0.357376
0.323076
0.418473
0.424635
0.362856
0.508651
0.409128
0.342208
0.424372
0.503445
0.322211
0.265464
0.319922
0.449043
0.311967
0.506013
0.262543
0.514049
0.254647
0.192152
0.487340
0.484534
0.505475
0.484780
0.429848
0.430574
0.536889
0.572050
0.506561
0.484022
0.540713
0.488476
0.419041
0.484448
0.394180
0.564228
0.356666
0.555715
0.417602
0.401227
0.372689
0.541640
0.553598
0.406059
0.468307
0.507363
0.554781
0.554519
0.478912
0.503699
0.591112
0.536217
0.423938
0.536012
0.528137
0.566567
0.484290
0.521956
0.512022
0.429954
0.554001
0.526123
0.474223
0.414120
0.434122
0.420585
0.549471
0.483583
0.356292
0.489037
0.526701
0.424273
0.487031
0.427593
0.454486
0.466223
0.308136
0.565436
0.393462
0.492898
0.416103
0.482511
0.549369
0.481859
0.381274
0.508588
0.506349
0.390223
0.465948
0.305428
0.485193
0.565095
0.439975
0.383183
0.469188
0.491212
0.549780
0.468979
0.585337
0.481304
0.467633
0.369750
0.577123
0.411085
0.467201
0.489939
0.547825
0.462580
0.487412
0.428710
0.420714
0.359953
0.371386
0.480962
0.497769
0.494033
0.362133
0.426978
0.501547
0.314182
0.481943
0.261317
0.228324
0.239206
0.219716
0.241042
0.244248
0.293288
0.340333
0.284269
0.244930
0.362501
0.418696
0.313818
0.249197
0.222434
0.354762
0.270645
0.241462
0.377304
0.192905
0.356173
0.311887
0.233773
0.223280
0.382441
0.368479
0.320980
0.351453
0.272400
0.213864
0.229927
0.314931
0.375744
0.377210
0.214445
0.224371
0.329779
0.339266
0.243489
0.205564
0.246796
0.426089
0.299702
0.229985
0.367258
0.190130
0.440246
0.439805
0.337786
0.265182
0.290154
0.405300
0.417944
0.327040
0.449586
0.416271
0.244877
0.202057
0.376087
0.440903
0.201780
0.258803
0.350560
0.239351
0.370884
0.419291
0.427159
0.387712
0.446121
0.193388
0.199081
0.399699
0.183664
0.169210
0.406999
0.230089
0.209421
0.366477
0.272181
0.388015
0.437024
0.229851
0.261920
0.230674
0.398833
0.505497
0.498236
0.390831
0.436554
0.440591
0.346387
0.496043
0.265083
0.450314
0.193364
0.371864
0.362987
0.238464
0.349467
0.248487
0.345151
0.355345
0.339953
0.298741
0.442504
0.294155
0.491813
0.272148
0.530603
0.336444
0.474969
0.550932
0.338857
0.261563
0.297521
0.339185
0.280737
0.409923
0.271718
0.603764
0.404813
0.507916
0.332841
0.464710
0.285685
0.627365
0.334082
0.301892
0.381903
0.362067
0.531023
0.621115
0.288320
0.241526
0.217415
0.420805
0.318706
0.618252
0.311274
0.412832
0.680199
0.377478
0.300500
0.596826
0.432173
0.274892
0.232290
0.412812
0.399572
0.545776
0.652406
0.377461
0.319403
0.296764
0.647646
0.332954
0.285632
0.247005
0.323450
0.423236
0.346838
0.321870
0.225423
0.577252
0.438913
0.301140
0.332315
0.289983
0.263319
0.668965
0.329523
0.313168
0.449730
0.505518
0.333686
0.533357
0.648750
0.313970
0.523663
0.386095
0.502405
0.410949
0.435974
0.351822
0.308478
0.296589
0.606149
0.601238
0.336375
0.431137
0.379588
0.535821
0.324071
0.416891
0.521593
0.287224
0.321831
0.604240
0.351634
0.546956
0.458204
0.494909
0.527275
0.363764
0.315907
0.333532
0.383143
0.508339
0.398359
0.365045
0.383332
0.478251
0.339445
0.447897
0.310805
0.458653
0.402399
0.368989
0.320303
0.314677
0.482159
0.381066
0.316367
0.370050
0.329808
0.436471
0.379483
0.388055
0.318121
0.406927
0.356642
0.327098
0.407953
0.412610
0.387721
0.302086
0.432942
0.297877
0.340090
0.457879
0.322116
0.300044
0.439003
0.402546
0.425133
0.474934
0.296829
0.455521
0.495872
0.400877
0.269518
0.398940
0.354079
0.419543
0.499287
0.358725
0.282373
0.329218
0.400534
0.466640
0.459616
0.312209
0.363676
0.302233
0.529560
0.426079
0.389721
0.421089
0.495621
0.370850
0.322480
0.341004
0.328958
0.317609
0.400351
0.286398
0.446627
0.519171
0.400039
0.239763
0.341947
0.460707
0.414956
0.279982
0.463922
0.309386
0.344186
0.362369
0.478139
0.345657
0.378506
0.394707
0.432825
0.460467
0.382281
0.342249
0.435457
0.496340
0.429912
0.424947
0.457990
0.484663
0.419717
0.398680
0.518827
0.440368
0.511742
0.421730
0.537903
0.388029
0.413336
0.412180
0.391369
0.413565
0.393783
0.535516
0.516006
0.427438
0.430818
0.511799
0.464102
0.501790
0.466827
0.469490
0.427824
0.351202
0.343040
0.253550
0.397548
0.382409
0.471137
0.462634
0.491929
0.479013
0.428094
0.397201
0.528180
0.513311
0.262407
0.435113
0.330695
0.439782
0.336702
0.405011
0.492774
0.355295
0.459603
0.461245
0.523809
0.374354
0.316461
0.484093
0.404367
0.314601
0.317531
0.365544
0.439391
0.436069
0.395037
0.472113
0.291525
0.415610
0.537237
0.405573
0.463019
0.389095
0.356981
0.371467
0.476717
0.395578
0.316849
0.321673
0.470613
0.398071
0.406754
0.431402
0.358139
0.368728
0.387398
0.539631
0.391383
0.249119
0.425477
0.348952
0.450493
0.422437
0.393428
0.395523
0.461387
0.414063
0.463388
0.488948
0.340984
0.329463
0.535246
0.411086
0.306954
0.483863
0.435763
0.503699
0.455456
0.463490
0.516291
0.536710
0.492695
0.416045
0.373876
0.505033
0.403226
0.413222
0.408301
0.375903
0.452533
0.478743
0.465143
0.325330
0.402573
0.395939
0.399993
0.316987
0.342928
0.411385
0.488565
0.419243
0.323490
0.542823
0.324227
0.397095
0.452902
0.327773
0.525070
0.472249
0.383755
0.456782
0.506835
0.497262
0.289742
0.484653
0.432841
0.521655
0.475810
0.454148
0.453555
0.301592
0.573094
0.386635
0.454932
0.321656
0.343376
0.283152
0.504053
0.556141
0.301849
0.426546
0.449742
0.490878
0.407051
0.435863
0.272892
0.490524
0.444614
0.378248
0.472194
0.402077
0.444158
0.447513
0.473359
0.360424
0.308309
0.464079
0.553720
0.515707
0.516783
0.404038
0.416324
0.277249
0.316943
0.407792
0.323243
0.534992
0.409858
0.495813
0.410663
0.317632
0.321221
0.472372
0.507099
0.509118
0.390354
0.452968
0.348772
0.551968
0.540960
0.479092
0.493509
0.487878
0.302250
0.429073
0.477623
0.503297
0.407968
0.220186
0.382854
0.453375
0.162339
0.354475
0.403957
0.350784
0.151581
0.257970
0.406810
0.231227
0.186129
0.435817
0.286623
0.335075
0.492224
0.449829
0.470819
0.457537
0.499517
0.186641
0.117880
0.143644
0.409123
0.242365
0.527834
0.179419
0.224541
0.413642
0.443184
0.497500
0.385656
0.406401
0.175364
0.415810
0.261718
0.376163
0.507268
0.462207
0.277276
0.399810
0.512734
0.339973
0.162454
0.318536
0.290385
0.401616
0.413166
0.187006
0.166483
0.441601
0.535252
0.267347
0.269338
0.539054
0.162501
0.231291
0.478712
0.131410
0.505802
0.172717
0.380902
0.235157
0.286095
0.183874
0.454974
0.157403
0.380504
0.202001
0.521789
0.440137
0.270330
0.202647
0.376393
0.156998
0.257886
0.265857
0.167363
0.201232
0.266367
0.280297
0.184041
0.198451
0.201777
0.430536
0.137252
0.422149
0.327944
0.467973
0.462455
0.153697
0.273489
0.265083
0.541768
0.310768
0.296314
0.388624
0.504901
0.516426
0.406263
0.404262
0.338931
0.451631
0.319246
0.378993
0.278794
0.221988
0.286891
0.353372
0.166979
0.381266
0.227586
0.449571
0.253429
0.250496
0.447642
0.414282
0.387218
0.431185
0.283772
0.330105
0.185167
0.437400
0.466844
0.196834
0.474325
0.377464
0.252133
0.429402
0.274221
0.179643
0.284375
0.105949
0.485892
0.440240
0.247059
0.314488
0.412298
0.136300
0.266951
0.344416
0.408061
0.318488
0.178572
0.317859
0.396856
0.426610
0.445047
0.444888
0.390480
0.404023
0.361486
0.275399
0.458331
0.423751
0.388891
0.116035
0.305923
0.430339
0.406100
0.194659
0.182760
0.324608
0.327514
0.385768
0.272568
0.447944
0.420009
0.360492
0.480780
0.412068
0.093362
0.193044
0.386265
0.238621
0.178231
0.415876
0.304550
0.409098
0.472656
0.157663
0.410419
0.204148
0.268865
0.492483
0.401049
0.316019
0.427212
0.154207
0.180980
0.296283
0.456568
0.184797
0.491703
0.152391
0.324133
0.204097
0.162804
0.436300
0.633757
0.646346
0.648734
0.613135
0.634758
0.596270
0.631084
0.614229
0.550546
0.545941
0.608419
0.470034
0.371330
0.561602
0.537412
0.578190
0.474169
0.639218
0.395556
0.628054
0.426134
0.540015
0.475128
0.280554
0.333486
0.674516
0.604820
0.619225
0.404597
0.594476
0.505470
0.569321
0.524743
0.442464
0.379818
0.528446
0.436700
0.552998
0.372879
0.418332
0.451943
0.625444
0.614928
0.596337
0.347526
0.492051
0.457359
0.397585
0.335211
0.636245
0.519792
0.599458
0.533224
0.544509
0.492130
0.618057
0.535176
0.535195
0.303163
0.634897
0.404042
0.445724
0.545294
0.534396
0.392767
0.370283
0.648740
0.305466
0.485552
0.484635
0.632196
0.570578
0.447581
0.568603
0.504427
0.585596
0.319119
0.634731
0.384952
0.405650
0.341013
0.584106
0.624870
0.485130
0.255133
0.480293
0.619106
0.543549
0.484687
0.477988
0.625666
0.520801
0.599432
0.537261
0.509759
0.403659
0.577697
0.420072
0.626057
0.621117
0.364404
0.359487
0.384567
0.371948
0.362920
0.376526
0.392950
0.442795
0.390671
0.443797
0.420981
0.380354
0.447358
0.440820
0.366852
0.334629
0.420762
0.424876
0.415004
0.334375
0.427131
0.399896
0.391735
0.482508
0.481373
0.376145
0.370508
0.428008
0.525948
0.419916
0.293346
0.461212
0.372737
0.373401
0.372747
0.294747
0.385691
0.525059
0.372568
0.460066
0.407337
0.423763
0.510779
0.426137
0.506134
0.531567
0.445104
0.297821
0.414070
0.298768
0.461354
0.513967
0.277877
0.408429
0.362011
0.417503
0.370803
0.277290
0.408426
0.314050
0.375190
0.297292
0.461170
0.398726
0.406139
0.424371
0.447533
0.450922
0.448164
0.375895
0.543510
0.257956
0.277233
0.444309
0.415587
0.293762
0.447084
0.489231
0.270944
0.243787
0.376114
0.370429
0.430334
0.476822
0.338566
0.324002
0.257446
0.380462
0.389988
0.355670
0.404960
0.456505
0.370206
0.433236
0.382143
0.504742
0.316671
0.516243
0.295274
0.416021
0.525970
0.472973
0.460302
0.443280
0.356897
0.584011
0.459340
0.574036
0.430591
0.500473
0.459829
0.574857
0.420089
0.456459
0.495734
0.549206
0.570538
0.468965
0.425792
0.507596
0.539926
0.482760
0.356411
0.318681
0.470022
0.279175
0.318496
0.497530
0.503199
0.268101
0.435367
0.478898
0.448349
0.367323
0.467205
0.400194
0.488906
0.554368
0.439132
0.430255
0.489862
0.532114
0.499611
0.428858
0.346963
0.537298
0.458965
0.481527
0.385896
0.421194
0.285615
0.491893
0.402800
0.429485
0.226474
0.330701
0.369219
0.396112
0.435570
0.347649
0.383942
0.364537
0.249902
0.512945
0.480439
0.375113
0.465613
0.540001
0.425658
0.399912
0.573064
0.305099
0.462928
0.288718
0.232713
0.433238
0.286887
0.282403
0.264475
0.553866
0.553436
0.444356
0.378553
0.456928
0.430264
0.551387
0.417845
0.404208
0.317546
0.459704
0.555322
0.501944
0.387342
0.446218
0.475538
0.450721
0.501115
0.241042
0.499531
0.450938
0.254253
0.321916
0.273303
0.296296
0.282718
0.261841
0.302724
0.367089
0.259990
0.355455
0.403063
0.344718
0.206036
0.316566
0.474402
0.389233
0.313345
0.380065
0.161220
0.350359
0.311841
0.314015
0.346814
0.313609
0.276914
0.258658
0.246833
0.329540
0.393813
0.241942
0.436119
0.173357
0.320800
0.305611
0.478110
0.335011
0.289478
0.312497
0.417701
0.375949
0.215097
0.285098
0.446337
0.255199
0.399913
0.305658
0.300906
0.283739
0.346489
0.405574
0.298866
0.338984
0.275734
0.288346
0.299681
0.270948
0.366587
0.381748
0.258257
0.300667
0.298003
0.460693
0.465487
0.329303
0.436788
0.284323
0.311407
0.307585
0.265492
0.295387
0.358641
0.257337
0.285135
0.224598
0.470000
0.322829
0.303948
0.146876
0.537991
0.214865
0.303673
0.252233
0.311383
0.225138
0.203079
0.190574
0.312335
0.244359
0.269505
0.386237
0.301335
0.259193
0.348190
0.279159
0.472039
0.310480
0.238277
0.267371
0.290898
0.310254
0.433586
0.400335
0.435596
0.391990
0.368333
0.402743
0.365409
0.406496
0.418316
0.491108
0.452823
0.322246
0.424100
0.522827
0.408643
0.467499
0.480227
0.338114
0.409827
0.417321
0.394744
0.484018
0.495231
0.507690
0.401001
0.384546
0.530701
0.409465
0.384492
0.351429
0.491868
0.415968
0.402512
0.387498
0.393625
0.426907
0.448164
0.287966
0.483244
0.349435
0.489692
0.475098
0.406682
0.480712
0.310508
0.420269
0.453635
0.412548
0.342908
0.283787
0.505981
0.480685
0.522912
0.450976
0.430805
0.488871
0.371016
0.319423
0.472175
0.473287
0.323958
0.405145
0.351536
0.409516
0.464847
0.539332
0.532121
0.399373
0.404061
0.249620
0.416986
0.445855
0.385582
0.402521
0.504002
0.294122
0.548054
0.491442
0.482793
0.462365
0.423125
0.250441
0.407121
0.323593
0.255170
0.303655
0.534726
0.423064
0.597998
0.310718
0.423995
0.400125
0.403521
0.373402
0.449859
0.458512
0.446784
0.467926
0.425105
0.387582
0.201653
0.227049
0.259075
0.172667
0.214280
0.161228
0.200439
0.196412
0.256254
0.292482
0.241351
0.352504
0.351549
0.228250
0.294041
0.226517
0.261777
0.254323
0.258677
0.268442
0.290038
0.214807
0.208391
0.248359
0.196695
0.355051
0.290050
0.250937
0.248368
0.196525
0.216426
0.245255
0.251910
0.166344
0.293585
0.361003
0.270541
0.206728
0.268590
0.166579
0.199483
0.249131
0.321919
0.272466
0.197983
0.259405
0.368484
0.197068
0.194146
0.315164
0.261389
0.251399
0.215547
0.145913
0.324298
0.287177
0.245474
0.154789
0.250247
0.241854
0.149018
0.150603
0.307457
0.367527
0.314446
0.248429
0.246376
0.198738
0.237954
0.134530
0.237702
0.173891
0.175529
0.195199
0.284682
0.262631
0.272327
0.217718
0.260922
0.263047
0.312088
0.229654
0.121354
0.268826
0.268519
0.176425
0.336546
0.125327
0.313544
0.223904
0.242889
0.296413
0.150327
0.258904
0.145090
0.153230
0.192006
0.162629
0.150703
0.361961
0.295825
0.336065
0.361552
0.275370
0.334367
0.427853
0.395867
0.200004
0.368764
0.448232
0.444236
0.432382
0.445605
0.413734
0.412357
0.159890
0.405087
0.177327
0.208596
0.306332
0.146926
0.449108
0.503577
0.392198
0.385059
0.468907
0.436258
0.248082
0.487273
0.509763
0.476176
0.392649
0.405964
0.240549
0.437965
0.368395
0.432367
0.439447
0.243997
0.205693
0.290079
0.407437
0.188991
0.477816
0.317852
0.369517
0.360695
0.410847
0.150483
0.325991
0.450975
0.177822
0.318316
0.437298
0.156472
0.432259
0.385385
0.411002
0.490936
0.260740
0.165644
0.449517
0.438870
0.406312
0.416373
0.316009
0.244309
0.212848
0.474029
0.279705
0.431702
0.223923
0.395597
0.326091
0.385939
0.433040
0.313724
0.485287
0.182998
0.176222
0.427229
0.467237
0.436133
0.439608
0.432506
0.393352
0.210423
0.487872
0.393371
0.500687
0.430511
0.510936
0.472455
0.149292
0.403181
0.223061
0.435910
0.211392
0.297997
0.330523
0.353556
0.347605
0.518508
0.383472
0.482186
0.506776
0.367193
0.597348
0.580559
0.354444
0.533541
0.374612
0.397100
0.375023
0.474705
0.378977
0.452077
0.539694
0.358588
0.291956
0.271241
0.355083
0.484201
0.307882
0.378553
0.374297
0.613633
0.393743
0.561888
0.547761
0.623265
0.397530
0.411254
0.430837
0.610525
0.424964
0.412068
0.504153
0.404957
0.610289
0.404248
0.375807
0.507580
0.447844
0.434633
0.407067
0.404065
0.382125
0.425265
0.424016
0.460551
0.429239
0.547263
0.418196
0.336185
0.493000
0.414430
0.610328
0.478440
0.612036
0.416104
0.504460
0.444255
0.440515
0.265378
0.437024
0.392317
0.354060
0.438222
0.385082
0.351393
0.472394
0.326588
0.382569
0.375298
0.424233
0.484496
0.331150
0.410795
0.393043
0.401151
0.435808
0.305695
0.280879
0.633680
0.391022
0.287032
0.355998
0.620353
0.446283
0.415626
0.418061
0.374018
0.358567
0.367885
0.372659
0.350953
0.519433
0.381444
0.636641
0.429677
0.496369
0.414879
0.547727
0.560652
0.322364
0.417559
0.489077
0.582967
0.539984
0.412956
0.528616
0.473918
0.491862
0.380388
0.594409
0.334125
0.322710
0.305279
0.544768
0.460262
0.401490
0.494909
0.308265
0.463479
0.425553
0.308483
0.443565
0.573848
0.513532
0.333600
0.313004
0.471082
0.406316
0.298150
0.312628
0.323587
0.465022
0.441359
0.478901
0.484128
0.472676
0.538568
0.282121
0.531977
0.549060
0.370939
0.357715
0.255997
0.569994
0.481435
0.384380
0.282686
0.506061
0.539689
0.340483
0.259249
0.525530
0.471162
0.498026
0.348837
0.324004
0.227524
0.477311
0.499938
0.444569
0.474340
0.465087
0.321391
0.336527
0.272019
0.508701
0.352398
0.270746
0.399166
0.553015
0.399331
0.489959
0.504833
0.352127
0.456455
0.298214
0.487649
0.529387
0.448995
0.535250
0.505709
0.452418
0.553885
0.534655
0.302290
0.433883
0.454777
0.585064
0.290510
0.392255
0.322747
0.369489
0.410071
0.526748
0.357268
0.349202
0.415562
0.308744
0.313999
0.409172
0.287361
0.371668
0.330698
0.357777
0.387553
0.479519
0.272515
0.294831
0.533297
0.273395
0.552242
0.276686
0.620890
0.265656
0.673588
0.233084
0.413081
0.405594
0.481361
0.339669
0.237191
0.470711
0.435701
0.462526
0.236878
0.492512
0.277954
0.304618
0.329469
0.412604
0.202908
0.489129
0.254835
0.256011
0.473880
0.438044
0.232809
0.231366
0.404388
0.262009
0.473317
0.427436
0.505711
0.250591
0.440545
0.456716
0.265888
0.463451
0.231949
0.436308
0.332116
0.305196
0.490341
0.355113
0.259213
0.392545
0.224586
0.183641
0.421232
0.331688
0.278694
0.239002
0.404175
0.417623
0.646195
0.259423
0.334068
0.662215
0.293949
0.393595
0.245205
0.600430
0.184512
0.189508
0.237654
0.318676
0.330475
0.312033
0.292208
0.491628
0.270336
0.508847
0.302524
0.271035
0.296278
0.416635
0.285832
0.257531
0.450405
0.566636
0.291919
0.206336
0.282376
0.332729
0.292410
0.259067
0.440129
0.373130
0.410806
0.263236
0.246213
0.254512
0.404294
0.229410
0.469646
0.226016
0.335180
0.402738
0.229700
0.484818
0.402650
0.206118
0.235083
0.196869
0.425551
0.395019
0.450680
0.221858
0.216965
0.232872
0.247153
0.201670
0.463798
0.222359
0.279469
0.456812
0.396325
0.413116
0.444634
0.383452
0.302656
0.222474
0.388143
0.350521
0.267365
0.484828
0.216948
0.270425
0.200187
0.420206
0.230016
0.260036
0.439782
0.307870
0.459811
0.362829
0.403681
0.274560
0.404171
0.295540
0.471131
0.291823
0.418146
0.219123
0.473581
0.268140
0.397760
0.385038
0.409812
0.440795
0.302800
0.409142
0.405049
0.348532
0.400694
0.296689
0.408153
0.402510
0.410567
0.195946
0.379769
0.425268
0.229439
0.396321
0.440426
0.233106
0.454131
0.264756
0.499369
0.310657
0.452527
0.216700
0.418169
0.471694
0.204657
0.305145
0.382963
0.463241
0.222708
0.219082
0.243133
0.420760
0.228046
0.196607
0.329452
0.330984
0.298696
0.339314
0.347529
0.361134
0.364401
0.320835
0.355883
0.289202
0.455615
0.382984
0.294009
0.323638
0.338745
0.365098
0.330642
0.421235
0.499411
0.529160
0.314238
0.247974
0.301546
0.298026
0.336018
0.539630
0.279898
0.270318
0.283249
0.310090
0.304051
0.538453
0.526106
0.521528
0.530079
0.310273
0.280214
0.235325
0.513054
0.276638
0.542639
0.327983
0.207813
0.376170
0.542535
0.321369
0.310011
0.327125
0.328049
0.382853
0.447070
0.331975
0.529768
0.207764
0.325567
0.274899
0.491661
0.175155
0.456457
0.512034
0.329734
0.278401
0.527945
0.346703
0.451085
0.401375
0.362542
0.430728
0.294980
0.451493
0.391764
0.253889
0.249098
0.290919
0.269235
0.346120
0.364746
0.482247
0.292999
0.343363
0.250299
0.268537
0.477934
0.435773
0.389244
0.350371
0.289807
0.286697
0.279563
0.332013
0.515470
0.440445
0.403175
0.292008
0.222448
0.305969
0.394225
0.338977
0.327871
0.445013
0.499380
0.410635
0.334636
0.448147
0.530614
0.414233
0.359347
0.410786
0.321970
0.332499
0.369749
0.545385
0.497069
0.447046
0.435433
0.454280
0.393874
0.419038
0.379237
0.541871
0.303015
0.492223
0.349915
0.483165
0.511098
0.526242
0.495098
0.435730
0.317299
0.312849
0.401698
0.553695
0.479538
0.461944
0.411178
0.503029
0.473188
0.331604
0.312585
0.367160
0.496371
0.493752
0.485827
0.573571
0.520906
0.440071
0.286356
0.288324
0.229036
0.421064
0.327510
0.293415
0.514408
0.411760
0.492241
0.501064
0.279929
0.469286
0.403531
0.516703
0.536060
0.549181
0.450900
0.537877
0.382114
0.549723
0.484168
0.398887
0.370071
0.551241
0.377629
0.441972
0.434106
0.447262
0.465237
0.428897
0.577331
0.305736
0.293341
0.500094
0.312138
0.490163
0.567585
0.523156
0.476449
0.260425
0.525079
0.399311
0.496869
0.422736
0.387200
0.332072
0.270466
0.574390
0.506676
0.322784
0.570998
0.323149
0.439531
0.320185
0.541977
0.626772
0.629099
0.628223
0.466580
0.442500
0.604427
0.648578
0.398120
0.622257
0.608527
0.537505
0.377374
0.519725
0.678077
0.639695
0.595872
0.590913
0.591376
0.496435
0.520210
0.606139
0.578399
0.564358
0.533159
0.564548
0.546636
0.602586
0.519225
0.507827
0.490995
0.356984
0.274407
0.490481
0.668420
0.496704
0.239112
0.411259
0.481532
0.458492
0.587037
0.511795
0.635565
0.575469
0.646298
0.525217
0.670208
0.561130
0.561150
0.623092
0.604801
0.199533
0.443418
0.640443
0.645048
0.487745
0.546807
0.610399
0.493786
0.549706
0.518863
0.452658
0.378505
0.597548
0.638752
0.601716
0.465704
0.296676
0.451125
0.409447
0.204171
0.136221
0.584178
0.527992
0.331229
0.410090
0.347951
0.584003
0.412846
0.418767
0.494783
0.553141
0.496919
0.470654
0.482365
0.538549
0.474055
0.479439
0.492184
0.482108
0.452269
0.531703
0.429313
0.502786
0.601571
0.578080
0.620124
0.575015
0.637315
0.586655
0.520174
0.601939
0.515527
0.473269
0.643753
0.509457
0.449075
0.647148
0.589697
0.626389
0.494814
0.484537
0.644459
0.479429
0.636018
0.468258
0.447588
0.399986
0.564971
0.440525
0.626929
0.477751
0.479822
0.499277
0.643998
0.481542
0.612869
0.493128
0.657034
0.640893
0.473799
0.550623
0.610893
0.615023
0.498683
0.575350
0.573291
0.424852
0.330055
0.680483
0.473458
0.617105
0.274216
0.505831
0.573366
0.488914
0.401478
0.478431
0.544670
0.491678
0.447361
0.488170
0.418063
0.651178
0.550934
0.643327
0.267843
0.642937
0.600850
0.489989
0.364724
0.291705
0.599002
0.498713
0.570910
0.494649
0.585779
0.468513
0.619495
0.550257
0.508329
0.497287
0.347664
0.486167
0.439234
0.638394
0.605224
0.517677
0.503292
0.485950
0.603470
0.450864
0.443456
0.654397
0.591871
0.478766
0.488483
0.588625
0.518796
0.499496
0.641960
0.491069
0.443047
0.654585
0.488486
0.527038
0.635537
0.519166
0.355269
0.635832
0.409288
0.338643
0.306317
0.451264
0.304406
0.518982
0.496778
0.294876
0.442511
0.483986
0.489518
0.359537
0.539193
0.520479
0.525558
0.413914
0.492304
0.330643
0.309765
0.371516
0.319428
0.305398
0.301501
0.313699
0.412277
0.427410
0.399901
0.360514
0.355390
0.295633
0.471289
0.537887
0.389653
0.429409
0.389183
0.291613
0.376797
0.339481
0.488170
0.336828
0.303116
0.284199
0.256261
0.275070
0.355967
0.359482
0.314241
0.367267
0.379361
0.262974
0.378993
0.286777
0.311474
0.249128
0.385307
0.302840
0.370744
0.248077
0.324145
0.288482
0.476598
0.305404
0.384526
0.275087
0.426581
0.361545
0.474520
0.299926
0.399877
0.352090
0.293640
0.363034
0.265395
0.354997
0.299969
0.263198
0.409241
0.289314
0.452744
0.394859
0.360946
0.285895
0.328141
0.294694
0.488549
0.251759
0.303940
0.456099
0.341667
0.302782
0.401606
0.414398
0.308263
0.347259
0.447809
0.294872
0.350734
0.290967
0.364030
0.365373
0.503370
0.382019
0.372428
0.548663
0.567387
0.393528
0.581918
0.574889
0.304000
0.622438
0.326666
0.249047
0.194810
0.547658
0.323979
0.231882
0.340249
0.636341
0.506892
0.421189
0.183575
0.591331
0.235536
0.574986
0.359228
0.568420
0.258456
0.626738
0.637074
0.363949
0.247307
0.450475
0.638247
0.505941
0.588563
0.341693
0.620530
0.529868
0.625278
0.387835
0.604603
0.349554
0.191418
0.446071
0.409142
0.598775
0.560429
0.438944
0.557820
0.495036
0.393936
0.459574
0.302253
0.402959
0.634110
0.450168
0.553418
0.652890
0.252974
0.626834
0.596209
0.621778
0.319668
0.442305
0.432397
0.645731
0.270988
0.573077
0.238785
0.482860
0.530886
0.631922
0.651800
0.405928
0.208379
0.450869
0.562407
0.191651
0.650467
0.580399
0.624849
0.518305
0.424720
0.594200
0.607841
0.390511
0.617251
0.410853
0.637423
0.600866
0.516951
0.389178
0.541074
0.647363
0.542586
0.597574
0.482237
0.449234
0.370758
0.444582
0.421005
0.475349
0.517532
0.488780
0.435098
0.395689
0.480431
0.419724
0.353667
0.437191
0.345281
0.350335
0.437766
0.365985
0.425401
0.425638
0.366964
0.369173
0.387770
0.520251
0.541222
0.535451
0.375664
0.339793
0.394574
0.497265
0.299244
0.367807
0.424708
0.496127
0.375956
0.312991
0.367734
0.466102
0.441699
0.369501
0.477534
0.383658
0.428458
0.460388
0.458940
0.438372
0.314971
0.215319
0.420770
0.329734
0.389814
0.503998
0.431758
0.485686
0.273886
0.299599
0.397178
0.373757
0.384395
0.540796
0.378952
0.302471
0.430538
0.535456
0.309625
0.245488
0.476742
0.395078
0.442001
0.303404
0.438771
0.408347
0.338334
0.532636
0.392504
0.389589
0.305345
0.410637
0.463366
0.433876
0.394590
0.375003
0.270661
0.378886
0.435512
0.354404
0.335354
0.321778
0.339020
0.416380
0.519973
0.428845
0.418083
0.437458
0.394431
0.397486
0.367428
0.440340
0.403873
0.334960
0.446938
0.449667
0.406797
0.423717
0.324038
0.417101
0.303214
0.300637
0.467674
0.317272
0.413065
0.474958
0.539780
0.366241
0.536643
0.282363
0.467741
0.345308
0.381594
0.417843
0.268790
0.384389
0.337734
0.381289
0.316690
0.365366
0.309614
0.250163
0.415080
0.488328
0.213549
0.324358
0.440879
0.438127
0.368682
0.325563
0.499227
0.411451
0.226137
0.379433
0.493350
0.188959
0.186292
0.181232
0.410026
0.350293
0.522568
0.526720
0.540383
0.411138
0.399410
0.200655
0.468474
0.357310
0.308282
0.280143
0.446658
0.400676
0.404011
0.480177
0.374838
0.269578
0.283511
0.187700
0.398336
0.194519
0.449472
0.262047
0.226535
0.394566
0.386304
0.194798
0.279413
0.300910
0.450973
0.339426
0.400403
0.338167
0.399538
0.403160
0.485775
0.373002
0.243133
0.376300
0.300646
0.465318
0.321380
0.429194
0.409115
0.353214
0.527858
0.328402
0.332831
0.361150
0.368244
0.234308
0.470063
0.523407
0.397029
0.239081
0.386442
0.514444
0.528828
0.274730
0.528354
0.544056
0.535498
0.436208
0.454693
0.546412
0.449549
0.532431
0.493094
0.529529
0.574089
0.395328
0.429897
0.528535
0.494981
0.437673
0.456432
0.455890
0.453482
0.376184
0.452227
0.558013
0.501105
0.450112
0.380566
0.454657
0.420370
0.503776
0.472886
0.527197
0.352771
0.474485
0.491733
0.433968
0.390649
0.507005
0.388694
0.388762
0.324013
0.291042
0.437326
0.432225
0.544900
0.431640
0.469403
0.387246
0.562776
0.426263
0.413735
0.448655
0.383699
0.365316
0.554618
0.548630
0.441131
0.546692
0.448393
0.561378
0.353575
0.364582
0.530303
0.398988
0.485941
0.510617
0.342533
0.447522
0.416841
0.527013
0.540258
0.398873
0.458172
0.459802
0.540198
0.345533
0.494381
0.492942
0.348940
0.366854
0.502380
0.493628
0.533558
0.401607
0.504895
0.360522
0.411822
0.330381
0.413468
0.349131
0.548260
0.495216
0.446894
0.388653
0.515673
0.353981
0.355552
0.479739
0.445757
0.353518
0.441918
0.461328
0.394044
0.358127
0.353794
0.353256
0.474682
0.277159
0.460054
0.233567
0.380004
0.532653
0.255217
0.299210
0.534679
0.318318
0.506297
0.456382
0.227181
0.253100
0.485029
0.221657
0.262123
0.263407
0.496888
0.449520
0.288212
0.547611
0.429877
0.318941
0.381932
0.220165
0.445985
0.411156
0.461865
0.301754
0.566138
0.216409
0.423934
0.480346
0.506213
0.521028
0.272266
0.552373
0.520178
0.240320
0.421601
0.379491
0.267581
0.392317
0.195889
0.564707
0.456480
0.459343
0.209135
0.239547
0.247811
0.433239
0.369423
0.245216
0.413972
0.217932
0.398199
0.205125
0.416550
0.483777
0.273826
0.488852
0.410325
0.537203
0.228063
0.396321
0.527318
0.495680
0.238970
0.289070
0.443679
0.395569
0.494993
0.294629
0.247244
0.350580
0.424125
0.459287
0.300310
0.451146
0.530916
0.530721
0.466372
0.507695
0.358030
0.501109
0.465683
0.516941
0.254997
0.283978
0.372256
0.537321
0.326179
0.516687
0.533008
0.249367
0.349006
0.337782
0.369815
0.308124
0.413793
0.311283
0.345142
0.384145
0.304799
0.372743
0.376864
0.414152
0.383380
0.435914
0.362375
0.463931
0.504267
0.289010
0.440387
0.384553
0.525260
0.531710
0.508353
0.261539
0.520771
0.413511
0.400262
0.324115
0.312495
0.519373
0.369612
0.284042
0.464650
0.290335
0.503632
0.445064
0.435546
0.326828
0.373612
0.381443
0.373572
0.370070
0.347876
0.407057
0.301364
0.410352
0.366759
0.386794
0.302754
0.301841
0.492314
0.448857
0.519032
0.460964
0.388408
0.394253
0.235391
0.281976
0.477096
0.368780
0.399155
0.539850
0.476378
0.301610
0.384786
0.403710
0.452472
0.375040
0.332494
0.376669
0.362939
0.371996
0.342678
0.396706
0.291969
0.407309
0.333453
0.543142
0.336297
0.366813
0.466187
0.340117
0.344802
0.454874
0.298860
0.365233
0.385329
0.407979
0.228973
0.505544
0.388830
0.464120
0.377972
0.341319
0.505693
0.441899
0.255298
0.353147
0.363585
0.390762
0.386587
0.356095
0.371967
0.403116
0.389295
0.320927
0.337175
0.413505
0.383673
0.418664
0.412633
0.219471
0.404908
0.326863
0.432964
0.453582
0.370269
0.186595
0.376163
0.350631
0.150704
0.504875
0.500000
0.345458
0.372626
0.286357
0.393719
0.419434
0.300080
0.299921
0.379078
0.411230
0.446158
0.429555
0.474600
0.416105
0.377479
0.522460
0.411519
0.430943
0.457925
0.474650
0.315084
0.323067
0.407815
0.144903
0.363376
0.402027
0.478627
0.254906
0.380203
0.429776
0.377265
0.373866
0.282152
0.381345
0.286327
0.416460
0.412036
0.340423
0.364175
0.392126
0.150715
0.367178
0.233025
0.311775
0.343646
0.440680
0.358381
0.439805
0.368794
0.232476
0.402300
0.212066
0.382372
0.495347
0.195105
0.454535
0.463322
0.352237
0.315595
0.424100
0.222763
0.413527
0.430111
0.362865
0.505959
0.225691
0.294075
0.381070
0.302549
0.389718
0.148111
0.410045
0.357563
0.390472
0.328166
0.274646
0.325252
0.444324
0.459751
0.461191
0.396624
0.434901
0.356304
0.434093
0.374454
0.414639
0.357972
0.418372
0.396921
0.383020
0.413860
0.387257
0.358578
0.409964
0.412584
0.369142
0.302874
0.362016
0.388654
0.343234
0.331237
0.344563
0.292694
0.383555
0.237541
0.381322
0.410789
0.389558
0.374518
0.280626
0.404074
0.363373
0.439498
0.309459
0.357639
0.342358
0.410645
0.264270
0.363507
0.377360
0.389733
0.467653
0.441002
0.263417
0.401251
0.389023
0.371494
0.397351
0.396560
0.402628
0.443396
0.501631
0.384343
0.435583
0.210001
0.399759
0.289365
0.375995
0.373912
0.372033
0.366107
0.401575
0.409654
0.513531
0.375768
0.451584
0.247983
0.310811
0.346626
0.168354
0.360025
0.379431
0.364398
0.425777
0.385849
0.413081
0.231091
0.293588
0.423516
0.433514
0.427491
0.397104
0.405710
0.400834
0.392250
0.453662
0.369026
0.344223
0.429944
0.519122
0.537662
0.375900
0.422553
0.412581
0.452344
0.176297
0.204513
0.384182
0.253833
0.243578
0.274674
0.350171
0.270353
0.321248
0.278458
0.207882
0.194173
0.241965
0.226666
0.196860
0.313588
0.283546
0.216026
0.311213
0.381881
0.296596
0.242376
0.291844
0.258770
0.208743
0.296987
0.386880
0.206774
0.213802
0.212232
0.416077
0.250386
0.196648
0.260124
0.312984
0.269232
0.266967
0.206079
0.312665
0.205046
0.221685
0.233169
0.172589
0.167723
0.147370
0.268301
0.224341
0.427783
0.283018
0.320780
0.346514
0.194096
0.282438
0.251515
0.225802
0.284948
0.216707
0.159581
0.213470
0.198580
0.300735
0.247655
0.453955
0.353414
0.447120
0.275268
0.275301
0.402038
0.193888
0.253522
0.367061
0.195690
0.432394
0.240523
0.209095
0.262558
0.167763
0.458135
0.387989
0.283120
0.471662
0.229911
0.229629
0.227648
0.329035
0.438446
0.219200
0.278346
0.272559
0.195840
0.480463
0.302092
0.207423
0.218567
0.224678
0.235732
0.330136
0.170209
0.394397
0.255865
0.398250
0.219623
0.282384
0.282931
0.255557
0.168337
0.176596
0.211225
0.230946
0.159410
0.217148
0.246420
0.274197
0.191534
0.175063
0.200605
0.233734
0.278284
0.348517
0.253370
0.262758
0.379262
0.285112
0.170932
0.350428
0.178531
0.343934
0.376702
0.238431
0.211578
0.251234
0.186950
0.165569
0.244237
0.199289
0.223934
0.173420
0.194680
0.234872
0.211260
0.309030
0.275058
0.320061
0.144136
0.289130
0.197219
0.358715
0.217917
0.310178
0.296303
0.301256
0.227527
0.171854
0.277871
0.306852
0.237153
0.195242
0.265233
0.227859
0.173878
0.305008
0.173331
0.184020
0.175378
0.162185
0.281762
0.175107
0.250180
0.204154
0.232738
0.167644
0.360955
0.274278
0.288232
0.244459
0.222292
0.235432
0.236043
0.256316
0.261707
0.150805
0.195674
0.259965
0.301638
0.256487
0.145144
0.286121
0.342081
0.154285
0.342013
0.268467
0.314797
0.212800
0.251543
0.179446
0.155363
0.330307
0.233690
0.327606
0.225432
0.163019
0.228664
0.276184
0.393920
0.377608
0.427459
0.357846
0.372575
0.445014
0.383701
0.423713
0.426037
0.413975
0.477219
0.391657
0.391573
0.361027
0.354164
0.378050
0.298146
0.379167
0.425829
0.501135
0.420170
0.346481
0.403714
0.456179
0.470528
0.409165
0.525293
0.295715
0.389068
0.322303
0.459623
0.431982
0.228941
0.492470
0.492114
0.396966
0.275642
0.390809
0.389523
0.182452
0.529045
0.376889
0.599775
0.387165
0.461607
0.314395
0.401422
0.386264
0.212131
0.401486
0.405518
0.239893
0.365648
0.346482
0.450747
0.540725
0.367404
0.357189
0.419289
0.299363
0.409269
0.359505
0.569276
0.332592
0.471824
0.352562
0.380819
0.416516
0.394129
0.309126
0.234220
0.591573
0.415489
0.613099
0.410239
0.620277
0.421107
0.393725
0.362480
0.586292
0.395947
0.404183
0.287558
0.391460
0.446337
0.213264
0.576398
0.396250
0.586714
0.442772
0.423757
0.352104
0.383058
0.399484
0.486924
0.434842
0.596443
0.374816
0.447616
0.425738
0.514288
0.477379
0.605813
0.620285
0.456746
0.364055
0.618640
0.422055
0.626822
0.309376
0.631062
0.295646
0.316288
0.501164
0.484634
0.631530
0.280832
0.591969
0.659930
0.331649
0.588485
0.337617
0.350158
0.328098
0.359159
0.639966
0.346815
0.605971
0.621565
0.317451
0.589161
0.591131
0.679810
0.445719
0.392245
0.646440
0.358019
0.533090
0.629041
0.273704
0.623800
0.371837
0.396406
0.545141
0.654468
0.604326
0.579353
0.402150
0.332379
0.538201
0.530919
0.280679
0.365702
0.639602
0.396197
0.544410
0.473101
0.394862
0.528989
0.642008
0.375478
0.662172
0.603853
0.550843
0.551718
0.587571
0.557660
0.288833
0.472909
0.391984
0.335630
0.392422
0.452661
0.397242
0.663567
0.371819
0.630603
0.566995
0.633749
0.606102
0.445285
0.364523
0.513061
0.586457
0.579198
0.472885
0.283341
0.632397
0.582278
0.421343
0.495732
0.397028
0.582697
0.619065
0.652902
0.580400
0.404918
0.375108
0.372952
0.356940
0.308647
0.241204
0.370702
0.289375
0.354206
0.325986
0.232786
0.442878
0.427073
0.514678
0.361369
0.206891
0.432663
0.486683
0.449631
0.203886
0.210514
0.385488
0.355468
0.417361
0.325815
0.271374
0.348713
0.387870
0.243928
0.371169
0.473894
0.407543
0.326225
0.497707
0.290293
0.541682
0.188758
0.362493
0.428502
0.483710
0.445578
0.438460
0.217844
0.233920
0.215448
0.331199
0.349725
0.280274
0.522803
0.505645
0.156696
0.564338
0.293846
0.181754
0.458649
0.182542
0.444324
0.412653
0.511739
0.412792
0.291538
0.452296
0.437139
0.271211
0.406665
0.272207
0.459798
0.220161
0.196009
0.266754
0.281993
0.216741
0.415755
0.224454
0.511541
0.235739
0.445558
0.590897
0.443416
0.463754
0.495623
0.516832
0.255152
0.256324
0.396638
0.200567
0.259325
0.393228
0.530462
0.469951
0.484119
0.518707
0.157989
0.409937
0.596974
0.419211
0.533984
0.514799
0.234898
0.549251
0.450281
0.340078
0.499047
0.376726
0.133103
0.156922
0.129179
0.191311
0.149091
0.132607
0.133133
0.185072
0.150952
0.209754
0.183711
0.165217
0.200483
0.217370
0.167768
0.182085
0.183569
0.180208
0.183887
0.232952
0.197142
0.171918
0.128858
0.229103
0.180418
0.189919
0.142741
0.222880
0.185232
0.201242
0.161225
0.226909
0.149563
0.154539
0.192802
0.158657
0.159219
0.190493
0.140495
0.215642
0.223614
0.152537
0.226632
0.224772
0.224153
0.166492
0.194623
0.120703
0.122886
0.151757
0.160868
0.135668
0.177936
0.250420
0.151456
0.125178
0.238330
0.183736
0.163166
0.214584
0.212178
0.254345
0.152480
0.132944
0.135450
0.151443
0.170091
0.207763
0.134433
0.267557
0.191502
0.217369
0.182499
0.151235
0.192519
0.263358
0.225308
0.157880
0.231967
0.219056
0.168919
0.226185
0.183088
0.186567
0.188192
0.250791
0.248443
0.133777
0.125029
0.208950
0.217325
0.208886
0.171927
0.222467
0.134499
0.223652
0.202240
0.218281
0.162926
0.188990
0.146852
0.159085
0.176306
0.157363
0.176581
0.149912
0.184773
0.156986
0.200279
0.190164
0.158269
0.184413
0.175569
0.195089
0.190977
0.149565
0.227493
0.180746
0.209263
0.232656
0.202251
0.168776
0.210558
0.240124
0.217724
0.289315
0.186222
0.260090
0.206122
0.209713
0.248061
0.200150
0.186238
0.186348
0.196808
0.232376
0.206414
0.181705
0.141613
0.132172
0.217417
0.241417
0.218064
0.227485
0.203376
0.277200
0.264246
0.173293
0.249546
0.240921
0.238444
0.211701
0.154138
0.208089
0.162856
0.196947
0.199545
0.280710
0.158966
0.191593
0.212630
0.219071
0.204919
0.225065
0.236899
0.133946
0.251241
0.248179
0.195315
0.209240
0.213503
0.194687
0.181277
0.273685
0.247933
0.212522
0.259462
0.241045
0.257261
0.178103
0.251907
0.244689
0.322580
0.311686
0.165131
0.332153
0.244975
0.237757
0.324085
0.194878
0.198522
0.173007
0.206124
0.206782
0.201368
0.233553
0.276835
0.281098
0.178082
0.169415
0.309182
0.305600
0.237057
0.266182
0.263153
0.254052
0.334898
0.431524
0.226699
0.401392
0.351685
0.295054
0.260995
0.266589
0.209825
0.283647
0.307636
0.263716
0.252068
0.255620
0.271023
0.230722
0.281397
0.263459
0.239414
0.208768
0.425696
0.270957
0.249921
0.240369
0.237689
0.261735
0.289909
0.319904
0.257589
0.218056
0.218566
0.207620
0.295631
0.210194
0.385033
0.234593
0.228500
0.454766
0.230756
0.312368
0.303170
0.226450
0.434218
0.272861
0.244243
0.210901
0.257816
0.176246
0.248044
0.235642
0.342250
0.261809
0.448649
0.266967
0.233963
0.250040
0.257292
0.450122
0.271601
0.243901
0.279537
0.208066
0.235963
0.414611
0.229791
0.273997
0.220704
0.236542
0.197580
0.215338
0.235941
0.215550
0.245709
0.247961
0.241899
0.256857
0.206736
0.443006
0.305976
0.229812
0.367741
0.249283
0.245583
0.406978
0.196187
0.306703
0.196342
0.368608
0.316044
0.254411
0.340807
0.454382
0.200682
0.223107
0.305785
0.334341
0.339324
0.261629
0.348994
0.291057
0.419119
0.287994
0.356920
0.312179
0.224071
0.416370
0.493488
0.356985
0.436506
0.381350
0.540238
0.297972
0.298188
0.386629
0.314062
0.551642
0.309307
0.436115
0.368990
0.441274
0.432063
0.367596
0.311775
0.326701
0.535511
0.413258
0.304517
0.221368
0.443388
0.391998
0.379701
0.325540
0.394715
0.427352
0.310469
0.330757
0.287453
0.494379
0.429166
0.390268
0.356217
0.315043
0.356893
0.430028
0.400570
0.448599
0.405306
0.413797
0.328896
0.423561
0.338654
0.294168
0.303871
0.414051
0.402225
0.317343
0.365773
0.305851
0.351174
0.392647
0.315742
0.366017
0.250390
0.408186
0.325230
0.364808
0.552433
0.385339
0.511186
0.431153
0.272294
0.492037
0.279679
0.313369
0.279078
0.505609
0.238515
0.364760
0.505650
0.360152
0.264094
0.396257
0.295378
0.493537
0.304062
0.415644
0.448010
0.421825
0.331512
0.412807
0.314413
0.396841
0.429297
0.297528
0.511651
0.373308
0.540874
0.334831
0.491922
0.297132
0.331438
0.452641
0.427502
0.356463
0.352510
0.284332
0.508709
0.327476
0.420867
0.351159
0.374845
0.440879
0.293528
0.410657
0.429243
0.362900
0.305468
0.258195
0.319117
0.489489
0.340507
0.440677
0.304510
0.329236
0.392885
0.286607
0.378011
0.384713
0.412955
0.344025
0.258393
0.431983
0.509514
0.351241
0.387384
0.387856
0.365666
0.359177
0.336736
0.437906
0.321113
0.359419
0.342037
0.409913
0.269812
0.311201
0.315320
0.410027
0.389275
0.412516
0.479809
0.284418
0.324206
0.417391
0.526881
0.379098
0.496745
0.415321
0.345263
0.245234
0.401974
0.390921
0.354661
0.376235
0.445025
0.400923
0.363637
0.334950
0.408729
0.343997
0.341608
0.540506
0.425969
0.423915
0.350248
0.375848
0.364374
0.427762
0.416076
0.366022
0.453161
0.437927
0.393815
0.437407
0.272269
0.328779
0.394303
0.387800
0.282423
0.420003
0.422705
0.288933
0.375002
0.402015
0.466423
0.507985
0.395922
0.517204
0.321689
0.464357
0.463980
0.397468
0.287626
0.321876
0.424873
0.306590
0.445469
0.447857
0.415869
0.345432
0.416033
0.296347
0.308742
0.275637
0.342481
0.427707
0.282789
0.317153
0.286855
0.402845
0.308778
0.498842
0.226197
0.399963
0.420684
0.477474
0.361977
0.379793
0.378178
0.499152
0.248475
0.444945
0.426805
0.506098
0.429828
0.264402
0.421670
0.418574
0.287874
0.419155
0.218039
0.233540
0.297952
0.355066
0.213835
0.467101
0.173609
0.405086
0.223876
0.359822
0.394589
0.368294
0.480194
0.316483
0.278812
0.241266
0.462041
0.485004
0.263917
0.521743
0.425915
0.399637
0.334577
0.261435
0.353731
0.186625
0.459864
0.343737
0.436581
0.389208
0.371622
0.399788
0.287423
0.401044
0.307298
0.220259
0.371353
0.262766
0.396235
0.312941
0.176101
0.408959
0.292484
0.260553
0.345318
0.316246
0.251205
0.267064
0.391453
0.301645
0.469424
0.259787
0.279401
0.399860
0.249841
0.311579
0.250926
0.212238
0.425174
0.330874
0.392928
0.233997
0.475174
0.485616
0.259938
0.292570
0.440124
0.239320
0.535570
0.422093
0.214821
0.480077
0.287589
0.231615
0.219210
0.531270
0.356979
0.347317
0.489997
0.462110
0.266503
0.527264
0.356707
0.506888
0.514082
0.537412
0.248866
0.557317
0.383937
0.449276
0.213666
0.303873
0.504710
0.557453
0.512654
0.227480
0.560465
0.340539
0.232051
0.488580
0.446524
0.244204
0.313472
0.436139
0.188262
0.309639
0.571208
0.478467
0.499473
0.535566
0.518556
0.571344
0.226761
0.241036
0.199847
0.203627
0.231472
0.404317
0.395995
0.400606
0.341289
0.496706
0.565276
0.184679
0.410611
0.438357
0.389933
0.294247
0.213238
0.358931
0.320894
0.346558
0.467172
0.309754
0.361224
0.232847
0.469848
0.292849
0.405740
0.303616
0.442237
0.227298
0.459315
0.236622
0.569234
0.427397
0.306215
0.207086
0.411092
0.545690
0.249735
0.531401
0.178757
0.269209
0.398357
0.467616
0.404321
0.515802
0.372525
0.357642
0.415265
0.530991
0.474987
0.419978
0.416698
0.481549
0.367036
0.456037
0.500434
0.438197
0.493042
0.443844
0.463320
0.414068
0.353648
0.474795
0.412163
0.498488
0.521456
0.386240
0.514400
0.472726
0.306265
0.376186
0.303437
0.417758
0.455977
0.455733
0.438015
0.402357
0.407991
0.272068
0.379697
0.388994
0.393488
0.368376
0.398733
0.530904
0.454798
0.236209
0.421902
0.265401
0.382828
0.337625
0.399219
0.465868
0.431476
0.393506
0.352937
0.368041
0.510113
0.405087
0.397689
0.394769
0.504455
0.413098
0.492099
0.239011
0.225191
0.410968
0.498817
0.435709
0.424633
0.532782
0.243936
0.347166
0.481217
0.292180
0.443952
0.424765
0.407255
0.447745
0.399747
0.346265
0.432931
0.438061
0.345313
0.389040
0.524897
0.399601
0.509787
0.375399
0.295934
0.260839
0.320435
0.448803
0.488406
0.402873
0.389390
0.427112
0.375910
0.504580
0.399227
0.427407
0.337399
0.275449
0.357969
0.199147
0.196678
0.417253
0.383678
0.443651
0.326084
0.432450
0.156756
0.326537
0.345017
0.258088
0.231562
0.371220
0.183510
0.143893
0.229534
0.164161
0.402342
0.414393
0.141188
0.205060
0.288019
0.401917
0.485195
0.370787
0.098603
0.486990
0.217947
0.262919
0.391270
0.480272
0.361934
0.382621
0.471865
0.178599
0.250293
0.460037
0.289808
0.323896
0.324576
0.354614
0.435871
0.550704
0.475153
0.452181
0.136392
0.159219
0.225875
0.495800
0.183447
0.062382
0.496982
0.481511
0.511851
0.624126
0.128910
0.079114
0.351018
0.594679
0.498212
0.207763
0.220094
0.364076
0.052238
0.224639
0.509336
0.475799
0.229622
0.150180
0.561984
0.526777
0.308434
0.452017
0.649240
0.164085
0.131763
0.153568
0.612041
0.287730
0.226418
0.220886
0.290365
0.289870
0.321457
0.427102
0.078070
0.158276
0.217122
0.341274
0.232870
0.458209
0.214103
0.413736
0.550583
0.154615
0.654022
0.082167
0.441635
0.411843
0.540262
0.519163
0.523417
0.384474
0.482915
0.342477
0.481167
0.424490
0.324373
0.521950
0.490809
0.448174
0.290527
0.503506
0.446671
0.408465
0.408548
0.323067
0.306095
0.268363
0.466868
0.399386
0.243573
0.432150
0.338851
0.419753
0.420186
0.337260
0.313917
0.366648
0.310053
0.453684
0.397608
0.440166
0.366240
0.443987
0.409677
0.407076
0.340047
0.488688
0.377354
0.423420
0.402797
0.457621
0.446789
0.409448
0.488866
0.473195
0.344341
0.380087
0.312431
0.383977
0.339528
0.320449
0.401281
0.456603
0.333768
0.341380
0.423288
0.375683
0.416307
0.381984
0.242803
0.348397
0.511704
0.364313
0.384001
0.463493
0.529498
0.435643
0.336589
0.310917
0.514944
0.543242
0.447590
0.453954
0.411312
0.422598
0.436171
0.297352
0.472760
0.313636
0.442908
0.306756
0.287890
0.311082
0.346600
0.318933
0.398775
0.522552
0.266060
0.337354
0.386961
0.499651
0.374234
0.368773
0.408613
0.366119
0.437089
0.390198
0.382869
0.414893
0.518380
0.397185
0.583579
0.423037
0.575754
0.428450
0.552121
0.406978
0.472003
0.463896
0.454712
0.400867
0.461951
0.388899
0.414773
0.430764
0.437371
0.416785
0.514204
0.515959
0.407024
0.542566
0.408020
0.561743
0.458165
0.421985
0.519638
0.545531
0.484828
0.488216
0.488542
0.394700
0.455456
0.410686
0.408388
0.463411
0.456437
0.476756
0.410312
0.418104
0.407849
0.366327
0.383727
0.414704
0.379914
0.528956
0.289371
0.412615
0.325688
0.473730
0.482200
0.426235
0.444030
0.247804
0.404361
0.438696
0.553491
0.516426
0.491441
0.538504
0.478578
0.354741
0.534955
0.398778
0.266932
0.448001
0.403028
0.374375
0.457785
0.517837
0.404529
0.524087
0.373079
0.348059
0.382466
0.464337
0.334265
0.405351
0.593934
0.582138
0.351149
0.450958
0.443308
0.440510
0.305083
0.481996
0.409334
0.463145
0.404613
0.452694
0.413709
0.393650
0.495409
0.418934
0.452616
0.455087
0.232571
0.265160
0.230840
0.267051
0.249663
0.318591
0.304843
0.319363
0.279104
0.281141
0.280224
0.339371
0.297358
0.332031
0.321361
0.267302
0.324947
0.299042
0.355765
0.325632
0.286363
0.296768
0.297674
0.332894
0.381662
0.386841
0.305400
0.389556
0.318444
0.416192
0.306554
0.353931
0.310999
0.403970
0.313983
0.263527
0.297828
0.299639
0.257207
0.287492
0.397970
0.288662
0.301157
0.311852
0.274609
0.299057
0.305229
0.273310
0.325194
0.371670
0.307706
0.307549
0.280877
0.280462
0.273121
0.308938
0.301061
0.349055
0.455952
0.308684
0.387985
0.361984
0.265584
0.248688
0.263699
0.293740
0.331855
0.299194
0.332097
0.297939
0.352187
0.323997
0.279862
0.290146
0.352444
0.347550
0.343144
0.357038
0.240808
0.304232
0.335220
0.377614
0.398047
0.358432
0.263625
0.278588
0.299899
0.410198
0.301224
0.352378
0.312380
0.381223
0.455225
0.352807
0.273482
0.344750
0.307394
0.291404
0.319521
0.308346
0.486517
0.440802
0.475654
0.450049
0.384878
0.269927
0.463544
0.404428
0.225958
0.393914
0.325777
0.485328
0.488660
0.488704
0.181767
0.129572
0.425707
0.495642
0.264602
0.242616
0.441982
0.286156
0.395344
0.469903
0.287911
0.267504
0.338136
0.471525
0.472989
0.494533
0.198065
0.435224
0.477389
0.383656
0.565204
0.444714
0.203412
0.423111
0.244668
0.437590
0.600967
0.163073
0.315406
0.497815
0.172719
0.507461
0.451877
0.445772
0.435235
0.326275
0.436874
0.164135
0.414134
0.353054
0.374821
0.355187
0.492267
0.273972
0.223795
0.268689
0.457919
0.285462
0.359631
0.373322
0.426303
0.360667
0.441307
0.493521
0.404615
0.205099
0.481606
0.356560
0.242108
0.425148
0.258477
0.474369
0.224644
0.312523
0.318197
0.423370
0.453333
0.312342
0.448575
0.300109
0.415940
0.257029
0.574722
0.430366
0.274259
0.486049
0.227508
0.374883
0.287218
0.434253
0.461871
0.388035
0.271366
0.469349
0.347966
0.268590
0.554207
0.526595
0.554184
0.501572
0.638477
0.621124
0.437144
0.472415
0.548259
0.559299
0.410054
0.579383
0.419760
0.635678
0.605960
0.647634
0.626431
0.597838
0.573868
0.582652
0.639258
0.658630
0.561903
0.636411
0.649613
0.679837
0.459718
0.484115
0.531022
0.539183
0.648591
0.608482
0.516510
0.516044
0.622419
0.497363
0.488051
0.499354
0.405238
0.347080
0.496168
0.633756
0.622578
0.606366
0.437608
0.630346
0.554026
0.578587
0.480140
0.388881
0.477161
0.682670
0.425091
0.617740
0.493861
0.406665
0.542325
0.491204
0.527398
0.480096
0.607917
0.607059
0.530129
0.582776
0.493523
0.585684
0.633726
0.490089
0.545441
0.348258
0.637531
0.460915
0.470972
0.474052
0.604431
0.493421
0.586248
0.403207
0.495544
0.628327
0.565133
0.494275
0.430825
0.552059
0.541817
0.634083
0.339420
0.427650
0.528219
0.518695
0.491930
0.551476
0.623979
0.440331
0.423227
0.640529
0.602660
0.416080
0.419439
0.512604
0.180761
0.200732
0.121359
0.080060
0.219707
0.242535
0.223330
0.070548
0.220068
0.272778
0.055954
0.161645
0.192225
0.224639
0.198738
0.266977
0.198589
0.214139
0.227790
0.215774
0.193695
0.259350
0.275874
0.073938
0.101576
0.204657
0.188048
0.202522
0.243121
0.310194
0.292620
0.127383
0.258351
0.341864
0.163472
0.169687
0.126386
0.051693
0.163862
0.274739
0.113401
0.284415
0.153146
0.267668
0.193222
0.191947
0.302241
0.194803
0.246158
0.281141
0.129504
0.227608
0.256072
0.096425
0.179892
0.288481
0.141407
0.214949
0.195627
0.231174
0.249838
0.169634
0.250543
0.229936
0.123042
0.187697
0.072036
0.348370
0.094758
0.379151
0.195452
0.276991
0.059212
0.216295
0.228777
0.195958
0.250775
0.285751
0.075675
0.168893
0.195161
0.237609
0.198254
0.070706
0.168656
0.362252
0.210154
0.207186
0.141634
0.174607
0.167421
0.229506
0.266638
0.143675
0.229085
0.158057
0.349741
0.325126
0.190847
0.194477
