154
119
171
169
197
112
118
124
147
171
191
197
191
182
162
194
126
185
122
193
178
225
207
198
186
149
193
190
184
123
126
211
204
210
217
210
208
190
184
121
206
175
117
148
116
149
131
213
136
151
174
194
212
136
136
230
117
169
224
230
209
147
139
183
224
190
193
239
134
174
219
145
195
144
213
172
220
171
138
221
154
186
195
189
198
190
161
224
218
246
148
258
119
128
237
192
149
178
222
171
150
173
209
153
189
138
146
191
207
149
172
156
173
199
215
238
226
237
221
193
217
202
113
231
172
242
224
239
186
201
178
206
146
144
202
237
218
233
135
233
112
231
221
189
156
156
138
179
204
188
228
128
185
155
200
148
133
200
169
194
174
