169
158
179
150
196
160
203
195
167
200
171
177
228
199
191
145
180
160
182
161
197
210
171
197
217
192
186
163
201
197
156
201
206
192
214
172
211
207
199
191
198
238
195
224
192
235
207
213
230
235
178
189
206
232
213
224
204
193
214
168
199
265
221
220
217
219
199
235
198
201
180
215
260
198
241
228
210
221
230
263
210
270
301
231
211
246
201
223
230
174
171
208
225
187
216
190
179
229
221
200
252
228
264
204
158
268
228
181
262
245
219
176
184
179
258
233
267
196
252
205
214
197
229
236
207
208
221
243
198
215
199
207
176
227
209
182
221
239
245
243
187
192
159
252
225
234
239
234
158
239
181
227
251
227
275
204
255
223
218
236
230
