0.895873 -0.405502 -0.194886 
0.909439 -0.361557 -0.248596 
0.940908 -0.317033 -0.203570 
0.879080 -0.402673 -0.297461 
0.955173 -0.313351 -0.134411 
0.989207 -0.258455 -0.105635 
1.018305 -0.196820 -0.124464 
0.888763 -0.364421 -0.356138 
0.996032 -0.269046 -0.036056 
0.910641 -0.309662 -0.395161 
0.916646 -0.277108 -0.457644 
0.888169 -0.312947 -0.511539 
0.839899 -0.520958 -0.167848 
0.819091 -0.574453 -0.126553 
0.800661 -0.624990 -0.080658 
0.906834 -0.262109 -0.557004 
1.049335 -0.153676 -0.077819 
0.788479 -0.666947 -0.025059 
0.956600 -0.270126 -0.254101 
0.770058 -0.666833 -0.128747 
0.774272 -0.711796 0.027730 
1.069011 -0.138736 -0.011565 
0.737309 -0.729489 -0.127387 
0.767166 -0.746086 0.089161 
0.769340 -0.765007 0.157258 
0.763567 -0.797194 0.219954 
0.729539 -0.858301 0.209563 
0.708758 -0.765529 -0.181108 
0.675449 -0.827840 -0.183909 
1.076271 -0.093707 -0.103859 
0.706998 -0.913819 0.247108 
0.791536 -0.762703 0.274982 
1.059140 -0.177271 0.046896 
0.935771 -0.200581 -0.576418 
0.698630 -0.950067 0.307242 
0.855619 -0.361157 -0.551742 
0.963889 -0.139643 -0.598688 
0.822448 -0.411774 -0.588316 
0.992600 -0.103173 -0.545344 
0.981117 -0.090672 -0.646700 
0.791433 -0.454867 -0.635018 
0.641345 -0.888692 -0.195482 
0.997163 -0.043284 -0.696669 
1.077608 -0.164920 0.114025 
1.053795 -0.221838 0.148569 
0.762744 -0.795903 0.211524 
0.824096 -0.714455 0.315132 
0.969629 -0.076641 -0.752608 
0.842994 -0.493104 -0.232768 
0.757656 -0.720266 -0.040476 
