-0.870830 0.320373 -0.372849 
-0.951858 0.272325 -0.140736 
-0.911864 0.350329 -0.213947 
-0.841142 0.539562 -0.036773 
-0.701983 0.709146 0.065813 
-0.637816 0.755737 -0.148499 
-0.757475 0.648080 -0.078896 
-0.850054 0.455127 -0.265082 
-0.905198 0.363386 -0.220379 
-0.785722 0.485124 -0.383790 
-0.749367 0.404909 -0.523926 
-0.622797 0.554401 -0.552054 
-0.758925 0.368567 -0.536834 
-0.678814 0.278652 -0.679386 
-0.599238 0.481089 -0.639896 
-0.646673 0.378454 -0.662259 
-0.637013 0.166332 -0.752694 
-0.657570 0.165645 -0.734958 
-0.773190 0.294352 -0.561725 
-0.850557 0.355767 -0.387276 
-0.917511 0.204107 -0.341342 
-0.867547 0.229028 -0.441484 
-0.725206 0.247711 -0.642430 
-0.659997 0.237381 -0.712779 
-0.539882 0.090008 -0.836915 
-0.478029 -0.035389 -0.877631 
-0.553205 -0.315755 -0.770885 
-0.657926 -0.410564 -0.631325 
-0.587531 -0.613378 -0.527801 
-0.579825 -0.763538 -0.284275 
-0.519585 -0.701611 -0.487620 
-0.600193 -0.525423 -0.603075 
-0.608877 -0.424344 -0.670225 
-0.608622 -0.357010 -0.708607 
-0.547586 -0.618850 -0.563181 
-0.545177 -0.526763 -0.652153 
-0.685856 -0.502292 -0.526597 
-0.718979 -0.482696 -0.500075 
-0.877010 -0.320517 -0.357941 
-0.879784 -0.454385 -0.139690 
-0.921808 -0.363600 -0.134407 
-0.895321 -0.320706 -0.309109 
-0.875820 -0.445621 -0.185366 
-0.934497 -0.352491 0.049652 
-0.980539 -0.177160 0.084597 
-0.988864 -0.079195 0.125999 
-0.924464 -0.241775 0.294809 
-0.874266 -0.165745 0.456275 
-0.839358 -0.251258 0.482025 
-0.775833 -0.317138 0.545441 
