-0.469250 0.876275 -0.130181 
-0.203974 1.008026 -0.427510 
-0.408607 0.912305 -0.135103 
-0.187887 1.043445 -0.153018 
-0.388677 0.917959 -0.202711 
-0.320727 0.937235 -0.433210 
-0.568266 0.824611 -0.045719 
-0.919768 0.633945 0.176661 
-0.553081 0.840060 0.021592 
-0.472016 0.922536 0.380921 
-0.505170 0.849528 -0.184902 
-0.656803 0.736622 -0.415904 
-0.558666 0.843302 0.092007 
-0.568064 0.848756 0.210484 
-0.627011 0.791214 -0.024893 
-0.856292 0.660865 0.056392 
-0.550919 0.817904 -0.228570 
-0.661601 0.741394 -0.334217 
-0.514426 0.874208 0.137697 
-0.345553 0.992182 0.312101 
-0.598943 0.824213 0.146901 
-0.797082 0.730304 0.416956 
-0.356267 0.931712 -0.264033 
-0.162561 1.013909 -0.630541 
-0.598895 0.785246 -0.268966 
-0.814993 0.638147 -0.450918 
-0.454080 0.909537 0.127196 
-0.267916 1.018525 0.094804 
-0.368462 0.917971 -0.332316 
-0.381932 0.902793 -0.407732 
-0.658388 0.748471 -0.279367 
-0.673774 0.738960 -0.282057 
-0.355902 0.919005 -0.401894 
-0.327348 0.921355 -0.560065 
-0.639922 0.753198 -0.347460 
-0.586967 0.766754 -0.542733 
-0.508908 0.838202 -0.281702 
-0.508330 0.838481 -0.282433 
-0.645608 0.800594 0.194489 
-0.838214 0.703110 0.390901 
-0.503929 0.886972 0.206449 
-0.481993 0.913645 0.350132 
-0.636761 0.748491 -0.417943 
-0.636184 0.747631 -0.430813 
-0.706244 0.764250 0.196024 
-0.880839 0.659601 0.200444 
-0.378386 0.899461 -0.466023 
-0.407403 0.874240 -0.548782 
-0.432577 0.870102 -0.431362 
-0.457544 0.856575 -0.415392 
-0.697091 0.711818 -0.421872 
-0.817685 0.638514 -0.429726 
-0.686405 0.757125 -0.007277 
-0.784079 0.701065 0.021692 
-0.692916 0.733302 -0.219553 
-0.718783 0.721939 -0.174741 
-0.470948 0.912185 0.263690 
-0.421252 0.950178 0.349941 
-0.710166 0.768498 0.266498 
-0.718206 0.777205 0.410949 
-0.764658 0.738893 0.300472 
-0.900981 0.664830 0.385467 
-0.411576 0.948953 0.274782 
-0.111057 1.135057 0.330923 
-0.705074 0.739707 -0.073217 
-0.706807 0.738091 -0.079338 
-0.618295 0.789880 -0.095052 
-0.616285 0.789572 -0.111234 
-0.820837 0.702892 0.277065 
-0.912377 0.644231 0.238926 
-0.498848 0.901404 0.327763 
-0.504066 0.899388 0.339745 
-0.321899 0.930751 -0.494835 
-0.148432 1.026839 -0.583314 
-0.756205 0.678036 -0.402785 
-0.772073 0.668968 -0.397661 
-0.763506 0.703081 -0.088844 
-0.841471 0.654209 -0.109696 
-0.306652 0.965105 -0.226307 
-0.276250 0.985568 -0.203189 
-0.639364 0.771121 -0.159891 
-0.639991 0.770563 -0.161821 
-0.272825 0.963904 -0.456201 
-0.258507 0.973577 -0.444929 
-0.788030 0.664672 -0.341071 
-0.800423 0.659468 -0.317041 
-0.807653 0.643850 -0.437199 
-0.899349 0.582920 -0.498537 
-0.393619 0.945072 0.118152 
-0.266068 1.020037 0.099071 
-0.342947 0.971670 0.076620 
-0.239149 1.026154 -0.008453 
-0.835580 0.640407 -0.294700 
-0.927376 0.593562 -0.205181 
-0.335137 0.969782 0.006368 
-0.332919 0.969246 -0.013584 
-0.246083 1.000880 -0.233488 
-0.139181 1.064021 -0.246161 
-0.225920 0.987698 -0.503463 
-0.144127 1.029189 -0.585879 
-0.612789 0.756726 -0.483954 
-0.585556 0.766082 -0.558944 
-0.812423 0.677804 -0.044479 
-0.913542 0.625555 0.047230 
-0.358973 0.971157 0.174001 
-0.350445 0.977578 0.187749 
-0.848729 0.692116 0.341142 
-0.876024 0.681571 0.403844 
-0.865359 0.671851 0.231742 
-0.895706 0.650692 0.200848 
-0.866407 0.607162 -0.451411 
-0.960447 0.548440 -0.474158 
-0.438344 0.860090 -0.501122 
-0.440399 0.856521 -0.525989 
-0.283133 0.997405 -0.032781 
-0.267347 1.005790 -0.044666 
-0.174139 1.022024 -0.469693 
-0.134970 1.047990 -0.444147 
-0.820274 0.655925 -0.227433 
-0.811557 0.664763 -0.189119 
-0.302954 1.007105 0.197869 
-0.137438 1.113318 0.268387 
-0.581965 0.785822 -0.371473 
-0.564597 0.795599 -0.378669 
-0.191573 1.002745 -0.563412 
-0.161411 1.015959 -0.616057 
-0.528823 0.889264 0.390645 
-0.545121 0.882662 0.424836 
-0.890293 0.604920 -0.322035 
-0.892589 0.603430 -0.323182 
