-0.842124 -0.533875 0.076187 
-0.877739 -0.474658 0.065376 
-0.761450 -0.644179 0.072303 
-0.897638 -0.440657 0.008255 
-0.919104 -0.392532 -0.034141 
-0.881692 -0.468806 -0.053296 
-0.942027 -0.335420 -0.008834 
-0.751056 -0.660223 0.004566 
-0.940691 -0.334136 0.058767 
-0.738715 -0.660000 0.136751 
-0.710197 -0.703309 -0.031254 
-0.732807 -0.648798 0.205073 
-0.688271 -0.683714 0.242526 
-0.705642 -0.701494 -0.099879 
-0.699456 -0.694976 -0.166640 
-0.947010 -0.313338 -0.070647 
-0.680446 -0.732393 0.024349 
-0.652794 -0.697297 0.296035 
-0.963191 -0.255411 -0.083837 
-0.702445 -0.673808 -0.229246 
-0.875733 -0.467252 -0.121526 
-0.845091 -0.507587 -0.167863 
-0.630640 -0.775047 0.039947 
-0.977574 -0.198856 -0.069327 
-0.677615 -0.652401 0.339428 
-0.864260 -0.458309 -0.207382 
-0.596870 -0.802272 -0.010269 
-0.612124 -0.743330 0.269749 
-0.681163 -0.617249 0.393726 
-0.849841 -0.452937 -0.269477 
-0.984060 -0.177557 -0.009999 
-0.991851 -0.126547 0.014714 
-0.805527 -0.592405 -0.013526 
-0.563467 -0.784208 0.259853 
-0.545132 -0.838256 -0.012577 
-0.817907 -0.479023 -0.318692 
-0.948980 -0.281671 -0.141765 
-0.779890 -0.516133 -0.354087 
-0.961515 -0.225985 -0.156269 
-0.740420 -0.566366 -0.361950 
-0.929658 -0.346775 0.124428 
-0.932188 -0.313484 0.180976 
-0.832528 -0.542666 -0.111406 
-0.634556 -0.661786 0.399222 
-0.656979 -0.745193 -0.114306 
-0.772166 -0.594581 0.224129 
-0.785410 -0.553431 0.277210 
-0.788973 -0.516715 0.332456 
-0.709489 -0.572999 -0.410240 
-0.909599 -0.340741 0.237751 
-0.995725 -0.088667 -0.025901 
-0.670803 -0.621781 -0.404243 
-0.543108 -0.837962 0.053414 
-0.773153 -0.498885 0.391597 
-0.632223 -0.637338 -0.440562 
-0.983811 -0.150592 -0.097148 
-0.679954 -0.582459 0.445426 
-0.685056 -0.706432 0.177910 
-0.747591 -0.624348 -0.226489 
-0.665700 -0.655965 -0.355743 
-0.570314 -0.797643 0.196233 
-0.715797 -0.635539 0.289353 
-0.559276 -0.825512 -0.075767 
-0.794235 -0.443333 0.415507 
-0.641519 -0.751929 0.151842 
-0.823098 -0.439694 0.359416 
-0.828564 -0.507314 -0.236885 
-0.655618 -0.712114 -0.251113 
-0.493659 -0.869593 -0.010408 
-0.903221 -0.399677 0.156365 
