0.017032 0.694428 0.719361 
0.010440 0.592236 0.805697 
-0.052802 0.698955 0.713213 
0.015537 0.743000 0.669111 
-0.121637 0.689504 0.713995 
0.106189 0.637080 0.763448 
-0.057548 0.577370 0.814452 
0.172108 0.647362 0.742497 
0.050639 0.544260 0.837387 
0.235644 0.621435 0.747188 
0.090682 0.494778 0.864275 
0.243061 0.566101 0.787687 
0.299264 0.618221 0.726804 
-0.073819 0.520671 0.850560 
-0.038721 0.470304 0.881655 
0.157716 0.698984 0.697529 
-0.181740 0.659987 0.728963 
0.015563 0.787117 0.616608 
-0.136726 0.540655 0.830059 
0.177012 0.582176 0.793560 
0.071687 0.808457 0.584173 
0.153692 0.515040 0.843275 
0.225134 0.689571 0.688336 
-0.226689 0.616094 0.754347 
-0.034650 0.644502 0.763817 
0.078550 0.436488 0.896274 
0.153100 0.746539 0.647487 
-0.074338 0.743431 0.664668 
0.056399 0.380617 0.923011 
-0.068986 0.787290 0.612711 
-0.177028 0.586906 0.790065 
-0.012715 0.823044 0.567836 
-0.114905 0.613638 0.781182 
