-0.918346 -0.381826 -0.104161 
-0.895092 -0.415969 -0.160560 
-0.874166 -0.430791 -0.224170 
-0.913115 -0.407487 0.013229 
-0.954710 -0.296238 -0.027801 
-0.905130 -0.417134 0.082095 
-0.873563 -0.478652 0.088198 
-0.866990 -0.497856 0.021637 
-0.966958 -0.244215 -0.073157 
-0.982094 -0.177826 -0.062204 
-0.984057 -0.177711 0.007131 
-0.889594 -0.432364 0.147257 
-0.976512 -0.203397 0.071089 
-0.968586 -0.206219 0.138977 
-0.952028 -0.232032 0.199507 
-0.845019 -0.533682 -0.033566 
-0.974709 -0.181098 -0.130946 
-0.932286 -0.352500 0.081155 
-0.832935 -0.544124 -0.100740 
-0.856721 -0.491374 0.156782 
-0.957238 -0.225907 -0.180725 
-0.947929 -0.279521 0.152641 
-0.847929 -0.490362 -0.201398 
-0.920854 -0.351374 -0.169008 
-0.983947 -0.115103 -0.136380 
-0.935728 -0.263572 -0.234398 
-0.925418 -0.320056 0.202895 
-0.831677 -0.487257 -0.266260 
-0.889791 -0.374543 -0.260749 
-0.963499 -0.264393 0.042018 
-0.881381 -0.459947 -0.107776 
-0.824923 -0.548151 0.137962 
-0.832942 -0.551449 0.045964 
-0.799882 -0.594275 0.083817 
