0.160162 0.977589 -0.136634 
0.231247 0.972748 -0.016929 
0.176280 0.963135 -0.203215 
0.290133 0.955607 -0.051365 
0.330102 0.937991 -0.105856 
0.111174 0.967440 -0.227375 
0.312601 0.933950 -0.173256 
0.124276 0.991409 -0.040789 
0.061170 0.981585 -0.180964 
0.366269 0.907580 -0.205293 
0.226616 0.942366 -0.246154 
0.310656 0.950401 0.015171 
0.388973 0.912206 -0.128763 
0.229197 0.964612 -0.130357 
0.374265 0.926996 0.024563 
0.305689 0.948409 0.084108 
0.067554 0.997715 -0.000443 
0.356182 0.926371 0.122359 
0.192670 0.980393 0.041330 
0.130047 0.988957 0.071073 
0.065437 0.994733 -0.078888 
0.162132 0.978019 0.131118 
-0.001108 0.999985 -0.005313 
0.078363 0.955238 -0.285272 
-0.021593 0.997217 -0.071357 
0.379893 0.923973 -0.044224 
0.330005 0.906482 -0.263415 
-0.014910 0.990069 -0.139788 
0.402903 0.879764 -0.252359 
-0.000696 0.997990 0.063361 
0.224171 0.961973 0.156063 
0.309766 0.935250 0.171326 
0.182913 0.936721 -0.298490 
0.010814 0.958923 -0.283459 
0.098691 0.982815 0.155994 
-0.053320 0.993291 0.102614 
