-0.691270 -0.669432 0.281080 
-0.679455 -0.663182 0.340294 
-0.698004 -0.642087 0.345941 
-0.711942 -0.585488 0.480188 
-0.722826 -0.679606 0.143731 
-0.751135 -0.684209 0.034943 
-0.734362 -0.593031 0.381600 
-0.771347 -0.543128 0.417874 
-0.760203 -0.658246 0.087636 
-0.822545 -0.622621 -0.005924 
-0.676385 -0.731641 0.132083 
-0.603383 -0.813437 0.113773 
-0.799731 -0.607734 0.117403 
-0.919102 -0.455190 0.207302 
-0.642378 -0.711113 0.310616 
-0.627325 -0.723946 0.319710 
-0.627280 -0.773939 0.160358 
-0.570480 -0.822865 0.193063 
-0.594600 -0.750015 0.345312 
-0.569793 -0.770214 0.363326 
-0.796330 -0.589861 0.185733 
-0.796260 -0.589496 0.187129 
-0.703062 -0.606200 0.443623 
-0.665760 -0.621895 0.517542 
-0.783749 -0.549844 0.355222 
-0.821695 -0.516663 0.334955 
-0.606755 -0.812706 0.104897 
-0.597725 -0.829763 0.080494 
-0.564438 -0.841503 0.153682 
-0.482699 -0.897127 0.247915 
-0.845794 -0.546412 0.159936 
-0.847873 -0.544587 0.158852 
-0.614402 -0.765716 0.229398 
-0.614385 -0.765705 0.229490 
-0.761959 -0.607068 0.245084 
-0.760525 -0.607785 0.247559 
-0.797547 -0.636935 0.031499 
-0.822614 -0.622629 -0.006182 
-0.637710 -0.799979 0.042609 
-0.654035 -0.793267 0.009761 
-0.878202 -0.499530 0.201790 
-0.884496 -0.490425 0.209918 
-0.546728 -0.801726 0.339457 
-0.531636 -0.818028 0.337611 
-0.514835 -0.891662 0.158532 
-0.510950 -0.895590 0.158912 
-0.661789 -0.633342 0.494218 
-0.654732 -0.637983 0.502869 
-0.491450 -0.895137 0.225174 
-0.482711 -0.896436 0.250079 
-0.541219 -0.827972 0.274029 
-0.541064 -0.828712 0.272186 
-0.873398 -0.537882 0.095397 
-0.877145 -0.536724 0.086637 
-0.677505 -0.775096 -0.010281 
-0.695164 -0.764055 -0.033751 
-0.727063 -0.705557 0.046851 
-0.726697 -0.706079 0.046401 
-0.624799 -0.704483 0.390199 
-0.627531 -0.700364 0.394260 
-0.720500 -0.745193 -0.057790 
-0.737095 -0.733650 -0.076128 
-0.813958 -0.553339 0.243659 
-0.815538 -0.550066 0.248850 
