0.649584 -0.738532 -0.193938 
0.710232 -0.664465 -0.335014 
0.665196 -0.714480 -0.258574 
0.693620 -0.670690 -0.376251 
0.615487 -0.748274 -0.295816 
0.551954 -0.791466 -0.343417 
0.668774 -0.741646 -0.087766 
0.754145 -0.688500 0.003990 
0.569270 -0.812057 -0.146609 
0.452067 -0.903013 -0.170369 
0.722936 -0.696602 -0.093894 
0.746911 -0.676663 -0.096606 
0.738902 -0.695768 -0.025014 
0.751064 -0.695132 0.027451 
0.565213 -0.827479 -0.077720 
0.557198 -0.857938 0.058338 
0.559234 -0.844374 -0.009318 
0.555434 -0.855111 0.034152 
0.643916 -0.772165 -0.029024 
0.641493 -0.775140 -0.023298 
0.519778 -0.845583 -0.184378 
0.453543 -0.890449 -0.234924 
0.712852 -0.670762 -0.287169 
0.765897 -0.622099 -0.318998 
0.779810 -0.671797 0.027445 
0.803321 -0.658020 0.057597 
0.556994 -0.807222 -0.230675 
0.565641 -0.798310 -0.241432 
0.489776 -0.879498 -0.130068 
0.489755 -0.879522 -0.130030 
0.755890 -0.629192 -0.324848 
0.770454 -0.615125 -0.337598 
0.820107 -0.631685 -0.014593 
0.835031 -0.616830 -0.030162 
0.469007 -0.880730 -0.218833 
0.458042 -0.888320 -0.226274 
0.723778 -0.644500 -0.385958 
0.714143 -0.649093 -0.404293 
0.587240 -0.832891 0.054586 
0.601217 -0.827160 0.086478 
0.752154 -0.704184 0.083892 
0.749397 -0.707412 0.089519 
0.715994 -0.689905 -0.163943 
0.715962 -0.689874 -0.164263 
0.415289 -0.920175 -0.242462 
0.409036 -0.924767 -0.245213 
0.770126 -0.644851 -0.170264 
0.774013 -0.641616 -0.170718 
0.481609 -0.898053 -0.062325 
0.478080 -0.906072 -0.033050 
0.669019 -0.689214 -0.384460 
0.646386 -0.707695 -0.383841 
0.808748 -0.623207 -0.115129 
0.814228 -0.620136 -0.107307 
0.524340 -0.823044 -0.291366 
0.507617 -0.831147 -0.322447 
0.507322 -0.889432 0.007263 
0.506515 -0.890133 0.007521 
0.424998 -0.900462 -0.309671 
0.426524 -0.897364 -0.320234 
0.636500 -0.799652 0.092909 
0.650289 -0.790347 0.103637 
0.613350 -0.737706 -0.365700 
0.613298 -0.737452 -0.367376 
0.436939 -0.926014 -0.109471 
0.434986 -0.927236 -0.111532 
0.514947 -0.895571 0.077293 
0.517476 -0.897607 0.100513 
0.850802 -0.617711 0.047556 
0.854615 -0.615975 0.055277 
0.785585 -0.620910 -0.234978 
0.787903 -0.617319 -0.244684 
0.497315 -0.921072 0.140844 
0.496490 -0.922265 0.143818 
