-0.318344 -0.366518 -0.877110 
-0.209044 -0.292368 -0.960351 
-0.253268 -0.368455 -0.904704 
-0.250624 -0.368534 -0.905826 
-0.431815 -0.403992 -0.809523 
-0.558762 -0.411712 -0.750211 
-0.475516 -0.444246 -0.771185 
-0.565259 -0.526909 -0.692456 
-0.521145 -0.482439 -0.732984 
-0.550662 -0.507146 -0.708273 
-0.244092 -0.433223 -0.877854 
-0.237296 -0.481189 -0.857970 
-0.427881 -0.496354 -0.767222 
-0.347777 -0.583981 -0.760559 
-0.376181 -0.544592 -0.766886 
-0.304009 -0.611931 -0.766416 
-0.319786 -0.587012 -0.771380 
-0.286375 -0.612143 -0.774043 
-0.486642 -0.359425 -0.806738 
-0.547924 -0.309612 -0.803627 
-0.532390 -0.305791 -0.812255 
-0.598791 -0.227942 -0.820263 
-0.489975 -0.543947 -0.717326 
-0.473991 -0.575489 -0.709296 
-0.254414 -0.605002 -0.791452 
-0.190440 -0.622608 -0.811096 
-0.241701 -0.307589 -0.938785 
-0.240951 -0.303639 -0.940996 
-0.187567 -0.382158 -0.926965 
-0.155674 -0.388809 -0.937771 
-0.192078 -0.274157 -0.976466 
-0.165990 -0.256580 -0.996277 
-0.575233 -0.250077 -0.820036 
-0.581881 -0.241432 -0.821244 
-0.291298 -0.257239 -0.941050 
-0.328616 -0.219354 -0.942754 
-0.188684 -0.617857 -0.814130 
-0.132016 -0.628940 -0.833680 
-0.354460 -0.264229 -0.910039 
-0.382061 -0.267283 -0.896488 
-0.188829 -0.477216 -0.881102 
-0.143388 -0.513390 -0.883773 
-0.174335 -0.215714 -1.012098 
-0.173161 -0.211847 -1.014456 
-0.401475 -0.211602 -0.914520 
-0.408337 -0.203921 -0.915174 
-0.579145 -0.502636 -0.697940 
-0.588463 -0.505881 -0.692310 
-0.500121 -0.255668 -0.850287 
-0.496529 -0.250089 -0.854521 
-0.516054 -0.191028 -0.874116 
-0.517135 -0.186641 -0.875733 
-0.382362 -0.607088 -0.734389 
-0.382832 -0.611839 -0.731918 
-0.145342 -0.577234 -0.852486 
-0.143157 -0.575187 -0.854419 
-0.239895 -0.199669 -0.991016 
-0.244338 -0.198581 -0.989588 
-0.398659 -0.338469 -0.855284 
-0.404061 -0.327661 -0.858067 
-0.272370 -0.486035 -0.840289 
-0.273963 -0.489010 -0.838173 
-0.205804 -0.541858 -0.842852 
-0.208801 -0.540105 -0.842374 
-0.319199 -0.194691 -0.958636 
-0.320140 -0.192581 -0.959229 
-0.537144 -0.391706 -0.769221 
-0.538793 -0.392760 -0.767996 
