-0.682432 0.360946 0.635614 
-0.645084 0.332333 0.688057 
-0.720460 0.229077 0.654569 
-0.697910 0.409600 0.587494 
-0.755519 0.172828 0.631919 
-0.678690 0.204510 0.705376 
-0.799242 0.158297 0.579787 
-0.610024 0.392713 0.688220 
-0.810328 0.217202 0.544235 
-0.554404 0.409169 0.724719 
-0.602607 0.306223 0.736948 
-0.631383 0.186487 0.752714 
-0.741114 0.408771 0.532593 
-0.736109 0.463981 0.492813 
-0.847926 0.187271 0.495934 
-0.780726 0.431944 0.451543 
-0.508279 0.457105 0.729868 
-0.672305 0.136236 0.727630 
-0.881116 0.165495 0.442996 
-0.813389 0.371609 0.447555 
-0.629060 0.105959 0.770102 
-0.750793 0.106972 0.651819 
-0.487413 0.408090 0.771940 
-0.588418 0.455058 0.668346 
-0.844641 0.123540 0.520883 
-0.616374 0.043725 0.786238 
-0.688007 0.491696 0.533743 
-0.557713 0.279763 0.781466 
-0.810213 0.091201 0.578997 
-0.760913 0.344156 0.550063 
-0.695227 0.073185 0.715054 
-0.848041 0.249975 0.467267 
-0.577016 0.193239 0.793543 
-0.802382 0.298983 0.516519 
-0.642296 0.494804 0.585342 
