-0.406508 0.028247 0.913210 
-0.380141 0.093098 0.920231 
-0.411855 0.151885 0.898502 
-0.450049 0.202738 0.869686 
-0.510291 0.206562 0.834826 
-0.562224 0.167385 0.809868 
-0.349823 -0.005163 0.936802 
-0.375748 -0.068857 0.924160 
-0.595342 0.107576 0.796238 
-0.528485 0.049096 0.847522 
-0.580457 0.016239 0.814129 
-0.577342 0.228342 0.783924 
-0.615103 -0.037202 0.787569 
-0.578984 -0.091977 0.810135 
-0.365643 -0.136605 0.920676 
-0.394967 0.240515 0.886653 
-0.650081 0.015230 0.759712 
-0.327484 0.135662 0.935067 
-0.510656 -0.018036 0.859596 
-0.651375 -0.082877 0.754216 
-0.286912 -0.022698 0.957688 
-0.464206 0.264905 0.845185 
-0.501056 -0.087300 0.861000 
-0.444453 -0.062056 0.893650 
-0.293144 0.194390 0.936098 
-0.499042 0.112083 0.859299 
-0.304318 -0.118100 0.945221 
-0.242680 0.153923 0.957818 
-0.454275 -0.134718 0.880617 
-0.219960 0.215951 0.951306 
-0.659186 0.082265 0.747467 
-0.552000 -0.154504 0.819405 
-0.269519 -0.173780 0.947185 
