-0.735397 -0.662023 -0.160985 
-0.802517 -0.574726 -0.286812 
-0.713046 -0.674467 -0.226906 
-0.671975 -0.697335 -0.348042 
-0.682846 -0.732252 -0.050273 
-0.646840 -0.781885 0.035398 
-0.784729 -0.615046 -0.142024 
-0.918341 -0.487809 -0.090669 
-0.790716 -0.619829 -0.071730 
-0.793448 -0.622011 -0.039655 
-0.838828 -0.569353 -0.083455 
-0.863130 -0.543857 -0.089377 
-0.664149 -0.725038 -0.219716 
-0.609605 -0.781449 -0.211695 
-0.710094 -0.666627 -0.297119 
-0.705697 -0.654951 -0.401688 
-0.672466 -0.696709 -0.348880 
-0.663789 -0.703645 -0.360816 
-0.615265 -0.775609 -0.212441 
-0.568460 -0.824028 -0.205475 
-0.664648 -0.760270 0.012047 
-0.642224 -0.794795 0.088843 
-0.729676 -0.689761 -0.018627 
-0.729976 -0.689489 -0.018424 
-0.577970 -0.819637 -0.171567 
-0.511692 -0.897880 -0.098931 
-0.689502 -0.745064 0.076476 
-0.736619 -0.716237 0.198622 
-0.866442 -0.551053 -0.020984 
-0.870714 -0.548222 -0.011320 
-0.852651 -0.575037 0.044090 
-0.852093 -0.576008 0.046725 
-0.761422 -0.623940 -0.237236 
-0.767457 -0.617637 -0.238525 
-0.805881 -0.625062 0.061698 
-0.805505 -0.625464 0.061840 
-0.534339 -0.868012 -0.144068 
-0.510992 -0.893898 -0.129352 
-0.785640 -0.654915 0.122518 
-0.775803 -0.669423 0.152076 
-0.809814 -0.573410 -0.247484 
-0.831067 -0.551217 -0.251985 
-0.854055 -0.534719 -0.208168 
-0.876552 -0.515046 -0.188176 
-0.596941 -0.783688 -0.280256 
-0.594920 -0.784579 -0.287735 
-0.748205 -0.684759 0.070480 
-0.745556 -0.686870 0.066798 
-0.755242 -0.693506 0.173378 
-0.748510 -0.702054 0.184643 
-0.705254 -0.742608 0.163881 
-0.703318 -0.744510 0.163513 
-0.778770 -0.595635 -0.307001 
-0.774136 -0.598952 -0.315886 
-0.522288 -0.890378 -0.078079 
-0.517756 -0.898788 -0.053264 
-0.645884 -0.753875 -0.152523 
-0.648223 -0.752215 -0.147946 
-0.895749 -0.499474 -0.163231 
-0.925388 -0.474418 -0.131285 
-0.572002 -0.840093 -0.078053 
-0.576846 -0.835194 -0.078051 
-0.900317 -0.509656 -0.067231 
-0.904642 -0.504370 -0.073135 
-0.555055 -0.866976 -0.014886 
-0.554592 -0.867710 -0.013162 
-0.695367 -0.664502 -0.407517 
-0.700668 -0.657046 -0.421091 
-0.942952 -0.461899 -0.097256 
-0.947096 -0.457256 -0.100175 
