0.619950 -0.232246 -0.752811 
0.714712 -0.353869 -0.654430 
0.597358 -0.299244 -0.753782 
0.566648 -0.390318 -0.755103 
0.526269 -0.202581 -0.828856 
0.362998 -0.252256 -0.937647 
0.626077 -0.132263 -0.771708 
0.679899 -0.065607 -0.747622 
0.682783 -0.133908 -0.729498 
0.753077 -0.135947 -0.677173 
0.566663 -0.362461 -0.761616 
0.538370 -0.420730 -0.768837 
0.471366 -0.191355 -0.871980 
0.450551 -0.187099 -0.888330 
0.616283 -0.066028 -0.794445 
0.612839 -0.042739 -0.802440 
0.647584 -0.003177 -0.786079 
0.659556 0.020862 -0.782879 
0.696618 0.040703 -0.760189 
0.696625 0.040709 -0.760186 
0.620952 -0.376042 -0.718393 
0.628284 -0.377876 -0.712556 
0.592165 0.005828 -0.829064 
0.586490 0.006750 -0.833465 
0.738538 -0.141307 -0.686641 
0.785400 -0.147525 -0.650620 
0.749872 0.023639 -0.716913 
0.812488 0.003575 -0.666030 
0.483772 -0.122101 -0.879050 
0.489080 -0.092470 -0.882075 
0.509397 -0.377118 -0.800422 
0.435393 -0.396059 -0.850569 
0.798840 -0.004321 -0.674247 
0.816793 -0.014571 -0.658605 
0.538065 -0.026150 -0.861477 
0.529939 -0.030953 -0.866346 
0.516345 0.034028 -0.891592 
0.516296 0.034165 -0.891660 
0.687284 -0.201807 -0.710276 
0.687704 -0.208138 -0.708483 
0.715843 -0.256863 -0.676316 
0.733991 -0.291849 -0.654737 
0.421762 -0.234182 -0.898537 
0.366233 -0.282124 -0.928266 
0.476450 -0.055014 -0.900163 
0.476211 -0.052829 -0.900851 
0.728885 -0.075019 -0.709286 
0.727367 -0.064594 -0.712848 
0.474272 0.074003 -0.931987 
0.466483 0.081403 -0.939465 
0.452165 -0.392263 -0.839088 
0.436921 -0.396296 -0.849387 
0.451511 0.002920 -0.932126 
0.451394 0.003193 -0.932277 
0.401561 -0.173042 -0.927756 
0.392319 -0.145069 -0.941125 
0.665927 -0.411496 -0.676917 
0.701715 -0.439707 -0.643913 
0.398291 -0.377220 -0.882347 
0.363408 -0.367480 -0.910358 
0.539786 -0.128147 -0.836319 
0.543623 -0.128561 -0.833392 
0.704230 -0.456525 -0.638119 
0.712001 -0.465662 -0.630247 
0.745606 -0.310871 -0.641714 
0.745974 -0.311539 -0.641286 
0.454696 -0.285192 -0.862298 
0.462268 -0.296920 -0.853966 
0.351436 -0.345078 -0.924435 
0.340063 -0.337276 -0.934651 
0.366095 -0.260247 -0.933491 
0.357487 -0.264278 -0.938896 
0.664845 -0.324451 -0.698101 
0.668691 -0.319930 -0.696323 
0.403628 -0.103900 -0.942425 
0.403993 -0.091709 -0.945012 
