0.439304 -0.615641 -0.658025 
0.310718 -0.605373 -0.771973 
0.476262 -0.674217 -0.568863 
0.466568 -0.707421 -0.542995 
0.444230 -0.564170 -0.706259 
0.457530 -0.425195 -0.836491 
0.537010 -0.567814 -0.627859 
0.593216 -0.502632 -0.648708 
0.414710 -0.698493 -0.593804 
0.400252 -0.704195 -0.599663 
0.410062 -0.749870 -0.545443 
0.406361 -0.790774 -0.506940 
0.543748 -0.626131 -0.563292 
0.568109 -0.629091 -0.540675 
0.496341 -0.516767 -0.712374 
0.529452 -0.486648 -0.716260 
0.382926 -0.584372 -0.735131 
0.313656 -0.607200 -0.767755 
0.604953 -0.606781 -0.533635 
0.636382 -0.596845 -0.518406 
0.462335 -0.755044 -0.498107 
0.498957 -0.758668 -0.464944 
0.532617 -0.462054 -0.738653 
0.539501 -0.451671 -0.743640 
0.564160 -0.512327 -0.662270 
0.565646 -0.509291 -0.664154 
0.622977 -0.503294 -0.624074 
0.676128 -0.495131 -0.589557 
0.506813 -0.427367 -0.794608 
0.485817 -0.399142 -0.840137 
0.353961 -0.730955 -0.609797 
0.310117 -0.754383 -0.621339 
0.352420 -0.790493 -0.550657 
0.348421 -0.793312 -0.551019 
0.313276 -0.710076 -0.663730 
0.299488 -0.703000 -0.682007 
0.252029 -0.729766 -0.693075 
0.199957 -0.746506 -0.718025 
0.516074 -0.757623 -0.452222 
0.516912 -0.757663 -0.451507 
0.416233 -0.806499 -0.483043 
0.415852 -0.806924 -0.482919 
0.664859 -0.594081 -0.498280 
0.673794 -0.592187 -0.493007 
0.513123 -0.808401 -0.403101 
0.511583 -0.834904 -0.377464 
0.452124 -0.472168 -0.793206 
0.434709 -0.486435 -0.792760 
0.600184 -0.457569 -0.688799 
0.609249 -0.443790 -0.695474 
0.692950 -0.538597 -0.531931 
0.701408 -0.521889 -0.542065 
0.577174 -0.727000 -0.434082 
0.594515 -0.718309 -0.428934 
0.662430 -0.644668 -0.448933 
0.662066 -0.652238 -0.441549 
0.325608 -0.625548 -0.739524 
0.319349 -0.630045 -0.740003 
0.753650 -0.505915 -0.516202 
0.759536 -0.502745 -0.514677 
0.380329 -0.535814 -0.786467 
0.380272 -0.534751 -0.787592 
0.517976 -0.707234 -0.501793 
0.518012 -0.706275 -0.502737 
0.452435 -0.422396 -0.843432 
0.452440 -0.421537 -0.844299 
0.677998 -0.458885 -0.624810 
0.678499 -0.458481 -0.624816 
