0.487888 -0.774786 -0.408253 
0.566467 -0.714579 -0.447023 
0.544720 -0.763416 -0.367746 
0.684066 -0.735539 -0.268426 
0.382337 -0.854607 -0.358421 
0.261126 -0.945082 -0.303725 
0.318706 -0.881773 -0.373020 
0.246830 -0.912458 -0.389511 
0.269421 -0.884352 -0.423660 
0.200209 -0.887974 -0.494775 
0.217720 -0.924526 -0.396957 
0.211205 -0.929588 -0.393593 
0.560818 -0.785432 -0.302507 
0.572278 -0.801104 -0.256067 
0.288046 -0.847462 -0.481038 
0.303093 -0.817660 -0.527392 
0.518222 -0.735084 -0.458289 
0.536248 -0.711489 -0.488025 
0.621749 -0.750053 -0.308482 
0.666830 -0.723877 -0.312902 
0.231072 -0.859029 -0.521288 
0.200448 -0.865246 -0.542923 
0.399107 -0.876244 -0.293224 
0.440790 -0.930022 -0.131174 
0.683338 -0.730652 -0.279664 
0.710024 -0.722247 -0.267178 
0.310435 -0.809529 -0.536354 
0.320181 -0.793015 -0.560435 
0.462449 -0.745040 -0.500601 
0.447911 -0.747636 -0.511630 
0.373452 -0.914979 -0.239920 
0.338349 -0.967980 -0.166985 
0.442214 -0.725419 -0.565451 
0.422378 -0.706185 -0.629022 
0.448648 -0.873403 -0.242850 
0.451063 -0.873264 -0.240395 
0.562320 -0.694099 -0.495378 
0.581698 -0.676089 -0.511676 
0.666511 -0.767001 -0.221392 
0.666009 -0.768084 -0.219656 
0.321760 -0.920095 -0.287897 
0.321227 -0.920148 -0.288392 
0.383618 -0.739358 -0.602495 
0.370341 -0.742516 -0.610889 
0.363887 -0.833934 -0.423477 
0.363533 -0.833537 -0.424727 
0.487625 -0.684472 -0.600964 
0.531471 -0.644937 -0.635253 
0.615339 -0.687494 -0.449061 
0.630723 -0.685578 -0.435622 
0.656612 -0.709642 -0.354867 
0.658299 -0.707687 -0.357112 
0.409484 -0.923961 -0.179745 
0.416019 -0.925590 -0.168832 
0.505562 -0.861921 -0.202488 
0.542980 -0.854372 -0.175952 
0.568556 -0.661466 -0.557798 
0.570202 -0.652854 -0.574273 
0.179716 -0.899277 -0.494036 
0.167492 -0.908857 -0.487549 
0.300862 -0.957630 -0.231733 
0.297908 -0.962937 -0.223792 
0.373122 -0.787269 -0.512378 
0.373200 -0.787241 -0.512348 
0.596205 -0.794903 -0.242025 
0.597693 -0.795301 -0.239482 
0.548710 -0.641613 -0.622698 
0.547196 -0.640099 -0.627650 
0.467023 -0.836587 -0.300356 
0.467407 -0.835817 -0.301559 
0.371315 -0.964726 -0.136371 
0.362027 -0.974645 -0.125816 
