-0.370671 0.691879 0.619601 
-0.462620 0.715660 0.523271 
-0.310184 0.689293 0.654722 
-0.503201 0.726841 0.467430 
-0.404107 0.640171 0.653359 
-0.286968 0.648428 0.705117 
-0.327639 0.598907 0.730728 
-0.293125 0.738242 0.607517 
-0.473693 0.772222 0.423424 
-0.413107 0.806734 0.422520 
-0.227489 0.759608 0.609299 
-0.439746 0.586929 0.679807 
-0.168151 0.749795 0.639947 
-0.348813 0.828424 0.438227 
-0.517371 0.672287 0.529487 
-0.573038 0.632556 0.521057 
-0.358519 0.545100 0.757846 
-0.591562 0.661327 0.461195 
-0.244622 0.796500 0.552945 
-0.595969 0.578805 0.556602 
-0.404596 0.839148 0.363502 
-0.635421 0.611275 0.471788 
-0.497096 0.549957 0.671150 
-0.301021 0.863328 0.405032 
-0.181022 0.818041 0.545930 
-0.244052 0.699771 0.671386 
-0.358337 0.763762 0.536901 
-0.471689 0.619547 0.627432 
-0.401777 0.495621 0.770023 
-0.298342 0.806809 0.509952 
-0.459123 0.499217 0.734839 
-0.376924 0.871720 0.313103 
-0.487952 0.794747 0.360944 
-0.542561 0.732319 0.411505 
