0.673805 -0.718449 0.186594 
0.642545 -0.760551 0.159702 
0.703281 -0.653929 0.287703 
0.690586 -0.631798 0.396502 
0.640505 -0.766819 0.147204 
0.581635 -0.852331 0.077567 
0.705606 -0.704787 0.124933 
0.774496 -0.675191 -0.008642 
0.657856 -0.688679 0.329285 
0.566786 -0.758348 0.412650 
0.752510 -0.603559 0.281429 
0.862673 -0.490841 0.267388 
0.620187 -0.806453 0.092283 
0.604657 -0.836745 0.050307 
0.800694 -0.551822 0.282720 
0.869853 -0.477564 0.284573 
0.740822 -0.686458 0.066419 
0.794535 -0.658500 -0.022831 
0.712122 -0.732034 0.020603 
0.695035 -0.759169 -0.006675 
0.663831 -0.661075 0.394110 
0.667690 -0.643250 0.435969 
0.841359 -0.525372 0.231274 
0.882255 -0.498773 0.179537 
0.780497 -0.661562 0.013446 
0.787372 -0.657249 0.004268 
0.853395 -0.492435 0.292676 
0.857914 -0.480070 0.315728 
0.614249 -0.707240 0.414366 
0.582693 -0.736621 0.427258 
0.587647 -0.821103 0.153328 
0.583495 -0.822973 0.161117 
0.629798 -0.750539 0.231689 
0.610605 -0.764533 0.251357 
0.623245 -0.825488 0.024251 
0.623741 -0.828575 0.013215 
0.756333 -0.633965 0.176204 
0.763826 -0.628312 0.169105 
0.704686 -0.609246 0.419502 
0.709613 -0.602995 0.422565 
0.754350 -0.562330 0.401272 
0.763868 -0.553339 0.397778 
0.863985 -0.523217 0.164315 
0.878270 -0.521856 0.122041 
0.806517 -0.617780 0.062498 
0.818288 -0.597973 0.084689 
0.580360 -0.795818 0.254178 
0.576282 -0.799553 0.256034 
0.543540 -0.816438 0.310915 
0.534939 -0.821256 0.324170 
0.542870 -0.854611 0.196597 
0.542315 -0.855026 0.197133 
0.847009 -0.476741 0.361327 
0.842437 -0.465503 0.410483 
0.816441 -0.575355 0.159719 
0.812480 -0.579699 0.159336 
0.565043 -0.757661 0.420409 
0.560633 -0.762181 0.420951 
0.573545 -0.873203 0.040161 
0.570721 -0.875914 0.041065 
0.842206 -0.598782 0.004486 
0.870423 -0.583761 -0.041382 
0.551196 -0.871125 0.119136 
0.550038 -0.872715 0.118049 
0.889248 -0.560645 -0.032018 
0.891444 -0.558865 -0.033722 
