-0.548282 0.296339 0.785220 
-0.513746 0.246175 0.835371 
-0.532882 0.393259 0.752585 
-0.405966 0.535523 0.786302 
-0.636821 0.326984 0.701813 
-0.756262 0.297291 0.622044 
-0.665739 0.262832 0.708762 
-0.708683 0.167564 0.719083 
-0.709360 0.207880 0.699966 
-0.723353 0.190252 0.697144 
-0.658647 0.379923 0.660327 
-0.705267 0.492995 0.571717 
-0.760753 0.221667 0.653396 
-0.789506 0.229381 0.627341 
-0.494477 0.289314 0.830559 
-0.482717 0.287779 0.840469 
-0.469836 0.354696 0.819696 
-0.468278 0.358831 0.819009 
-0.662642 0.442794 0.628214 
-0.668415 0.533642 0.581812 
-0.505086 0.223041 0.852813 
-0.520780 0.124998 0.885736 
-0.443590 0.274292 0.877302 
-0.412734 0.265184 0.905645 
-0.669930 0.172772 0.747005 
-0.650236 0.155236 0.770500 
-0.442392 0.419330 0.811370 
-0.414400 0.485256 0.802878 
-0.471016 0.181380 0.898679 
-0.453443 0.159891 0.922336 
-0.525639 0.144625 0.872884 
-0.554876 0.124952 0.859078 
-0.640513 0.508672 0.615157 
-0.636036 0.522002 0.612514 
-0.620358 0.220286 0.763887 
-0.614575 0.225828 0.765856 
-0.638440 0.128355 0.792122 
-0.620195 0.102620 0.818263 
-0.763279 0.285068 0.622189 
-0.765075 0.330151 0.599998 
-0.595782 0.562478 0.625350 
-0.594952 0.563477 0.625539 
-0.387241 0.417071 0.855565 
-0.347624 0.415448 0.887313 
-0.447044 0.481951 0.778859 
-0.451831 0.546383 0.745407 
-0.559895 0.082789 0.874589 
-0.560111 0.082400 0.874600 
-0.575902 0.423198 0.705120 
-0.583250 0.428312 0.697013 
-0.719741 0.434586 0.587320 
-0.740485 0.431604 0.572464 
-0.643288 0.584711 0.577928 
-0.665265 0.594997 0.555989 
-0.782650 0.155752 0.666652 
-0.783135 0.154291 0.666946 
-0.342503 0.470871 0.865767 
-0.313059 0.506279 0.872481 
-0.539406 0.483759 0.705755 
-0.525392 0.507015 0.705999 
-0.453303 0.543924 0.745389 
-0.453720 0.548059 0.743157 
-0.372522 0.516759 0.821122 
-0.372527 0.516767 0.821114 
-0.494121 0.100238 0.918011 
-0.494038 0.100121 0.918129 
-0.817546 0.215742 0.611689 
-0.823395 0.215132 0.607394 
-0.711097 0.337687 0.638760 
-0.712968 0.336180 0.637990 
