-0.841762 -0.373355 0.396286 
-0.881274 -0.433900 0.279782 
-0.835336 -0.276995 0.480091 
-0.854070 -0.189520 0.511951 
-0.870546 -0.218989 0.460205 
-0.924487 -0.130128 0.429739 
-0.786688 -0.343261 0.517970 
-0.763340 -0.344022 0.559422 
-0.814863 -0.245935 0.540225 
-0.775985 -0.186951 0.654418 
-0.762109 -0.409350 0.512664 
-0.762082 -0.409421 0.512658 
-0.819335 -0.439751 0.386875 
-0.797307 -0.504965 0.377632 
-0.723413 -0.458724 0.545295 
-0.684058 -0.508938 0.578482 
-0.722464 -0.402982 0.588792 
-0.722194 -0.387143 0.601151 
-0.785087 -0.233493 0.603143 
-0.729912 -0.210439 0.719732 
-0.877936 -0.367127 0.335849 
-0.911166 -0.361405 0.280329 
-0.876559 -0.424860 0.295045 
-0.875644 -0.463241 0.267919 
-0.912313 -0.307844 0.318418 
-0.951477 -0.240307 0.298561 
-0.817741 -0.172080 0.590412 
-0.832754 -0.143845 0.584559 
-0.916796 -0.393964 0.245787 
-0.929420 -0.384271 0.230333 
-0.708336 -0.524223 0.523328 
-0.707680 -0.527074 0.522371 
-0.763016 -0.465129 0.469214 
-0.763163 -0.474147 0.462189 
-0.871227 -0.309269 0.391299 
-0.873516 -0.304290 0.390912 
-0.905271 -0.160216 0.441767 
-0.929603 -0.119033 0.428847 
-0.866090 -0.488541 0.266147 
-0.863862 -0.502096 0.259996 
-0.945058 -0.135111 0.388977 
-0.959537 -0.125975 0.369766 
-0.704019 -0.368601 0.647764 
-0.696623 -0.354814 0.671412 
-0.745920 -0.253833 0.658390 
-0.745436 -0.254084 0.659072 
-0.945385 -0.246893 0.304589 
-0.950570 -0.237336 0.302421 
-0.744211 -0.531424 0.453361 
-0.742734 -0.536628 0.452117 
-0.668104 -0.555013 0.572656 
-0.657204 -0.563354 0.586021 
-0.771435 -0.549649 0.390698 
-0.776692 -0.553168 0.378599 
-0.744332 -0.332061 0.602601 
-0.750724 -0.326266 0.595440 
-0.896827 -0.498621 0.203269 
-0.906024 -0.501637 0.184455 
-0.683829 -0.452592 0.621136 
-0.675177 -0.463702 0.628380 
-0.708501 -0.588570 0.474790 
-0.703011 -0.597355 0.478085 
-0.970199 -0.157634 0.326843 
-0.972233 -0.159456 0.321816 
-0.736685 -0.206736 0.710319 
-0.735965 -0.203067 0.714364 
-0.898352 -0.243968 0.391432 
-0.898663 -0.243219 0.391434 
-0.825943 -0.528627 0.308353 
-0.818237 -0.536322 0.316455 
