0.157792 0.388433 -0.907866 
0.169605 0.450003 -0.876773 
0.055632 0.383746 -0.921762 
0.215340 0.348216 -0.912346 
-0.003039 0.419106 -0.907932 
0.242975 0.285610 -0.927033 
0.205646 0.231443 -0.950865 
0.217487 0.488021 -0.845302 
-0.040329 0.470379 -0.881543 
0.299762 0.314893 -0.900547 
0.257255 0.186599 -0.948156 
0.063922 0.293661 -0.953770 
0.274965 0.449841 -0.849728 
0.004501 0.258888 -0.965897 
-0.079008 0.418003 -0.905003 
0.055213 0.211702 -0.975773 
-0.063439 0.270859 -0.960526 
-0.035565 0.204552 -0.978209 
-0.094217 0.502807 -0.859249 
0.191583 0.544188 -0.816796 
0.023987 0.493110 -0.869636 
-0.011509 0.324120 -0.945946 
0.306003 0.378370 -0.873612 
0.145614 0.200395 -0.968833 
0.316920 0.210715 -0.924749 
-0.117902 0.231758 -0.965602 
-0.014283 0.140667 -0.989954 
-0.094602 0.329032 -0.939568 
-0.076515 0.117613 -0.990107 
0.309663 0.493204 -0.812932 
0.342709 0.149870 -0.927410 
0.123034 0.498279 -0.858243 
-0.135754 0.453440 -0.880888 
0.181728 0.142424 -0.972980 
0.267660 0.543475 -0.795609 
0.089721 0.550498 -0.830001 
0.089704 0.152433 -0.984234 
