-0.570726 0.735266 -0.368373 
-0.433013 0.752329 -0.544903 
-0.318765 0.705423 -0.653620 
-0.272538 0.699699 -0.661975 
-0.235767 0.767942 -0.603420 
-0.176008 0.721080 -0.678570 
-0.181457 0.655549 -0.738375 
-0.311404 0.699749 -0.661860 
-0.415788 0.754167 -0.536457 
-0.243024 0.769300 -0.621453 
-0.182163 0.681346 -0.724021 
-0.288223 0.660663 -0.701788 
-0.421308 0.678946 -0.621305 
-0.235837 0.791196 -0.604583 
-0.374258 0.636608 -0.713465 
-0.341466 0.664311 -0.667339 
-0.327514 0.865248 -0.472015 
-0.324289 0.898047 -0.329165 
-0.374476 0.780491 -0.569912 
-0.242370 0.845809 -0.501002 
-0.338626 0.684801 -0.701010 
-0.217444 0.838951 -0.554475 
-0.235363 0.926830 -0.360921 
-0.448524 0.857950 -0.336232 
-0.434069 0.766201 -0.513904 
-0.630234 0.635195 -0.504656 
-0.624202 0.669222 -0.413787 
-0.456162 0.741437 -0.539939 
-0.468721 0.884074 -0.287214 
-0.418259 0.829735 -0.388046 
-0.330447 0.915100 -0.282087 
-0.409699 0.856379 -0.333044 
-0.319061 0.859938 -0.417085 
-0.275137 0.924826 -0.298547 
-0.168762 0.942156 -0.309009 
-0.227233 0.913837 -0.344555 
-0.229641 0.845427 -0.516484 
-0.260924 0.831858 -0.491361 
-0.259387 0.965440 -0.264496 
-0.414686 0.872826 -0.317022 
-0.588737 0.729877 -0.428377 
-0.565590 0.679863 -0.470941 
-0.359025 0.813611 -0.521803 
-0.277812 0.924945 -0.342657 
-0.282404 0.828138 -0.526224 
-0.283049 0.750665 -0.607020 
-0.470027 0.628220 -0.661267 
-0.477195 0.719472 -0.528997 
-0.689771 0.630758 -0.433935 
-0.634088 0.661556 -0.405238 
-0.546187 0.791005 -0.326584 
-0.633070 0.697539 -0.360356 
-0.448686 0.794004 -0.473593 
-0.394291 0.867594 -0.341766 
-0.201228 0.972265 -0.262002 
-0.322897 0.886025 -0.383319 
-0.247122 0.915058 -0.332354 
-0.444287 0.861115 -0.320914 
-0.493018 0.814102 -0.313655 
-0.445000 0.857244 -0.270441 
-0.395278 0.845675 -0.377761 
-0.544940 0.721345 -0.480744 
-0.418930 0.841633 -0.392143 
-0.388089 0.832684 -0.395882 
-0.450584 0.770213 -0.465135 
-0.281452 0.754648 -0.641159 
-0.453572 0.640748 -0.652357 
-0.345761 0.632702 -0.702810 
-0.250685 0.751857 -0.632461 
-0.569628 0.685102 -0.563001 
-0.467195 0.745420 -0.492244 
-0.279162 0.860382 -0.480069 
-0.433654 0.745737 -0.544421 
-0.280958 0.736674 -0.640831 
-0.165744 0.831279 -0.557196 
-0.199949 0.859687 -0.478464 
-0.181731 0.949902 -0.315637 
-0.401883 0.907258 -0.261352 
-0.216185 0.958187 -0.267537 
-0.379370 0.829410 -0.528191 
-0.448957 0.781465 -0.445829 
-0.494433 0.662639 -0.595930 
-0.719224 0.609578 -0.435658 
-0.492190 0.757229 -0.511879 
-0.466942 0.657037 -0.607089 
-0.407797 0.779354 -0.505068 
-0.247053 0.750203 -0.651138 
-0.277364 0.661262 -0.704961 
-0.283991 0.641491 -0.712956 
-0.343328 0.644983 -0.685850 
-0.241988 0.678329 -0.702106 
-0.234917 0.664887 -0.709216 
-0.271666 0.705789 -0.658523 
-0.246542 0.767525 -0.598468 
-0.421015 0.657472 -0.661003 
-0.237566 0.776348 -0.624074 
-0.379428 0.820164 -0.476146 
-0.485741 0.844208 -0.304008 
-0.542708 0.788076 -0.300662 
-0.327414 0.855744 -0.501927 
-0.414520 0.874101 -0.320740 
-0.401977 0.873172 -0.278495 
-0.326425 0.912774 -0.260554 
-0.481547 0.840486 -0.304846 
-0.489669 0.777915 -0.412905 
-0.522250 0.750231 -0.407682 
-0.462958 0.738386 -0.503231 
-0.426323 0.735138 -0.528956 
-0.254532 0.707009 -0.704641 
-0.324304 0.635065 -0.707577 
-0.470543 0.628959 -0.639554 
-0.599869 0.681532 -0.472222 
-0.390765 0.718672 -0.633563 
-0.493240 0.733416 -0.496977 
-0.616125 0.699808 -0.396075 
-0.628033 0.634850 -0.459013 
-0.581812 0.676756 -0.455395 
-0.456860 0.720147 -0.546278 
-0.564094 0.780890 -0.352801 
-0.689036 0.643002 -0.382934 
-0.715521 0.579889 -0.395345 
-0.663179 0.603321 -0.449959 
-0.578242 0.654493 -0.499559 
-0.698547 0.655503 -0.346650 
-0.568804 0.670051 -0.525535 
-0.509156 0.665457 -0.549074 
-0.563285 0.759989 -0.381070 
-0.620359 0.706734 -0.349799 
-0.454482 0.856743 -0.331339 
-0.579059 0.762042 -0.328422 
-0.492516 0.834423 -0.276497 
-0.503234 0.810477 -0.301927 
-0.421177 0.790659 -0.489776 
-0.498095 0.837609 -0.304091 
-0.486298 0.747838 -0.500649 
-0.595260 0.693989 -0.428385 
-0.577101 0.719779 -0.389003 
-0.474871 0.703484 -0.567665 
-0.496044 0.670062 -0.553426 
-0.397846 0.824898 -0.452778 
-0.464155 0.640376 -0.681861 
-0.605356 0.676238 -0.484297 
-0.475173 0.685552 -0.572976 
-0.340398 0.640905 -0.717033 
-0.204998 0.696150 -0.703221 
-0.177865 0.652240 -0.739469 
-0.202872 0.626918 -0.753172 
-0.186035 0.677768 -0.714417 
-0.198812 0.888365 -0.508235 
-0.414333 0.817659 -0.460121 
-0.439883 0.649308 -0.679115 
-0.573175 0.664373 -0.521169 
-0.397193 0.818561 -0.477901 
-0.230733 0.872224 -0.464739 
-0.283590 0.883851 -0.384167 
-0.443881 0.838075 -0.359156 
-0.319793 0.830279 -0.490904 
-0.422903 0.670214 -0.660969 
-0.215253 0.705028 -0.708651 
-0.340821 0.749117 -0.594125 
-0.344927 0.895901 -0.380987 
-0.403334 0.849864 -0.347329 
-0.511653 0.750633 -0.456299 
-0.601697 0.697243 -0.406208 
-0.492578 0.817090 -0.345837 
-0.600380 0.721121 -0.375529 
-0.470679 0.773643 -0.453263 
-0.280180 0.771196 -0.626942 
-0.404184 0.740707 -0.555305 
-0.319214 0.659564 -0.706947 
-0.319983 0.859720 -0.493671 
-0.166485 0.970987 -0.311319 
-0.280760 0.937401 -0.244860 
-0.182892 0.949531 -0.274743 
-0.163568 0.899938 -0.439766 
-0.419912 0.867673 -0.376043 
-0.409064 0.854373 -0.323383 
-0.532642 0.807081 -0.289125 
-0.271684 0.910668 -0.448264 
-0.369621 0.786255 -0.522704 
-0.326676 0.826399 -0.465684 
-0.462327 0.704998 -0.578958 
-0.534528 0.622297 -0.581868 
-0.437172 0.775813 -0.497172 
-0.425726 0.750648 -0.505694 
-0.424532 0.776333 -0.468136 
-0.577598 0.754548 -0.363240 
-0.589006 0.694499 -0.421379 
-0.658915 0.640035 -0.405322 
-0.634021 0.702740 -0.336762 
-0.597115 0.637405 -0.528840 
-0.624336 0.705614 -0.375290 
-0.508778 0.809127 -0.334633 
-0.541562 0.676899 -0.566137 
-0.537574 0.639899 -0.549503 
-0.467341 0.788326 -0.444995 
-0.499758 0.669435 -0.578605 
-0.328224 0.740662 -0.615884 
-0.523467 0.733296 -0.491517 
-0.699770 0.603990 -0.441711 
-0.581569 0.783329 -0.326929 
-0.518830 0.731389 -0.471914 
-0.461290 0.786471 -0.421206 
-0.372416 0.885801 -0.322673 
-0.381659 0.886171 -0.268158 
-0.180794 0.969356 -0.273785 
-0.369301 0.889708 -0.343935 
-0.368937 0.821687 -0.452283 
-0.321454 0.859063 -0.405529 
-0.181557 0.952167 -0.312061 
-0.290247 0.880676 -0.407194 
-0.362733 0.821973 -0.450805 
-0.462581 0.865660 -0.279197 
-0.474907 0.798760 -0.391491 
-0.315803 0.898243 -0.359949 
-0.320672 0.786971 -0.582713 
-0.239616 0.757489 -0.613393 
-0.170240 0.862702 -0.504476 
-0.488580 0.843438 -0.402319 
-0.301465 0.901237 -0.365550 
-0.384791 0.815744 -0.456909 
-0.465971 0.783287 -0.421988 
-0.465883 0.779799 -0.418180 
-0.574536 0.776042 -0.304129 
-0.440844 0.819502 -0.404725 
-0.607894 0.697675 -0.432449 
-0.664389 0.602844 -0.455434 
-0.586143 0.619932 -0.533467 
-0.665912 0.616819 -0.437719 
-0.617916 0.681077 -0.402409 
-0.424028 0.819893 -0.455702 
-0.421376 0.773652 -0.474927 
-0.380999 0.901422 -0.300876 
-0.453238 0.798246 -0.437389 
-0.195879 0.894395 -0.489488 
-0.240797 0.722414 -0.704682 
-0.190561 0.680482 -0.709598 
-0.184937 0.879747 -0.517976 
-0.249878 0.807613 -0.542143 
-0.394048 0.733128 -0.578706 
-0.357820 0.818413 -0.471279 
-0.423653 0.827525 -0.384213 
-0.272631 0.939884 -0.293206 
-0.422875 0.859591 -0.335605 
-0.164874 0.917379 -0.467125 
-0.287080 0.758157 -0.641650 
-0.448057 0.806813 -0.457528 
-0.367505 0.792327 -0.494270 
-0.163963 0.855908 -0.536448 
-0.158740 0.955922 -0.333933 
-0.299130 0.887405 -0.386795 
-0.441479 0.788600 -0.468812 
-0.309944 0.802112 -0.530587 
-0.188039 0.914511 -0.412014 
-0.293201 0.923470 -0.293328 
-0.445447 0.825083 -0.408353 
-0.619944 0.730597 -0.352037 
-0.453995 0.742870 -0.558491 
-0.245301 0.853255 -0.517693 
-0.419003 0.795974 -0.474752 
-0.596765 0.774214 -0.317675 
-0.706424 0.614349 -0.411213 
-0.566687 0.656120 -0.532853 
-0.407745 0.647261 -0.679137 
-0.320367 0.834659 -0.518425 
-0.204897 0.983530 -0.283384 
-0.275800 0.849258 -0.536613 
-0.246885 0.945572 -0.317979 
-0.295929 0.850853 -0.472037 
-0.324464 0.834176 -0.447524 
-0.508279 0.760894 -0.449282 
-0.479589 0.681294 -0.572548 
-0.368521 0.858073 -0.435929 
-0.473389 0.707142 -0.572029 
-0.623183 0.651764 -0.471065 
-0.501802 0.789425 -0.403648 
-0.523483 0.746511 -0.413203 
-0.374444 0.899841 -0.322526 
-0.373788 0.872179 -0.315735 
-0.572671 0.774228 -0.350701 
-0.544144 0.690405 -0.509637 
-0.430642 0.780823 -0.476213 
-0.301051 0.734561 -0.646121 
-0.250771 0.791284 -0.567731 
-0.556617 0.763926 -0.460756 
-0.466465 0.799886 -0.392457 
-0.314076 0.825292 -0.507198 
-0.415216 0.654801 -0.685177 
-0.346614 0.830560 -0.506357 
-0.420443 0.677005 -0.641103 
-0.445038 0.721071 -0.542064 
-0.312845 0.885116 -0.421428 
-0.393128 0.779488 -0.512793 
-0.224268 0.844746 -0.518417 
-0.294291 0.673422 -0.735552 
-0.170572 0.659133 -0.741902 
-0.310365 0.632736 -0.723767 
-0.397551 0.618034 -0.684985 
-0.501737 0.738929 -0.508695 
-0.616489 0.750146 -0.322894 
-0.689698 0.641198 -0.362550 
-0.600106 0.743269 -0.327167 
-0.539514 0.683479 -0.544020 
-0.547186 0.696913 -0.469084 
-0.658906 0.672598 -0.369401 
-0.547756 0.759596 -0.377944 
-0.510005 0.752229 -0.421053 
-0.462136 0.718419 -0.535588 
-0.538347 0.745364 -0.418173 
-0.642042 0.625977 -0.473138 
-0.538252 0.776798 -0.384724 
-0.488844 0.677036 -0.601270 
-0.445431 0.737016 -0.519371 
-0.443381 0.719516 -0.535008 
-0.686364 0.658019 -0.415855 
-0.644569 0.599649 -0.482877 
-0.447937 0.661782 -0.659666 
-0.268980 0.697883 -0.688064 
-0.280926 0.854007 -0.500998 
-0.432919 0.741723 -0.547191 
-0.457590 0.732920 -0.505498 
-0.315001 0.893118 -0.400237 
-0.296922 0.865573 -0.403641 
-0.299408 0.761898 -0.623756 
-0.428411 0.729021 -0.553851 
-0.492025 0.700155 -0.522892 
-0.658168 0.680752 -0.387059 
-0.405287 0.807048 -0.534290 
-0.287873 0.921913 -0.353011 
-0.302218 0.827357 -0.505801 
-0.322387 0.703031 -0.665544 
-0.370414 0.754555 -0.556640 
-0.424595 0.663142 -0.629703 
-0.346590 0.680587 -0.650722 
-0.301776 0.891451 -0.448844 
-0.198223 0.895283 -0.411671 
-0.209544 0.918846 -0.342439 
-0.245941 0.816994 -0.585491 
-0.455380 0.734135 -0.551670 
-0.263429 0.857193 -0.499871 
-0.193914 1.000419 -0.236126 
-0.345777 0.904243 -0.314940 
-0.221187 0.946530 -0.272006 
-0.182784 0.921566 -0.355328 
-0.320063 0.926346 -0.259689 
-0.260167 0.869702 -0.481293 
-0.224541 0.925822 -0.340480 
-0.424528 0.847340 -0.387300 
-0.164126 0.908898 -0.475084 
-0.368281 0.902700 -0.331975 
-0.251353 0.865059 -0.471266 
-0.213030 0.733412 -0.697419 
-0.264442 0.698762 -0.667365 
-0.195799 0.886153 -0.495677 
-0.250819 0.959072 -0.272507 
-0.359273 0.881677 -0.339058 
-0.346185 0.892824 -0.292228 
-0.243091 0.868092 -0.485851 
-0.533162 0.841094 -0.338211 
-0.583864 0.673640 -0.513935 
-0.595956 0.747347 -0.345546 
-0.609672 0.662843 -0.456380 
-0.461369 0.742816 -0.517050 
-0.568686 0.729818 -0.408797 
-0.345992 0.843284 -0.487541 
-0.385235 0.850735 -0.375353 
-0.399265 0.760440 -0.548172 
-0.340383 0.931488 -0.318631 
-0.373916 0.788981 -0.563220 
-0.309724 0.930458 -0.335704 
-0.402768 0.840490 -0.386456 
-0.281276 0.921717 -0.313034 
-0.201408 0.957348 -0.237006 
-0.258834 0.901238 -0.386805 
-0.339282 0.836965 -0.445176 
-0.451235 0.678214 -0.642760 
-0.397232 0.628662 -0.672168 
-0.492348 0.749897 -0.498980 
-0.401227 0.648341 -0.686966 
-0.387682 0.752129 -0.557664 
-0.512756 0.695616 -0.522579 
-0.449534 0.771834 -0.464034 
-0.359557 0.699523 -0.657276 
-0.258201 0.874095 -0.487942 
-0.177901 0.852229 -0.497934 
-0.380420 0.865650 -0.396693 
-0.230413 0.969126 -0.249103 
-0.427893 0.867896 -0.349740 
-0.375701 0.790018 -0.521805 
-0.296511 0.715615 -0.655146 
-0.362957 0.835878 -0.471234 
-0.507968 0.763615 -0.431316 
-0.672518 0.616664 -0.465980 
-0.589988 0.760230 -0.341133 
-0.456850 0.761105 -0.506644 
-0.367753 0.734729 -0.582031 
-0.190869 0.869384 -0.511891 
-0.394419 0.778994 -0.535779 
-0.338385 0.863433 -0.407548 
-0.196545 0.810345 -0.605542 
-0.457071 0.776021 -0.514976 
-0.632801 0.694143 -0.406922 
-0.488087 0.787525 -0.413179 
-0.485112 0.764409 -0.425235 
-0.594733 0.684484 -0.443289 
-0.336112 0.811454 -0.572984 
-0.465306 0.717337 -0.541383 
-0.642099 0.645457 -0.462213 
-0.425016 0.754473 -0.565042 
-0.598899 0.708696 -0.433169 
-0.612373 0.612578 -0.515072 
-0.645467 0.602052 -0.473090 
-0.619934 0.667418 -0.421667 
-0.616840 0.613963 -0.501835 
-0.515464 0.725021 -0.481303 
-0.614251 0.715150 -0.366333 
