0.734334 0.606408 0.404421 
0.752170 0.485417 0.464766 
0.777853 0.440581 0.451233 
0.703904 0.448569 0.567828 
0.656015 0.495151 0.573475 
0.606160 0.410033 0.700154 
0.666559 0.561741 0.540496 
0.464428 0.654706 0.644448 
0.340229 0.592355 0.750349 
0.412268 0.467527 0.796318 
0.284455 0.438823 0.865028 
0.401748 0.518458 0.773417 
0.303147 0.713000 0.675752 
0.451109 0.674601 0.607202 
0.666896 0.545835 0.567332 
0.660782 0.528688 0.533236 
0.576513 0.610050 0.556539 
0.804641 0.475084 0.455307 
0.648425 0.645468 0.463531 
0.487426 0.780300 0.444255 
0.655043 0.686967 0.374440 
0.609993 0.587217 0.580672 
0.706026 0.569077 0.450941 
0.519845 0.650779 0.610692 
0.503169 0.397866 0.838913 
0.457791 0.348157 0.819142 
0.595677 0.525052 0.665811 
0.429451 0.581993 0.713205 
0.594024 0.625541 0.556101 
0.724431 0.416296 0.603523 
0.799581 0.503534 0.400713 
0.693228 0.516177 0.529485 
0.606890 0.405083 0.724816 
0.450499 0.488050 0.768986 
0.508929 0.324129 0.817502 
0.601669 0.428478 0.698434 
0.709381 0.476622 0.551996 
0.683245 0.589237 0.456288 
0.774028 0.450925 0.474476 
0.647406 0.581486 0.527697 
0.602719 0.399431 0.748988 
0.418043 0.451882 0.812561 
0.423288 0.521755 0.746644 
0.517134 0.437310 0.746492 
0.297808 0.601559 0.791507 
0.258436 0.611498 0.749194 
0.183869 0.795280 0.623569 
0.164841 0.936562 0.404206 
0.290473 0.777382 0.636678 
0.355144 0.632423 0.708643 
0.660755 0.537997 0.619673 
0.758393 0.455342 0.496224 
0.735221 0.363096 0.587127 
0.767293 0.405309 0.506230 
0.696031 0.607102 0.443488 
0.641208 0.544699 0.558226 
0.763249 0.510555 0.433845 
0.738767 0.446091 0.516265 
0.810400 0.410698 0.433362 
0.649403 0.570206 0.567958 
0.646999 0.357430 0.722172 
0.564667 0.384554 0.734729 
0.436142 0.455060 0.792133 
0.377402 0.634359 0.705739 
0.498822 0.614005 0.628382 
0.349745 0.674514 0.671051 
0.416271 0.770255 0.519438 
0.385331 0.695180 0.620218 
0.162075 0.815399 0.610879 
0.186234 0.632108 0.795662 
0.411618 0.515496 0.792556 
0.410229 0.609025 0.691891 
0.387970 0.732281 0.583593 
0.223024 0.868517 0.498724 
0.290633 0.673478 0.754544 
0.490701 0.628818 0.644377 
0.731112 0.477430 0.568633 
0.728135 0.474596 0.497836 
0.805634 0.450367 0.404304 
0.817175 0.408358 0.409061 
0.644087 0.593393 0.567842 
0.647665 0.398634 0.686895 
0.523072 0.288081 0.831539 
0.359113 0.412700 0.862270 
0.426913 0.523497 0.755929 
0.430319 0.285999 0.900009 
0.368076 0.432502 0.839652 
0.265460 0.543250 0.811070 
0.116984 0.564885 0.830651 
0.276687 0.638895 0.744051 
0.233267 0.623504 0.747397 
0.424699 0.475506 0.809928 
0.281260 0.527311 0.815586 
0.145194 0.528929 0.847689 
0.219691 0.791566 0.659541 
0.197361 0.650907 0.750360 
0.344864 0.724752 0.630292 
0.331236 0.820002 0.494997 
0.308121 0.903451 0.344624 
0.450788 0.822735 0.384929 
0.402516 0.783604 0.488117 
0.411268 0.768595 0.490282 
0.629142 0.703871 0.408725 
0.660323 0.559102 0.537695 
0.472561 0.708143 0.577887 
0.508109 0.790389 0.396491 
0.464920 0.769606 0.442210 
0.520037 0.627804 0.626529 
0.457815 0.533324 0.726634 
0.226952 0.610048 0.800538 
0.293903 0.451110 0.861744 
0.219322 0.560884 0.810718 
0.209387 0.352122 0.945466 
0.133536 0.433480 0.898825 
0.294941 0.352212 0.906435 
0.125791 0.463469 0.900078 
-0.179525 0.529644 0.885800 
-0.244129 0.577085 0.788088 
-0.204598 0.683755 0.713496 
-0.272319 0.550253 0.809020 
-0.215816 0.751968 0.671256 
-0.238389 0.596925 0.790334 
-0.322909 0.794335 0.591619 
-0.476669 0.776348 0.458323 
-0.671074 0.618819 0.478919 
-0.468637 0.749992 0.526698 
-0.705188 0.605254 0.465005 
-0.596754 0.595703 0.554368 
-0.604420 0.714262 0.402136 
-0.521488 0.643341 0.606068 
-0.586254 0.643362 0.505898 
-0.552148 0.727695 0.424744 
-0.683583 0.661698 0.349451 
-0.558528 0.703200 0.476247 
-0.467727 0.720588 0.521862 
-0.513696 0.553413 0.701550 
-0.368509 0.441973 0.850681 
-0.185367 0.550553 0.840966 
-0.144955 0.319219 0.974457 
-0.280845 0.386791 0.894267 
-0.471332 0.318120 0.848272 
-0.188576 0.469070 0.923209 
-0.263305 0.407827 0.879126 
-0.164148 0.448732 0.884995 
-0.113099 0.500296 0.861791 
-0.175479 0.642204 0.767870 
-0.271190 0.472164 0.866650 
-0.118246 0.583382 0.826155 
-0.197865 0.749521 0.674938 
-0.441962 0.683638 0.634131 
-0.703583 0.580008 0.511606 
-0.687053 0.665645 0.344158 
-0.608416 0.692701 0.399640 
-0.757455 0.523340 0.454111 
-0.753827 0.403254 0.538498 
-0.768881 0.382607 0.513428 
-0.691992 0.449487 0.577590 
-0.663204 0.675627 0.423496 
-0.608196 0.587276 0.559634 
-0.732402 0.443398 0.550458 
-0.616265 0.432534 0.680727 
-0.693432 0.502491 0.544027 
-0.646189 0.481449 0.596547 
-0.512686 0.547821 0.683211 
-0.454135 0.435804 0.795048 
-0.371844 0.323993 0.885443 
-0.115152 0.496871 0.914493 
-0.227677 0.698320 0.736930 
-0.370505 0.633805 0.696815 
-0.189607 0.741995 0.676883 
-0.480843 0.716292 0.590115 
-0.564083 0.514273 0.687377 
-0.400419 0.637879 0.688549 
-0.331764 0.767806 0.577797 
-0.382678 0.693178 0.618555 
-0.463037 0.549285 0.722355 
-0.507820 0.479598 0.720151 
-0.496174 0.437525 0.751853 
-0.571323 0.449618 0.693293 
-0.724208 0.432649 0.571644 
-0.716089 0.592581 0.426947 
-0.818007 0.453608 0.394155 
-0.676572 0.513083 0.580572 
-0.642742 0.727234 0.380025 
-0.562122 0.664424 0.520535 
-0.499294 0.786335 0.405305 
-0.379684 0.902269 0.288079 
-0.192279 0.914043 0.425900 
-0.197413 0.939614 0.304671 
-0.279591 0.833028 0.555973 
-0.442209 0.859938 0.359413 
-0.544894 0.747985 0.410204 
-0.665312 0.657887 0.384296 
-0.757276 0.511897 0.444730 
-0.650837 0.487252 0.616605 
-0.618121 0.620657 0.511968 
-0.711760 0.446319 0.581342 
-0.657186 0.607541 0.486341 
-0.660853 0.671756 0.362232 
-0.640045 0.591800 0.521851 
-0.466968 0.687920 0.594015 
-0.507760 0.482816 0.761914 
-0.498028 0.648203 0.615902 
-0.280374 0.743032 0.653062 
-0.433023 0.762764 0.520676 
-0.581882 0.660775 0.507086 
-0.598292 0.478715 0.693347 
-0.637765 0.512578 0.586172 
-0.765374 0.528465 0.422248 
-0.638434 0.656193 0.440588 
-0.438099 0.796184 0.485434 
-0.223011 0.897107 0.449745 
-0.186384 0.812386 0.572875 
-0.347837 0.712132 0.642419 
-0.158188 0.659594 0.771252 
-0.214927 0.788245 0.613510 
-0.123575 0.729375 0.684973 
-0.168575 0.881768 0.502528 
-0.432814 0.822924 0.458140 
-0.607581 0.738521 0.361959 
-0.589561 0.703985 0.399005 
-0.627054 0.719319 0.313565 
-0.713510 0.525970 0.569929 
-0.686903 0.501679 0.526119 
-0.593045 0.610693 0.544408 
-0.478309 0.792911 0.445577 
-0.401162 0.762730 0.518372 
-0.306946 0.906509 0.368704 
-0.140271 0.952453 0.323206 
-0.316985 0.914943 0.308248 
-0.352042 0.813170 0.520949 
-0.403291 0.812178 0.432827 
-0.519153 0.691386 0.540397 
-0.473870 0.676021 0.566597 
-0.695458 0.646456 0.414262 
-0.556174 0.785468 0.341276 
-0.482816 0.726527 0.533182 
-0.430543 0.742864 0.515366 
-0.381270 0.919533 0.299139 
-0.215177 0.886138 0.476519 
-0.453579 0.818979 0.431380 
-0.283977 0.782860 0.604685 
-0.266281 0.766680 0.584325 
-0.221086 0.728531 0.654856 
-0.232038 0.782283 0.584876 
-0.337499 0.624126 0.747818 
-0.146111 0.772613 0.667728 
-0.290715 0.760650 0.601153 
-0.324529 0.827708 0.479460 
-0.347419 0.923917 0.276600 
-0.379285 0.871126 0.319887 
-0.317252 0.843007 0.462116 
-0.456984 0.840656 0.343412 
-0.274469 0.865782 0.475649 
-0.249807 0.920768 0.335352 
-0.219004 0.910101 0.353583 
-0.421857 0.886038 0.288082 
-0.395136 0.822607 0.441533 
-0.435233 0.756387 0.497365 
-0.472198 0.577429 0.728187 
-0.410353 0.618900 0.674672 
-0.432304 0.638579 0.638363 
-0.551082 0.729903 0.464865 
-0.542115 0.575709 0.660356 
-0.763619 0.506853 0.491361 
-0.574592 0.576929 0.628337 
-0.685099 0.485093 0.564956 
-0.753609 0.480061 0.464964 
-0.790612 0.462454 0.407437 
-0.774814 0.515838 0.371436 
-0.765789 0.475405 0.440497 
-0.714084 0.391173 0.613924 
-0.609291 0.437525 0.673520 
-0.433642 0.499527 0.779998 
-0.202481 0.490626 0.884414 
-0.343734 0.494259 0.813374 
-0.211259 0.364640 0.933269 
-0.357464 0.354281 0.877883 
-0.484883 0.598781 0.713593 
-0.253866 0.559534 0.829661 
-0.223146 0.422137 0.891397 
-0.318279 0.253545 0.934684 
-0.260204 0.390697 0.896073 
-0.443707 0.396157 0.827332 
-0.328168 0.533862 0.799998 
-0.346915 0.491341 0.800082 
-0.539807 0.463744 0.732206 
-0.394372 0.345855 0.884714 
-0.320820 0.419139 0.855691 
-0.230747 0.472870 0.856809 
-0.289324 0.539292 0.797955 
-0.273394 0.589812 0.762502 
-0.180611 0.444678 0.905387 
-0.292823 0.307231 0.922512 
-0.235118 0.507005 0.857276 
-0.389008 0.374089 0.865798 
-0.161742 0.354872 0.952371 
-0.310488 0.608866 0.800990 
-0.400568 0.612655 0.693585 
-0.389803 0.425469 0.852941 
-0.539542 0.312813 0.804731 
-0.564937 0.374618 0.740767 
-0.588637 0.490634 0.658456 
-0.513062 0.680991 0.568317 
-0.346618 0.817502 0.510508 
-0.243660 0.841226 0.493785 
-0.346853 0.887286 0.353374 
-0.328779 0.814741 0.506976 
-0.523966 0.727487 0.491889 
-0.648072 0.674046 0.391720 
-0.506439 0.697266 0.550384 
-0.563953 0.569396 0.617585 
-0.388816 0.700117 0.637720 
-0.403502 0.871024 0.403039 
-0.432229 0.844507 0.325357 
-0.483800 0.828834 0.288491 
-0.238664 0.923669 0.419740 
-0.417985 0.826070 0.427615 
-0.610864 0.675711 0.482365 
-0.469906 0.774967 0.456156 
-0.520847 0.714719 0.473504 
-0.528180 0.686222 0.501778 
-0.698682 0.573171 0.475260 
-0.647109 0.419328 0.691379 
-0.561774 0.326380 0.774206 
-0.511031 0.518686 0.715991 
-0.496123 0.603263 0.635138 
-0.528843 0.761516 0.448633 
-0.373690 0.809199 0.481766 
-0.424931 0.689189 0.615864 
-0.460769 0.713732 0.535147 
-0.568578 0.598131 0.588913 
-0.487360 0.726825 0.512801 
-0.388234 0.741037 0.558625 
-0.529335 0.653615 0.565827 
-0.566268 0.680331 0.475888 
-0.416672 0.734248 0.566304 
-0.597896 0.706323 0.439407 
-0.612598 0.721860 0.337478 
-0.514241 0.820071 0.290723 
-0.411751 0.881950 0.260325 
-0.262563 0.945402 0.252130 
-0.206228 0.937650 0.287381 
-0.296178 0.862745 0.459728 
-0.302458 0.772645 0.577064 
-0.440255 0.660264 0.636614 
-0.362782 0.505794 0.822633 
-0.164618 0.484449 0.883543 
-0.239760 0.406071 0.888252 
-0.520281 0.299958 0.854625 
-0.289205 0.339831 0.926876 
-0.511956 0.353822 0.820390 
-0.609183 0.605313 0.613946 
-0.636272 0.650929 0.446371 
-0.426015 0.721640 0.611612 
-0.129836 0.772723 0.694099 
-0.235888 0.791193 0.583162 
-0.374217 0.683819 0.654175 
-0.597166 0.673628 0.509850 
-0.614208 0.580482 0.542814 
-0.643897 0.563084 0.519648 
-0.571267 0.596714 0.571566 
-0.395375 0.688749 0.643301 
-0.420981 0.636988 0.647992 
-0.322812 0.702339 0.645310 
-0.281029 0.895119 0.445577 
-0.139980 0.822976 0.589418 
-0.355850 0.791902 0.543554 
-0.376286 0.587160 0.782674 
-0.630168 0.503487 0.658698 
-0.463686 0.653436 0.637915 
-0.436637 0.498111 0.777880 
-0.546569 0.451529 0.717505 
-0.507456 0.375689 0.782827 
-0.311192 0.506540 0.839907 
-0.406387 0.337285 0.871168 
-0.218522 0.275094 0.960960 
-0.278597 0.259169 0.927190 
-0.277690 0.507283 0.855698 
-0.360408 0.446882 0.825079 
-0.570541 0.362316 0.772803 
-0.459562 0.422153 0.791275 
-0.441214 0.432920 0.786338 
-0.160456 0.553477 0.877233 
-0.244866 0.766204 0.668254 
-0.505717 0.663705 0.618601 
-0.604419 0.597628 0.543803 
-0.559860 0.606390 0.566886 
-0.359049 0.642039 0.724858 
-0.165641 0.674445 0.745312 
-0.398270 0.621261 0.716143 
-0.353482 0.826197 0.522600 
-0.472592 0.810881 0.387579 
-0.345909 0.903637 0.307575 
-0.351295 0.829698 0.468271 
-0.190344 0.939918 0.360279 
-0.457235 0.879416 0.307620 
-0.343726 0.894015 0.307012 
-0.203510 0.963864 0.241541 
-0.176658 0.943175 0.286699 
-0.281385 0.883979 0.411703 
-0.157943 0.905329 0.413409 
-0.136893 0.872756 0.473997 
-0.337006 0.817751 0.512078 
-0.323766 0.818845 0.475108 
-0.435882 0.756675 0.504740 
-0.362741 0.892598 0.346911 
-0.242992 0.915083 0.343305 
-0.497933 0.846607 0.324509 
-0.490608 0.799816 0.348163 
-0.650817 0.690345 0.371564 
-0.448239 0.788020 0.493032 
-0.541566 0.602526 0.637733 
-0.340738 0.717198 0.649760 
-0.382380 0.704885 0.600468 
-0.419285 0.649593 0.638841 
