-0.244390 0.783519 0.571290 
-0.291708 0.891941 0.345467 
-0.148154 0.963422 0.223312 
-0.317158 0.868551 0.380828 
-0.320341 0.755398 0.571626 
-0.294684 0.622948 0.724636 
-0.376524 0.504190 0.777189 
-0.250019 0.537752 0.805179 
-0.132427 0.558274 0.819019 
-0.195607 0.705832 0.680837 
-0.379503 0.729891 0.568540 
-0.576293 0.688711 0.439959 
-0.386687 0.769848 0.507747 
-0.294872 0.812437 0.502988 
-0.282740 0.919803 0.272066 
-0.160496 0.933048 0.321966 
-0.201133 0.913895 0.352620 
-0.165191 0.941507 0.293729 
-0.324994 0.854016 0.406247 
-0.368532 0.841888 0.394220 
-0.233884 0.872911 0.428164 
-0.193792 0.864665 0.463464 
-0.289524 0.884314 0.366285 
-0.304192 0.778681 0.548747 
-0.228577 0.682121 0.694596 
-0.312114 0.818437 0.482438 
-0.233086 0.825741 0.513637 
-0.434025 0.776309 0.457128 
-0.512539 0.807736 0.291319 
-0.355861 0.813890 0.459290 
-0.336055 0.837777 0.430346 
-0.382177 0.889540 0.250320 
-0.493303 0.717854 0.491262 
-0.608472 0.693745 0.385330 
-0.681699 0.559832 0.471036 
-0.721527 0.491843 0.487328 
-0.615515 0.464384 0.636780 
-0.622565 0.514087 0.590023 
-0.603960 0.667496 0.435525 
-0.618490 0.426927 0.659700 
-0.757778 0.431755 0.489244 
-0.604097 0.564919 0.562079 
-0.695069 0.454871 0.556751 
-0.659472 0.617865 0.428182 
-0.641008 0.607041 0.469692 
-0.501830 0.727351 0.468110 
-0.521131 0.790098 0.322750 
-0.661929 0.656902 0.361012 
-0.711445 0.557945 0.427251 
-0.649801 0.483364 0.586615 
-0.698818 0.366006 0.614568 
-0.515824 0.449904 0.729049 
-0.612852 0.499579 0.612236 
-0.386422 0.550998 0.739648 
-0.387885 0.615242 0.686311 
-0.401961 0.451635 0.796526 
-0.324099 0.625253 0.709942 
-0.432705 0.596764 0.675751 
-0.533547 0.538177 0.652452 
-0.553329 0.576192 0.601523 
-0.482563 0.500074 0.719068 
-0.369752 0.656078 0.657910 
-0.530355 0.523551 0.666797 
-0.559760 0.663271 0.496730 
-0.404500 0.695568 0.593772 
-0.437390 0.672055 0.597522 
-0.222074 0.653933 0.723225 
-0.392478 0.493714 0.776020 
-0.264538 0.581410 0.769403 
-0.202020 0.486243 0.850150 
-0.134364 0.400250 0.906502 
-0.280828 0.530995 0.799487 
-0.407138 0.620302 0.670421 
-0.454676 0.669409 0.587504 
-0.658020 0.541637 0.523105 
-0.505031 0.563049 0.654155 
-0.440098 0.651054 0.618419 
-0.440699 0.796291 0.414373 
-0.591179 0.743175 0.313365 
-0.360282 0.812811 0.457751 
-0.422475 0.800855 0.424437 
-0.248826 0.914809 0.318135 
-0.369636 0.839594 0.398059 
-0.346001 0.776316 0.526894 
-0.135336 0.736902 0.662314 
-0.193332 0.547864 0.813921 
-0.398228 0.484439 0.778930 
-0.164167 0.570204 0.804933 
-0.245422 0.380526 0.891610 
-0.164433 0.455277 0.875034 
-0.237351 0.279875 0.930233 
-0.389828 0.497936 0.774657 
-0.260134 0.417282 0.870750 
-0.109077 0.237470 0.965251 
-0.185446 0.341256 0.921495 
-0.350158 0.368788 0.861037 
-0.293937 0.470211 0.832168 
-0.397472 0.614681 0.681310 
-0.444690 0.587996 0.675656 
-0.387843 0.653412 0.650101 
-0.198028 0.781660 0.591433 
-0.217041 0.800247 0.559015 
-0.236035 0.787521 0.569297 
-0.267699 0.683561 0.679030 
-0.275943 0.667927 0.691180 
-0.398151 0.702375 0.590039 
-0.605405 0.628926 0.487788 
-0.629539 0.622703 0.464674 
-0.645296 0.379198 0.663176 
-0.540900 0.393410 0.743408 
-0.612424 0.391261 0.686915 
-0.406539 0.500227 0.764525 
-0.328123 0.600708 0.729030 
-0.276118 0.510302 0.814464 
-0.209593 0.282965 0.935950 
-0.261302 0.239770 0.935004 
-0.358504 0.461699 0.811362 
-0.172688 0.440880 0.880797 
-0.287635 0.625298 0.725444 
-0.234710 0.370260 0.898787 
-0.377427 0.372369 0.847874 
-0.574281 0.405388 0.711240 
-0.311362 0.543902 0.779246 
-0.237748 0.422154 0.874793 
-0.341155 0.593872 0.728649 
-0.502700 0.571754 0.648375 
-0.421849 0.699638 0.576672 
-0.411736 0.462690 0.785106 
-0.519489 0.451511 0.725444 
-0.614025 0.380035 0.691771 
-0.479744 0.303451 0.823264 
-0.474571 0.518777 0.711093 
-0.655326 0.439190 0.614540 
-0.524630 0.569655 0.632658 
-0.619764 0.528710 0.579964 
-0.629638 0.606197 0.485882 
-0.566305 0.451928 0.689246 
-0.472125 0.288149 0.833107 
-0.491573 0.469308 0.733557 
-0.252887 0.574643 0.778353 
-0.251841 0.693209 0.675305 
-0.506324 0.639454 0.578562 
-0.438087 0.687071 0.579667 
-0.157552 0.752640 0.639304 
-0.405764 0.748275 0.524823 
-0.654640 0.649542 0.386707 
-0.613101 0.715558 0.334788 
-0.506692 0.776712 0.374141 
-0.510174 0.673458 0.534954 
-0.476702 0.748470 0.461029 
-0.453054 0.609950 0.650156 
-0.621821 0.567325 0.539889 
-0.769529 0.474969 0.426883 
-0.594576 0.519714 0.613496 
-0.548897 0.694900 0.464571 
-0.418071 0.636164 0.648469 
-0.570602 0.600475 0.560217 
-0.551001 0.537662 0.638214 
-0.656191 0.576444 0.486955 
-0.623705 0.461786 0.630671 
-0.346165 0.583525 0.734621 
-0.524324 0.505960 0.684900 
-0.415836 0.664227 0.621195 
-0.565195 0.657909 0.497705 
-0.537165 0.728975 0.424322 
-0.654022 0.684772 0.321468 
-0.719768 0.459110 0.520723 
-0.753787 0.446408 0.482208 
-0.603066 0.442527 0.663687 
-0.461048 0.408981 0.787508 
-0.405481 0.537133 0.739644 
-0.114661 0.588049 0.800657 
-0.287644 0.660559 0.693486 
-0.258849 0.829820 0.494364 
-0.392768 0.867870 0.304196 
-0.388982 0.760455 0.520002 
-0.476838 0.631432 0.611489 
-0.628989 0.538187 0.561005 
-0.358287 0.664456 0.655842 
-0.385253 0.584732 0.713910 
-0.527731 0.488043 0.695208 
-0.472099 0.472627 0.744142 
-0.554079 0.603258 0.573652 
-0.581261 0.672495 0.458134 
-0.425360 0.827187 0.367192 
-0.259553 0.830524 0.492811 
-0.309716 0.823335 0.475600 
-0.150762 0.778616 0.609121 
-0.137210 0.763012 0.631654 
-0.162120 0.543386 0.823680 
-0.185596 0.594610 0.782300 
-0.471479 0.484859 0.736627 
-0.550403 0.557271 0.621696 
-0.610438 0.654818 0.445622 
-0.508591 0.779632 0.365389 
-0.622409 0.684810 0.379001 
-0.496487 0.818557 0.288905 
-0.337106 0.876915 0.342608 
-0.483161 0.830079 0.278430 
-0.541360 0.715116 0.442198 
-0.472125 0.711206 0.520849 
-0.556166 0.586864 0.588447 
-0.577857 0.690600 0.434918 
-0.458412 0.835768 0.302242 
-0.490185 0.794445 0.358575 
-0.644994 0.620289 0.446346 
-0.538367 0.682081 0.494900 
-0.403096 0.764673 0.502781 
-0.473307 0.564573 0.676193 
-0.220473 0.661883 0.716452 
-0.332064 0.721676 0.607386 
-0.369576 0.564824 0.737826 
-0.423125 0.565137 0.708227 
-0.521262 0.633253 0.572081 
-0.618896 0.661953 0.422831 
-0.461882 0.758385 0.459910 
-0.364401 0.814252 0.451891 
-0.183558 0.868802 0.459879 
-0.337872 0.849451 0.405310 
-0.396372 0.867868 0.299491 
-0.181080 0.921193 0.344404 
-0.261368 0.916430 0.303056 
-0.207531 0.861318 0.463748 
-0.242586 0.887181 0.392507 
-0.280571 0.922057 0.266629 
-0.271556 0.842884 0.464548 
-0.408196 0.814489 0.412291 
-0.483146 0.700760 0.524886 
-0.475829 0.472458 0.741870 
-0.492184 0.412818 0.766378 
-0.378542 0.281385 0.881776 
-0.173017 0.411695 0.894747 
-0.242750 0.239649 0.940022 
-0.188579 0.433531 0.881186 
-0.331514 0.447261 0.830696 
-0.436742 0.615219 0.656324 
-0.631080 0.575201 0.520463 
-0.745001 0.439799 0.501548 
-0.740865 0.565076 0.363054 
-0.704356 0.498153 0.505693 
-0.584637 0.547302 0.598882 
-0.466667 0.420698 0.777969 
-0.540714 0.510578 0.668535 
-0.366444 0.604163 0.707606 
-0.370010 0.803793 0.465843 
-0.283944 0.866113 0.411369 
-0.370253 0.844722 0.386467 
-0.433832 0.852491 0.291632 
-0.529816 0.758511 0.379416 
-0.609632 0.720589 0.330303 
-0.624119 0.599118 0.501530 
-0.605208 0.644180 0.467713 
-0.748419 0.508533 0.425750 
-0.655837 0.628653 0.417939 
-0.653497 0.504279 0.564486 
-0.544312 0.557504 0.626828 
-0.517020 0.334787 0.787787 
-0.365571 0.322982 0.872949 
-0.318151 0.471970 0.822207 
-0.572372 0.366629 0.733467 
-0.565947 0.485021 0.666677 
-0.546003 0.660916 0.514850 
-0.559434 0.647187 0.517864 
-0.479196 0.698639 0.531295 
-0.336492 0.791056 0.510885 
-0.412258 0.860310 0.299851 
-0.352754 0.852292 0.386215 
-0.521033 0.797854 0.303238 
-0.612404 0.654414 0.443514 
-0.561512 0.739253 0.371766 
-0.548497 0.589025 0.593465 
-0.513259 0.693372 0.505768 
-0.662288 0.516819 0.542469 
-0.475219 0.565787 0.673834 
-0.505400 0.679454 0.531896 
-0.562141 0.659695 0.498798 
-0.522156 0.774317 0.357473 
-0.354340 0.902059 0.246439 
-0.193256 0.904562 0.380026 
-0.272516 0.745439 0.608322 
-0.412942 0.612406 0.674120 
-0.578087 0.546047 0.606339 
-0.485936 0.395903 0.779184 
-0.490819 0.449975 0.746069 
-0.415095 0.284839 0.864038 
-0.217687 0.278081 0.935566 
-0.351740 0.512883 0.783090 
-0.594404 0.412787 0.690139 
-0.568211 0.633069 0.525700 
-0.608858 0.684345 0.401203 
-0.550659 0.620822 0.557992 
-0.748768 0.531977 0.395407 
-0.592618 0.665710 0.453470 
-0.618818 0.489163 0.614642 
-0.645750 0.371762 0.666933 
-0.756913 0.418290 0.502112 
-0.725564 0.365196 0.583257 
-0.571099 0.522064 0.633479 
-0.585856 0.590324 0.555240 
-0.468156 0.583289 0.663781 
-0.373777 0.478067 0.794822 
-0.527009 0.386466 0.756905 
-0.478036 0.409974 0.776790 
-0.423401 0.317320 0.848551 
-0.487900 0.293029 0.822246 
-0.501592 0.313719 0.806217 
-0.590405 0.434724 0.680028 
-0.542688 0.648302 0.534036 
-0.643224 0.565512 0.516196 
-0.525350 0.737432 0.424502 
-0.329409 0.777706 0.535410 
-0.481614 0.676127 0.557584 
-0.516912 0.531918 0.670720 
-0.557060 0.417511 0.717892 
-0.551107 0.459417 0.696575 
-0.577845 0.619504 0.531329 
-0.772956 0.467021 0.429453 
-0.679205 0.620712 0.391659 
-0.569510 0.584205 0.578241 
-0.575632 0.683324 0.449128 
-0.648964 0.516078 0.559025 
-0.680753 0.532377 0.503140 
-0.493844 0.596716 0.632494 
-0.408681 0.467093 0.784094 
-0.440982 0.393311 0.806748 
-0.384012 0.437558 0.813067 
-0.563742 0.423706 0.708991 
-0.497586 0.442368 0.746136 
-0.539485 0.361261 0.760557 
-0.361688 0.424748 0.829922 
-0.403235 0.406219 0.819993 
-0.419481 0.605043 0.676727 
-0.472716 0.405983 0.782124 
-0.471247 0.452835 0.756879 
-0.472659 0.640639 0.605124 
-0.451007 0.386742 0.804378 
-0.621807 0.390029 0.679142 
-0.431813 0.528600 0.730834 
-0.329047 0.318947 0.888820 
-0.374492 0.387523 0.842367 
-0.485761 0.286806 0.825699 
-0.530146 0.426982 0.732551 
-0.561005 0.609141 0.560554 
-0.529764 0.399223 0.748312 
-0.547533 0.562669 0.619363 
-0.612433 0.503070 0.609792 
-0.634840 0.601278 0.485225 
-0.530788 0.633325 0.563173 
-0.715137 0.563606 0.413433 
-0.491399 0.653245 0.576019 
-0.485760 0.441334 0.754494 
-0.350704 0.507094 0.787313 
-0.223237 0.330136 0.917156 
-0.135253 0.419466 0.897638 
-0.198964 0.447642 0.871797 
-0.379291 0.261631 0.887518 
-0.540597 0.418792 0.729636 
-0.730964 0.358957 0.580381 
-0.671502 0.567538 0.476431 
-0.649210 0.553146 0.522068 
-0.793841 0.437772 0.422104 
-0.698636 0.394729 0.596739 
-0.632717 0.535417 0.559462 
-0.590965 0.649503 0.478442 
-0.550369 0.540459 0.636395 
-0.576768 0.427108 0.696360 
-0.583194 0.499961 0.640253 
-0.674809 0.540807 0.502156 
-0.597642 0.631205 0.494372 
-0.672749 0.641000 0.369495 
-0.649917 0.582533 0.488122 
-0.632442 0.704366 0.322314 
-0.683102 0.582000 0.441189 
-0.658891 0.527224 0.536560 
-0.675565 0.447730 0.585790 
-0.476117 0.591106 0.651080 
-0.391960 0.556068 0.732909 
-0.530447 0.499234 0.685121 
-0.576553 0.321124 0.751309 
-0.433310 0.418091 0.798400 
-0.335966 0.593009 0.731756 
-0.434083 0.526829 0.730769 
-0.306357 0.578881 0.755673 
-0.407165 0.445096 0.797563 
-0.153479 0.534560 0.831078 
-0.301788 0.617680 0.726220 
-0.201485 0.591794 0.780502 
-0.285040 0.749358 0.597675 
-0.416346 0.800378 0.431335 
-0.464621 0.736432 0.491727 
-0.413857 0.792223 0.448448 
-0.134548 0.837509 0.529600 
-0.185279 0.726547 0.661666 
-0.247686 0.820091 0.515852 
-0.240777 0.667962 0.704168 
-0.132395 0.661142 0.738487 
-0.161131 0.641037 0.750406 
-0.225648 0.713836 0.662964 
-0.326742 0.629554 0.704912 
-0.259296 0.394389 0.881602 
-0.209320 0.397454 0.893429 
-0.169587 0.226611 0.959108 
-0.141793 0.272578 0.951628 
-0.206736 0.475500 0.855079 
-0.312602 0.599727 0.736619 
-0.502005 0.507728 0.700145 
-0.500568 0.292092 0.814932 
-0.425485 0.485267 0.763858 
-0.463990 0.373658 0.803177 
-0.327235 0.325038 0.887281 
-0.313489 0.465401 0.827724 
-0.555050 0.407280 0.725288 
-0.517380 0.586579 0.623091 
-0.659862 0.394955 0.639213 
-0.678665 0.600617 0.422698 
-0.562893 0.697107 0.444064 
