-0.137655 0.137888 0.985920 
-0.230277 0.100237 0.987817 
-0.081077 0.299489 0.955894 
0.021249 0.151641 0.993254 
-0.319618 0.055457 0.991410 
0.007382 0.345955 0.951893 
0.069026 0.066300 1.014095 
-0.017866 0.440346 0.930614 
-0.031439 0.537162 0.909578 
-0.372641 0.137718 0.970874 
0.072914 -0.031475 1.034708 
0.167896 0.054214 1.022957 
0.067965 0.547186 0.913871 
0.222855 0.136637 1.009318 
0.163836 0.575622 0.914101 
0.021760 0.620675 0.895599 
-0.445624 0.203558 0.952477 
-0.524100 0.142067 0.960247 
-0.062405 0.672211 0.879464 
0.136178 0.184058 0.993879 
-0.397238 0.289802 0.937620 
-0.294906 -0.039078 1.012685 
0.095644 0.453482 0.935163 
0.130948 -0.110378 1.054866 
0.090287 -0.200305 1.070986 
-0.037269 0.071585 1.006172 
-0.236682 0.197853 0.967075 
0.150012 -0.014037 1.036025 
-0.150831 0.248327 0.962073 
0.096033 -0.102494 1.050983 
-0.198075 -0.061549 1.023580 
-0.523587 0.263680 0.934951 
0.076192 -0.297403 1.090305 
0.209200 -0.170140 1.072335 
-0.454124 0.334866 0.924583 
0.001264 -0.073008 1.038760 
-0.382865 -0.086463 1.016909 
-0.315997 0.347708 0.930774 
0.308903 -0.173260 1.079384 
0.173829 0.275206 0.977311 
-0.410069 0.012920 0.994464 
0.322084 0.148397 1.013237 
0.198048 0.370490 0.959021 
0.110468 -0.157100 1.063283 
-0.328601 0.219610 0.956644 
-0.223102 0.384687 0.929034 
0.068533 0.043759 1.018758 
-0.369197 0.141578 0.970291 
-0.183305 -0.158181 1.044654 
0.029182 0.242877 0.974761 
-0.096313 -0.053696 1.028475 
0.266799 0.311999 0.975615 
-0.361728 -0.181870 1.038136 
-0.339884 -0.127048 1.028120 
-0.438934 -0.244899 1.046308 
0.132376 0.145248 1.001718 
-0.306096 0.437997 0.912604 
0.262187 0.593519 0.916686 
-0.135500 0.432716 0.924653 
-0.376732 0.385876 0.918926 
-0.425829 0.240457 0.946062 
-0.160652 0.653730 0.877007 
0.266926 0.043322 1.031582 
-0.282007 0.015852 1.002072 
-0.114309 0.587928 0.893687 
0.361935 0.591527 0.923503 
-0.475279 0.400101 0.909639 
-0.001703 0.056071 1.011686 
0.199586 0.484677 0.935337 
0.096362 0.641402 0.896070 
0.298338 -0.049200 1.052868 
-0.277929 -0.049502 1.015945 
-0.567848 0.053514 0.975883 
-0.470263 0.116112 0.969108 
0.395542 -0.025758 1.054224 
0.298679 -0.270776 1.099038 
0.210236 -0.158443 1.069966 
-0.575055 0.401101 0.903027 
-0.026195 -0.025567 1.027117 
0.460100 0.575121 0.933220 
-0.271571 0.530294 0.895597 
0.364035 0.021970 1.042261 
-0.162510 0.202811 0.970803 
0.114321 -0.201726 1.072825 
-0.130759 0.094124 0.995477 
-0.506109 -0.022614 0.995701 
0.141215 -0.022401 1.037202 
-0.082537 0.350417 0.945193 
-0.068439 0.261982 0.964517 
-0.544886 0.212471 0.944250 
0.372144 0.689043 0.903848 
-0.022989 0.252310 0.969448 
-0.328803 0.361938 0.926988 
-0.208691 0.460575 0.914153 
0.262631 -0.087112 1.058472 
0.009645 -0.143658 1.054012 
-0.552083 0.352344 0.914656 
0.030342 0.240089 0.975416 
-0.554344 0.062293 0.974921 
0.038561 0.110646 1.002903 
0.098462 0.362751 0.954241 
0.070207 0.073006 1.012774 
-0.577915 -0.091526 1.005445 
-0.531630 0.272196 0.932661 
0.097130 -0.189652 1.069207 
-0.571232 0.361551 0.911510 
-0.459742 0.365324 0.917879 
-0.439081 0.106220 0.973170 
