207
144
167
166
163
158
173
128
164
162
175
154
165
203
160
165
173
191
168
175
183
194
176
146
165
158
184
216
176
159
190
174
170
161
152
211
153
237
156
153
152
174
184
181
191
178
160
199
156
128
161
203
160
199
163
179
183
162
157
172
192
183
182
160
164
187
199
173
148
207
177
175
205
157
177
172
171
176
170
169
209
171
178
215
174
157
152
150
199
170
159
180
189
186
189
177
164
164
179
178
159
189
153
188
176
161
168
167
181
176
164
181
186
211
168
174
193
189
114
207
203
175
202
189
176
156
154
167
151
158
194
151
164
162
179
165
181
175
181
183
150
174
155
162
152
149
187
181
200
215
165
173
164
191
159
167
166
155
181
178
156
180
172
159
162
161
181
168
135
194
164
141
151
172
168
147
169
152
185
173
160
164
169
163
166
185
186
173
179
219
156
176
181
193
171
168
153
175
166
185
171
169
183
176
171
178
167
161
204
173
175
180
193
176
173
170
161
154
178
198
152
194
153
186
193
167
184
184
168
174
204
173
183
169
155
175
162
182
118
171
166
172
183
173
159
170
157
172
188
155
164
185
176
164
193
170
170
175
178
210
176
154
212
146
163
197
200
183
192
181
177
111
181
166
184
189
166
168
154
187
160
170
179
167
192
189
247
161
158
172
159
181
152
178
142
158
178
171
177
194
165
178
119
178
171
183
145
165
167
162
166
168
192
163
163
210
158
166
180
157
164
140
154
197
165
158
185
172
176
174
161
191
159
184
165
156
183
174
190
165
184
170
178
206
131
165
162
187
189
154
187
184
192
155
133
161
164
174
138
176
173
157
162
174
176
170
165
173
209
193
180
171
187
150
157
138
154
148
164
171
189
168
190
175
204
175
185
170
182
169
159
168
168
155
145
167
186
178
149
156
175
176
182
185
199
155
199
202
187
141
148
156
134
209
194
163
201
181
164
151
158
160
182
163
202
154
223
172
165
172
170
170
169
178
191
159
186
194
164
180
138
125
163
206
154
153
178
191
203
173
146
171
188
180
199
181
171
157
185
164
189
190
153
196
175
174
153
183
166
162
164
144
163
158
176
161
164
197
204
153
163
166
185
175
187
208
159
194
169
217
159
175
177
156
135
187
157
150
195
169
186
152
185
212
170
153
158
193
147
204
209
207
153
192
202
185
173
186
155
199
173
142
161
158
188
151
197
151
157
203
162
172
226
153
164
171
184
167
198
175
156
168
167
192
127
206
205
152
171
213
187
119
169
204
155
192
153
168
185
173
155
178
175
186
169
155
181
182
165
158
187
178
171
193
161
143
188
165
165
182
170
163
162
164
149
219
169
181
156
196
192
193
183
175
148
189
175
171
187
159
187
166
177
174
182
162
168
179
173
183
164
213
154
160
157
194
167
165
180
171
164
157
189
194
167
187
180
209
146
165
214
177
163
183
187
162
175
112
166
182
189
189
197
204
174
165
174
180
174
169
208
206
189
181
175
177
