156
163
172
179
162
164
178
182
177
165
169
175
173
149
162
170
164
172
188
181
167
185
151
188
162
189
194
166
158
179
197
192
174
145
166
150
209
170
166
172
176
169
181
189
166
185
179
175
153
157
169
184
156
183
186
179
182
164
169
219
155
175
195
163
188
163
149
180
207
156
176
162
199
168
175
148
178
152
156
182
169
150
171
189
166
166
167
209
182
186
170
169
180
191
183
199
187
172
166
192
165
179
182
208
171
172
181
186
170
199
195
182
180
166
231
199
167
162
152
196
175
161
134
187
131
175
190
172
195
162
170
169
210
187
151
182
181
155
181
181
162
174
175
169
179
167
166
171
182
153
180
177
161
199
165
169
168
177
184
180
162
175
153
155
165
179
170
153
168
160
213
184
157
165
172
187
182
164
170
170
158
168
169
156
179
175
160
143
183
153
175
182
186
188
171
208
177
153
180
173
157
164
178
153
166
169
202
178
146
194
159
163
176
168
192
170
160
169
175
173
129
151
171
177
174
179
178
169
180
206
144
165
180
154
181
199
163
185
180
193
187
159
183
175
170
188
172
154
169
170
198
174
171
174
204
148
176
172
163
179
174
152
163
188
152
176
215
173
161
159
176
168
190
159
162
187
192
159
184
175
168
166
162
183
203
164
164
167
168
165
156
141
191
199
171
199
174
191
202
177
158
149
162
202
177
187
170
176
175
182
192
197
185
185
182
198
185
184
187
165
170
181
183
176
157
192
177
181
190
164
178
169
189
192
185
188
186
186
152
169
176
185
197
193
169
155
195
169
202
150
165
169
176
165
179
165
177
201
173
162
185
168
178
181
208
187
174
187
171
171
166
147
156
172
153
160
192
189
183
186
177
199
181
209
169
203
142
173
171
151
162
169
171
165
160
149
176
211
154
180
173
161
174
192
186
197
205
166
178
152
167
182
152
185
186
178
202
207
211
181
180
182
178
168
158
181
173
170
181
168
151
216
194
164
166
192
174
164
136
159
160
211
188
163
178
136
155
169
181
154
176
165
203
169
181
217
192
164
150
156
190
206
167
180
180
184
154
166
211
156
169
175
179
162
153
178
165
160
177
206
190
180
187
193
170
170
128
181
181
171
187
149
176
181
171
177
182
184
148
176
151
177
164
180
177
154
175
169
169
165
167
195
169
