119
182
136
168
187
129
223
139
168
135
137
179
176
148
139
154
193
178
186
136
164
128
131
142
175
160
131
132
187
172
195
176
145
146
150
189
157
177
217
158
128
143
159
161
140
168
151
162
167
150
132
146
179
169
215
147
182
184
177
137
135
127
184
182
130
206
170
140
199
160
146
181
177
168
191
160
148
141
171
157
157
181
159
140
192
167
129
139
152
199
135
174
161
187
204
142
178
130
167
171
177
148
147
145
170
176
145
179
142
146
183
158
137
177
169
169
137
205
161
148
175
155
184
179
145
171
158
136
135
162
190
192
195
133
134
133
136
145
193
200
170
141
135
194
136
156
194
146
164
192
137
130
141
157
202
141
127
171
143
187
138
143
132
159
144
183
182
133
164
139
140
137
136
160
196
184
153
136
147
194
139
120
139
206
148
156
153
169
197
139
187
115
126
184
161
142
143
132
131
142
154
179
163
199
158
140
158
167
133
124
214
113
146
214
141
151
147
144
136
150
202
156
133
156
173
167
136
213
180
213
149
175
140
184
159
175
200
140
137
153
153
191
133
184
135
136
168
160
222
138
183
172
151
128
164
208
130
154
161
154
176
137
139
166
152
131
193
200
166
163
200
189
138
130
169
159
180
149
158
151
157
152
144
133
138
155
200
143
142
176
149
206
133
142
150
136
195
191
137
160
137
190
188
209
174
196
152
158
187
138
162
126
193
137
136
175
190
175
157
140
164
187
186
143
138
162
185
182
148
181
160
154
184
152
146
183
136
166
238
182
187
141
201
173
141
180
164
163
210
148
171
177
133
201
175
217
152
171
220
190
131
145
138
137
158
157
197
136
136
186
149
194
134
181
169
232
156
176
184
142
166
185
150
197
168
190
194
175
175
164
193
146
177
175
124
140
170
147
131
138
211
150
148
154
193
130
187
218
152
183
134
152
138
170
165
155
185
140
147
173
189
127
188
158
149
182
181
186
132
149
131
180
166
149
137
153
149
179
200
170
147
196
142
167
140
143
142
180
170
133
173
151
199
172
176
152
146
212
190
181
169
155
166
175
203
156
138
166
139
177
173
134
149
140
137
136
175
129
175
126
124
197
152
172
140
137
148
182
205
148
140
186
181
184
132
163
170
200
181
134
206
189
140
148
152
153
176
129
147
198
151
198
139
154
136
159
221
133
143
109
183
