160
182
190
198
140
199
171
174
195
196
181
175
143
152
186
165
189
155
167
187
184
212
190
165
210
162
185
176
209
194
194
169
169
123
211
183
163
161
165
200
172
184
157
198
165
195
159
166
199
176
198
149
157
172
179
162
180
172
170
166
161
167
165
155
206
200
187
177
178
183
196
179
154
201
189
175
153
163
164
195
166
154
168
149
200
178
171
174
217
160
190
224
173
157
153
159
171
210
165
161
205
158
189
155
168
173
166
160
197
199
171
207
170
176
175
170
182
172
184
182
186
182
163
206
174
181
190
208
161
164
167
127
177
178
144
170
153
167
182
167
190
199
157
155
210
153
160
202
152
157
187
166
192
146
198
186
160
178
176
155
190
201
179
181
150
173
144
181
185
181
176
176
159
181
167
159
148
164
185
177
193
180
167
157
210
201
193
158
153
174
183
179
156
153
204
168
191
192
185
164
169
187
163
153
151
194
200
165
153
164
160
187
161
175
206
177
163
159
185
144
162
150
191
177
166
169
169
168
175
180
173
165
172
188
201
223
176
185
184
208
180
177
195
155
155
164
168
173
166
174
158
191
164
201
172
173
174
162
162
153
143
185
174
222
143
193
160
169
172
159
170
172
161
184
184
172
176
166
192
165
212
160
152
190
167
191
157
164
183
185
162
175
170
202
158
169
163
182
196
204
153
169
185
176
187
169
170
166
218
167
175
161
175
188
197
167
203
183
150
170
181
251
181
174
156
173
218
195
189
160
176
148
196
175
163
180
151
186
161
167
173
176
181
151
167
168
193
158
186
162
186
158
191
167
152
215
163
181
147
162
159
173
172
187
165
145
171
176
155
176
167
182
166
171
173
167
171
174
167
171
149
174
186
176
146
211
184
174
159
143
183
209
182
158
191
174
164
182
187
178
201
181
183
175
146
180
191
169
176
165
169
176
161
160
180
152
186
163
180
139
175
151
176
171
179
181
177
169
173
170
179
149
166
166
178
176
167
183
178
187
200
167
184
168
177
203
150
195
183
173
192
147
210
145
184
167
196
181
178
159
166
155
167
219
