0.292180 -0.231851 -0.927834 
0.301306 -0.163310 -0.939439 
0.363277 -0.336353 -0.868848 
0.383903 -0.393972 -0.835108 
0.424138 -0.304891 -0.852730 
0.239875 -0.278910 -0.929876 
0.485549 -0.286318 -0.825993 
0.398389 -0.450408 -0.799011 
0.175941 -0.260242 -0.949378 
0.129342 -0.310336 -0.941787 
0.084296 -0.358941 -0.929546 
0.076523 -0.272305 -0.959163 
0.024170 -0.381728 -0.923958 
0.024372 -0.441934 -0.896717 
0.542168 -0.259607 -0.799161 
0.577655 -0.202927 -0.790655 
0.616529 -0.238205 -0.750433 
0.658267 -0.257791 -0.707268 
-0.029471 -0.466853 -0.883843 
0.599938 -0.140562 -0.787602 
0.519439 -0.331744 -0.787483 
0.278267 -0.100394 -0.955243 
0.651632 -0.320050 -0.687709 
0.413506 -0.501960 -0.759638 
0.614035 -0.077389 -0.785475 
0.587998 -0.021467 -0.808578 
0.071221 -0.206789 -0.975790 
0.394134 -0.557064 -0.730984 
0.447498 -0.563328 -0.694556 
0.068572 -0.140974 -0.987636 
0.494556 -0.517499 -0.698290 
0.109390 -0.087585 -0.990133 
0.007439 -0.214735 -0.976644 
0.340702 -0.595000 -0.727940 
0.460022 -0.229664 -0.857691 
0.282678 -0.587168 -0.758503 
0.285317 -0.033451 -0.957849 
0.540705 0.010752 -0.841144 
-0.053055 -0.227108 -0.972423 
-0.086296 -0.474958 -0.875767 
0.119120 -0.022826 -0.992617 
0.219854 -0.585871 -0.780013 
-0.083287 -0.280870 -0.956125 
0.484449 0.012068 -0.874736 
0.232975 -0.345589 -0.909005 
0.479452 0.074769 -0.874377 
0.196415 -0.402320 -0.894181 
0.622130 0.020259 -0.782652 
0.129646 0.039963 -0.990755 
0.140519 -0.439132 -0.887365 
-0.022338 -0.339372 -0.940387 
0.649740 -0.377881 -0.659579 
-0.083039 -0.527890 -0.845244 
0.541509 -0.523745 -0.657616 
0.434932 0.117257 -0.892796 
0.170464 -0.108946 -0.979323 
0.156218 -0.584592 -0.796146 
0.466228 -0.459015 -0.756265 
0.366417 -0.147786 -0.918639 
0.549418 -0.122630 -0.826499 
0.464594 -0.369589 -0.804709 
0.638263 0.072944 -0.766355 
0.681615 0.071423 -0.728216 
0.259491 -0.418863 -0.870183 
0.591135 -0.511967 -0.623257 
0.712766 0.026569 -0.700898 
-0.082768 -0.173730 -0.981309 
0.008353 -0.124203 -0.992222 
0.494247 -0.052431 -0.867739 
0.577051 -0.561580 -0.592992 
-0.043970 -0.569612 -0.820737 
0.357518 -0.634791 -0.684997 
0.221212 -0.021979 -0.974978 
0.391956 -0.658665 -0.642286 
0.093724 0.086489 -0.991834 
0.523669 -0.448543 -0.724279 
0.110937 0.143181 -0.983459 
0.428503 -0.675086 -0.600537 
0.203724 -0.536576 -0.818891 
0.266150 -0.513046 -0.816056 
0.749606 0.025020 -0.661411 
0.066260 -0.486551 -0.871136 
0.423635 -0.114228 -0.898602 
0.218555 -0.633982 -0.741823 
0.171018 0.138655 -0.975463 
0.036461 0.061220 -0.997458 
0.688755 -0.203742 -0.695778 
0.315885 0.024537 -0.948480 
0.222951 0.170489 -0.959805 
0.579700 -0.297458 -0.758596 
0.015010 -0.573044 -0.819387 
-0.141553 -0.471165 -0.870613 
0.745193 -0.030693 -0.666142 
