-0.746325 -0.664914 -0.029802 
-0.765107 -0.635590 0.103134 
-0.719327 -0.682658 0.128637 
-0.719901 -0.665768 0.196200 
-0.754030 -0.615464 0.229441 
-0.775288 -0.626432 -0.080692 
-0.737819 -0.607542 0.294135 
-0.808397 -0.580662 0.096571 
-0.695195 -0.634518 0.337775 
-0.845474 -0.523218 0.106853 
-0.845477 -0.532662 0.037942 
-0.879701 -0.466543 0.092004 
-0.758101 -0.559664 0.334752 
-0.908976 -0.410145 0.074453 
-0.669005 -0.730141 0.139020 
-0.792521 -0.504099 0.343212 
-0.733857 -0.669099 -0.117307 
-0.741516 -0.646031 -0.181103 
-0.715605 -0.655393 -0.241598 
-0.697664 -0.715684 -0.032585 
-0.860702 -0.508495 -0.025001 
-0.892785 -0.450198 -0.016010 
-0.646666 -0.761480 -0.044403 
-0.660533 -0.684424 0.308640 
-0.922390 -0.366990 0.120480 
-0.593700 -0.803902 -0.035526 
-0.699183 -0.647671 -0.302762 
-0.908594 -0.374615 0.184718 
-0.813991 -0.507798 0.282064 
-0.540612 -0.839640 -0.052383 
-0.651971 -0.693796 -0.305910 
-0.608726 -0.739830 -0.286538 
-0.912833 -0.404239 -0.057678 
-0.687941 -0.630103 -0.360150 
-0.689460 -0.708004 -0.152890 
-0.900918 -0.357749 0.245688 
-0.561161 -0.781990 -0.271276 
-0.712056 -0.582453 -0.392077 
-0.683824 -0.612866 0.395954 
-0.571373 -0.820232 0.027441 
-0.754972 -0.546271 -0.362775 
-0.635794 -0.655706 0.407205 
-0.936647 -0.347580 -0.043363 
-0.605911 -0.789026 -0.101539 
-0.795615 -0.502764 -0.337973 
-0.485836 -0.872727 -0.048067 
-0.609835 -0.727850 0.313584 
-0.514591 -0.820625 -0.248537 
-0.955209 -0.291544 -0.050780 
-0.822598 -0.542793 0.169434 
-0.876947 -0.372356 0.303835 
-0.435990 -0.899708 -0.020951 
-0.466367 -0.855021 -0.226806 
-0.628910 -0.627077 0.459616 
-0.432378 -0.900612 0.044135 
-0.532348 -0.782367 -0.323276 
-0.379020 -0.924523 0.040015 
-0.616299 -0.773350 0.148676 
-0.852908 -0.513669 -0.093231 
-0.671773 -0.602218 -0.431340 
-0.912440 -0.390707 -0.121660 
-0.858220 -0.489305 -0.155043 
-0.852397 -0.486559 0.191520 
-0.642900 -0.582407 0.497475 
-0.723009 -0.540169 -0.430669 
-0.788910 -0.471137 0.394527 
-0.924850 -0.304160 0.228340 
-0.554104 -0.746008 -0.369380 
-0.666671 -0.742054 0.070048 
-0.832546 -0.465584 -0.300166 
-0.335300 -0.939125 0.074960 
-0.603075 -0.590541 0.536248 
-0.938145 -0.340507 0.062764 
-0.568818 -0.800995 0.186690 
-0.571226 -0.771513 0.280121 
-0.514358 -0.834600 0.197177 
-0.636204 -0.541844 0.549226 
-0.878301 -0.439127 -0.189088 
-0.520147 -0.797205 0.306449 
-0.393049 -0.917652 -0.058548 
-0.680697 -0.507975 0.527837 
-0.449320 -0.887118 0.105516 
-0.700728 -0.566033 0.434266 
-0.423303 -0.885216 -0.192894 
-0.607614 -0.776280 -0.167915 
-0.581919 -0.669347 0.461893 
-0.411906 -0.898228 0.153365 
-0.286599 -0.953799 0.090163 
-0.821612 -0.541763 -0.177332 
-0.535889 -0.711415 0.454656 
-0.554680 -0.822825 0.123649 
-0.723624 -0.472240 0.503347 
-0.955912 -0.284483 0.072818 
-0.970947 -0.230508 0.064241 
-0.472353 -0.813953 0.338175 
-0.945323 -0.274056 0.176799 
-0.950947 -0.287756 -0.113565 
-0.786458 -0.575352 -0.224620 
