-0.196312 0.456693 0.870571 
-0.624890 0.474836 0.799723 
-0.085856 0.507299 0.860393 
0.161824 0.832798 0.728509 
-0.015718 0.510794 0.868662 
0.084554 0.515792 0.880484 
0.037859 0.473339 0.895619 
0.274156 0.308143 1.014511 
0.038722 0.553622 0.854446 
0.108443 0.608472 0.836239 
0.076757 0.423286 0.926949 
0.126465 0.359325 0.966985 
0.060173 0.361221 0.956495 
0.013749 0.187479 1.039203 
-0.218576 0.515021 0.837372 
-0.373021 0.919646 0.607067 
0.047868 0.616499 0.823415 
0.060978 0.706624 0.778937 
0.111945 0.645816 0.817532 
0.164591 0.669904 0.812698 
-0.021058 0.624130 0.809597 
-0.073554 0.629943 0.799072 
0.174677 0.621350 0.839121 
0.382136 0.540436 0.910520 
-0.035442 0.684834 0.776307 
-0.052788 0.758036 0.736162 
-0.203338 0.393720 0.901955 
-0.236255 0.098696 1.048989 
-0.255706 0.348830 0.917529 
-0.439853 0.190981 0.972295 
0.081011 0.302397 0.989744 
0.109833 0.221036 1.035733 
-0.306978 0.302928 0.933782 
-0.424625 0.197603 0.971074 
-0.370356 0.326168 0.912731 
-0.606447 0.412737 0.834314 
-0.417691 0.369807 0.883489 
-0.589623 0.528319 0.777274 
-0.097325 0.710822 0.754056 
-0.269911 0.783303 0.692001 
0.026625 0.259514 1.003997 
-0.056660 0.193842 1.025824 
-0.030328 0.219486 1.016412 
-0.075616 0.187656 1.026285 
-0.474210 0.403745 0.857919 
-0.563781 0.457530 0.817396 
-0.478598 0.466245 0.825140 
-0.490372 0.633931 0.737193 
-0.528155 0.360407 0.872469 
-0.738125 0.191721 0.929103 
-0.284861 0.490589 0.840425 
-0.295628 0.486621 0.840921 
0.243203 0.638771 0.839996 
0.348857 0.665631 0.841344 
-0.097189 0.196579 1.018598 
-0.196776 0.162461 1.021855 
-0.538931 0.494792 0.801796 
-0.612009 0.529370 0.773520 
0.312878 0.650079 0.844180 
0.320288 0.651281 0.844624 
0.119696 0.708763 0.786265 
0.125019 0.751999 0.764789 
-0.152446 0.154622 1.032250 
-0.160083 0.148823 1.034137 
0.124640 0.255709 1.020022 
0.215692 0.158270 1.083213 
-0.512512 0.554584 0.774831 
-0.448847 0.698671 0.709852 
0.326425 0.589174 0.877453 
0.364626 0.417436 0.971276 
-0.141890 0.093075 1.065424 
-0.124117 -0.010557 1.121283 
-0.173356 0.035041 1.090760 
-0.177883 0.026693 1.094405 
-0.108209 0.015543 1.110140 
0.085714 -0.042495 1.167829 
0.180772 0.743248 0.777292 
0.215552 0.762886 0.772183 
-0.285786 0.244225 0.967020 
-0.275217 0.214949 0.983597 
-0.578493 0.313679 0.889281 
-0.723558 0.179018 0.937728 
-0.154447 0.743978 0.728802 
-0.244605 0.796308 0.688944 
-0.081076 0.772940 0.724436 
-0.076647 0.789874 0.716361 
-0.062452 0.273507 0.984013 
-0.071513 0.288744 0.974875 
-0.224562 0.738131 0.721746 
-0.325598 0.729705 0.711578 
0.373827 0.545594 0.906674 
0.414696 0.508020 0.931867 
0.367802 0.692394 0.830297 
0.406121 0.721915 0.820611 
-0.046356 -0.010498 1.132414 
0.128133 -0.083964 1.195249 
0.004963 0.396781 0.930278 
-0.002167 0.401373 0.926893 
-0.241061 0.047520 1.074623 
-0.307174 0.059705 1.058866 
-0.030725 0.819656 0.707632 
-0.021654 0.828072 0.704605 
0.184402 0.292116 1.009873 
0.268393 0.343283 0.995608 
-0.348683 0.212723 0.974197 
-0.442077 0.165946 0.984853 
-0.255664 0.792674 0.689225 
-0.371828 0.996387 0.567764 
0.245660 0.326320 1.001071 
0.299468 0.356365 0.993339 
-0.276921 0.851356 0.655989 
-0.288993 0.884680 0.637115 
-0.341496 0.823035 0.661289 
-0.431780 0.783438 0.668698 
0.319980 0.502156 0.921289 
0.286366 0.475040 0.930413 
-0.568362 0.435998 0.827815 
-0.572072 0.428586 0.831095 
0.020957 0.011109 1.130961 
0.047550 0.019645 1.130387 
-0.388079 0.158398 0.996487 
-0.436161 0.092095 1.023691 
-0.061349 0.372417 0.933293 
-0.072273 0.368403 0.933790 
-0.421125 0.505645 0.813122 
-0.398402 0.521223 0.808370 
-0.623751 0.262998 0.908855 
-0.664903 0.216915 0.926653 
-0.693222 0.250267 0.905432 
-0.701269 0.248793 0.905035 
0.036979 0.807175 0.723770 
0.043608 0.805953 0.725350 
0.429435 0.665973 0.852733 
0.434776 0.663683 0.854678 
-0.263725 0.913883 0.625720 
-0.249868 0.979543 0.593933 
-0.381936 0.560083 0.790744 
-0.373507 0.571792 0.785931 
0.118310 0.192716 1.051517 
0.117277 0.182441 1.056654 
0.278662 0.272763 1.033357 
0.288252 0.257199 1.042739 
-0.055479 0.148461 1.049337 
-0.033448 0.123046 1.065572 
0.394528 0.608199 0.877442 
0.394671 0.608238 0.877442 
0.125913 0.471012 0.909455 
0.148563 0.493004 0.901393 
0.093038 0.772656 0.749573 
0.095301 0.771263 0.750614 
-0.645115 0.329456 0.871603 
-0.661313 0.333292 0.867305 
-0.356180 0.760691 0.691250 
-0.361844 0.736643 0.702807 
-0.304558 0.962625 0.594786 
-0.353219 1.020711 0.557923 
-0.216451 0.257786 0.969996 
-0.205893 0.259851 0.970449 
-0.583055 0.214160 0.939818 
-0.573233 0.202373 0.947290 
-0.559789 0.156199 0.972972 
-0.550579 0.133253 0.986097 
0.238584 0.701244 0.807197 
0.238575 0.701366 0.807133 
0.278894 0.448794 0.942841 
0.271899 0.439708 0.946511 
-0.516995 0.617073 0.742044 
-0.521365 0.677987 0.710083 
-0.188955 0.573748 0.811414 
-0.183285 0.584989 0.806446 
0.298276 0.389494 0.976126 
0.300499 0.382693 0.979944 
0.175341 0.558512 0.871540 
0.175515 0.542114 0.880000 
0.222220 0.514476 0.900920 
0.229792 0.507363 0.905666 
0.051825 0.069374 1.105420 
0.059070 0.083048 1.099426 
-0.508472 0.116329 1.000846 
-0.494708 0.105636 1.008323 
-0.398570 0.095614 1.027277 
-0.402125 0.074343 1.037708 
0.213736 0.421713 0.947419 
0.196327 0.414477 0.948643 
-0.316866 0.587357 0.786055 
-0.286010 0.600290 0.783831 
0.110254 0.834617 0.720171 
0.113321 0.845653 0.714935 
0.155596 0.141634 1.083145 
0.165532 0.128022 1.091573 
-0.378934 0.699884 0.719263 
-0.385506 0.682322 0.727353 
