0.497250 -0.767930 -0.409910 
0.539756 -0.745121 -0.409400 
0.558982 -0.749293 -0.380896 
0.787642 -0.680259 -0.273424 
0.621274 -0.715839 -0.380201 
0.798984 -0.620401 -0.378220 
0.550909 -0.784751 -0.320253 
0.527987 -0.885428 -0.148067 
0.394072 -0.794207 -0.467912 
0.241602 -0.767515 -0.681488 
0.390843 -0.763389 -0.531472 
0.374803 -0.610341 -0.847120 
0.445291 -0.723266 -0.552100 
0.530905 -0.660176 -0.584536 
0.327255 -0.792385 -0.542237 
-0.025752 -0.953357 -0.601999 
0.427745 -0.699809 -0.616458 
0.361882 -0.611760 -0.858037 
0.599540 -0.784661 -0.268921 
0.785300 -0.784318 -0.072843 
0.552749 -0.826646 -0.236549 
0.455471 -0.913932 -0.169249 
0.269380 -0.830708 -0.528752 
0.031039 -0.988528 -0.473219 
0.516003 -0.868778 -0.193252 
0.322463 -1.090681 0.034787 
0.673046 -0.674812 -0.405429 
0.837651 -0.544368 -0.485637 
0.225217 -0.826462 -0.583812 
0.056286 -0.810223 -0.794424 
0.430614 -0.666361 -0.678691 
0.439115 -0.567265 -0.863063 
0.427373 -0.635548 -0.742252 
0.424008 -0.603554 -0.808250 
0.735936 -0.642739 -0.401405 
0.801152 -0.609481 -0.397232 
0.481173 -0.595173 -0.764057 
0.526711 -0.561000 -0.782513 
0.186032 -0.868725 -0.542843 
0.134230 -0.924596 -0.488681 
0.590563 -0.700792 -0.442092 
0.570037 -0.690734 -0.483458 
0.638129 -0.793723 -0.210365 
0.721222 -0.813236 -0.084281 
0.792670 -0.632990 -0.360341 
0.913027 -0.612306 -0.273228 
0.493883 -0.642785 -0.657685 
0.529783 -0.629408 -0.645766 
0.455020 -0.904265 -0.188591 
0.138220 -1.088620 -0.164376 
0.529899 -0.553469 -0.793831 
0.634296 -0.464117 -0.857624 
0.122370 -0.895548 -0.557928 
-0.097254 -0.988082 -0.609969 
0.410584 -0.611658 -0.806653 
0.409042 -0.609465 -0.812567 
0.516751 -0.527568 -0.858301 
0.501561 -0.497647 -0.932777 
0.058698 -0.922934 -0.571924 
-0.113093 -0.996825 -0.609684 
0.035863 -0.902648 -0.635697 
0.034639 -0.901560 -0.639115 
0.406898 -0.946068 -0.157985 
0.351181 -0.994468 -0.122549 
0.454646 -0.946876 -0.105837 
0.513526 -0.947872 -0.041531 
-0.021296 -0.941426 -0.620563 
-0.072672 -0.976281 -0.606961 
0.253866 -0.785348 -0.633700 
0.279053 -0.749201 -0.677560 
0.590622 -0.537067 -0.761524 
0.699730 -0.507597 -0.703472 
0.363735 -0.661854 -0.758320 
0.346729 -0.668884 -0.762614 
0.729924 -0.677428 -0.340082 
0.728368 -0.686404 -0.324214 
0.750028 -0.699384 -0.275943 
0.750230 -0.699604 -0.275298 
0.805195 -0.691770 -0.232370 
0.836109 -0.687504 -0.207954 
0.676973 -0.640937 -0.467373 
0.680950 -0.606631 -0.530104 
0.447474 -0.982002 -0.044888 
0.432403 -1.055809 0.083179 
0.347152 -0.982900 -0.149389 
0.270681 -1.030044 -0.138387 
0.855515 -0.600794 -0.356605 
0.903204 -0.576364 -0.353770 
0.204961 -0.785720 -0.684770 
0.130776 -0.786286 -0.762240 
0.554133 -0.606456 -0.664764 
0.574010 -0.594471 -0.667099 
0.469434 -1.002831 0.019017 
0.474807 -1.007927 0.034654 
0.618392 -0.496111 -0.812035 
0.637111 -0.468502 -0.846085 
0.175658 -0.905001 -0.483040 
0.167081 -0.934993 -0.433597 
0.412825 -0.898254 -0.245013 
0.391337 -0.895192 -0.273746 
0.278050 -0.858928 -0.464499 
0.284998 -0.881543 -0.413010 
0.291952 -0.990557 -0.192913 
0.184577 -1.005451 -0.277575 
0.206500 -0.752820 -0.747342 
0.208421 -0.711744 -0.825464 
0.693633 -0.602651 -0.524439 
0.702198 -0.582968 -0.553777 
0.408555 -1.038447 0.024040 
0.257563 -1.126784 0.036499 
0.637388 -0.611714 -0.566324 
0.629189 -0.613036 -0.572430 
0.292001 -0.743130 -0.675693 
0.304938 -0.728809 -0.689938 
0.675232 -0.569512 -0.608595 
0.726606 -0.512223 -0.665979 
0.683407 -0.796932 -0.156147 
0.748935 -0.801577 -0.077679 
-0.044715 -0.981481 -0.567204 
-0.066687 -1.019059 -0.517144 
0.245800 -1.032613 -0.159727 
0.232159 -1.045043 -0.149918 
-0.001783 -0.892823 -0.694742 
-0.028702 -0.885797 -0.736963 
0.287874 -0.960128 -0.256611 
0.283718 -0.929110 -0.321542 
0.550103 -0.485761 -0.904558 
0.576966 -0.452089 -0.941815 
0.258189 -0.711770 -0.772701 
0.264398 -0.706840 -0.775747 
0.867154 -0.657705 -0.233223 
0.881629 -0.649746 -0.233422 
0.285252 -0.670947 -0.823702 
0.299547 -0.649383 -0.850641 
0.718643 -0.808645 -0.095970 
0.753956 -0.820383 -0.035663 
0.243611 -0.955975 -0.311597 
0.218147 -0.953585 -0.343231 
0.792578 -0.728802 -0.173468 
0.790953 -0.733573 -0.165880 
0.179982 -0.982144 -0.327923 
0.075882 -1.024958 -0.354633 
0.897923 -0.672710 -0.171352 
0.901054 -0.674237 -0.165056 
0.117414 -1.015019 -0.330039 
0.035230 -1.058201 -0.332818 
0.527847 -0.964888 0.006843 
0.592278 -0.923036 -0.006586 
0.961496 -0.643583 -0.160857 
0.962715 -0.643024 -0.160656 
0.354164 -1.078594 0.044774 
0.263598 -1.145441 0.079298 
0.415771 -0.577288 -0.868230 
0.418181 -0.561315 -0.896847 
0.151972 -0.965225 -0.390606 
0.150722 -0.964470 -0.393403 
0.850835 -0.570646 -0.420395 
0.845824 -0.538360 -0.488706 
0.566131 -0.867112 -0.143409 
0.569920 -0.866987 -0.139641 
0.781145 -0.787930 -0.070194 
0.806374 -0.779569 -0.059789 
0.680972 -0.475154 -0.786648 
0.710825 -0.465157 -0.774537 
0.088667 -0.995896 -0.397803 
0.088585 -0.995936 -0.397812 
0.146554 -0.823668 -0.672579 
0.118903 -0.841634 -0.666807 
0.161977 -0.748906 -0.802136 
0.147106 -0.747599 -0.820439 
0.481118 -0.516161 -0.918302 
0.474490 -0.514039 -0.929461 
0.004285 -0.981009 -0.516226 
0.014440 -0.980912 -0.505661 
0.589569 -0.946275 0.035894 
0.600599 -0.942949 0.041086 
0.107710 -1.051062 -0.269983 
0.102628 -1.069935 -0.238535 
