-0.771982 -0.200113 0.607452 
-0.603639 0.027881 0.948081 
-0.800704 -0.137162 0.592885 
-0.879906 0.036425 0.552717 
-0.734577 -0.250595 0.639892 
-0.486767 -0.585040 0.854804 
-0.814978 -0.068463 0.601644 
-0.857853 0.137890 0.627953 
-0.852978 -0.019412 0.567733 
-1.031332 0.210810 0.408573 
-0.818534 -0.283848 0.504412 
-0.944858 -0.587673 0.192049 
-0.894685 -0.010402 0.511347 
-0.957962 0.003267 0.425801 
-0.922978 0.052918 0.497559 
-0.942466 0.096534 0.488062 
-0.842751 -0.324655 0.451987 
-0.962700 -0.526782 0.192316 
-0.927368 -0.034948 0.453647 
-1.057458 -0.132649 0.223981 
-0.907975 0.105923 0.541892 
-0.867623 0.248493 0.661134 
-0.872379 0.122929 0.600575 
-0.793839 0.160452 0.730056 
-0.824674 -0.392946 0.448896 
-0.739069 -0.716339 0.434258 
-0.705633 -0.313350 0.654863 
-0.622279 -0.494073 0.697978 
-0.841720 0.151987 0.657282 
-0.818779 0.173729 0.699712 
-0.711542 -0.207964 0.691390 
-0.627956 -0.053266 0.878261 
-0.803875 0.161908 0.716183 
-0.739167 0.178871 0.816896 
-0.948480 0.146917 0.500918 
-1.109992 0.310375 0.337535 
-0.763788 0.119241 0.755838 
-0.717826 0.070322 0.801305 
-0.695458 -0.381791 0.640294 
-0.683390 -0.462973 0.623013 
-0.729753 0.140465 0.814072 
-0.684433 0.168727 0.891612 
-0.881749 -0.330251 0.393269 
-1.018880 -0.349928 0.186795 
-0.990555 0.178420 0.453618 
-1.104501 0.263734 0.325524 
-0.831985 -0.178434 0.530059 
-0.832613 -0.177333 0.529623 
-0.799748 -0.458644 0.456806 
-0.739742 -0.616802 0.475848 
-1.033073 0.198733 0.400895 
-1.102368 0.231839 0.314967 
-0.770128 -0.520771 0.473022 
-0.722382 -0.620917 0.499160 
-0.923116 -0.293521 0.349227 
-1.024696 -0.203327 0.241079 
-0.728740 -0.557375 0.517148 
-0.627115 -0.647254 0.625495 
-1.075242 0.212243 0.345766 
-1.093822 0.218196 0.321476 
-0.706255 -0.513925 0.568202 
-0.695104 -0.492376 0.593522 
-0.654346 -0.419932 0.683365 
-0.574595 -0.493918 0.766915 
-0.947981 -0.333288 0.296310 
-0.983065 -0.389398 0.221646 
-0.820200 0.084670 0.659580 
-0.817482 0.076167 0.659870 
-0.987692 -0.335849 0.237859 
-1.006391 -0.337055 0.210337 
-0.954459 -0.070929 0.399136 
-0.958178 -0.075868 0.391652 
-0.980748 -0.403619 0.218912 
-0.972549 -0.483621 0.196546 
-0.778335 -0.054580 0.660504 
-0.758868 -0.047205 0.691775 
-0.612341 -0.452091 0.730283 
-0.588026 -0.470706 0.757441 
-0.610822 -0.517859 0.704355 
-0.608890 -0.601549 0.671361 
-0.954675 0.214474 0.520858 
-0.956097 0.229989 0.525437 
-0.669311 -0.237765 0.739643 
-0.601853 -0.285367 0.816720 
-0.952298 -0.230983 0.333820 
-0.965226 -0.203277 0.326994 
-0.606700 -0.584722 0.681719 
-0.595996 -0.758339 0.622943 
-0.954170 -0.468258 0.229660 
-0.899094 -0.602208 0.251932 
-0.694178 0.086250 0.842271 
-0.661984 0.037187 0.867791 
-0.967796 -0.522734 0.186687 
-0.971982 -0.539469 0.173486 
-1.022015 -0.279528 0.212368 
-1.047107 -0.238353 0.193733 
-0.736007 -0.070277 0.714928 
-0.707916 -0.080694 0.751046 
-0.591276 -0.406606 0.780157 
-0.571063 -0.362963 0.828011 
-0.564169 -0.607760 0.733297 
-0.491894 -0.646909 0.820945 
-0.704562 -0.042912 0.772045 
-0.697726 -0.036963 0.784462 
-0.662047 -0.067123 0.823098 
-0.660237 -0.068154 0.825272 
-0.611066 -0.338723 0.780600 
-0.617809 -0.315589 0.780751 
-0.785889 -0.572930 0.427956 
-0.811866 -0.658902 0.353676 
-0.992033 -0.563509 0.134246 
-1.006993 -0.588676 0.101878 
-0.689232 -0.602090 0.555091 
-0.679689 -0.612890 0.564255 
-0.638242 -0.133433 0.829126 
-0.622524 -0.177218 0.833107 
-0.522347 -0.641449 0.779297 
-0.478742 -0.676575 0.827257 
-0.700656 -0.658753 0.514363 
-0.703539 -0.673055 0.504083 
-0.595329 -0.286536 0.825643 
-0.584172 -0.249538 0.857576 
-0.996993 -0.049020 0.347070 
-1.033723 -0.030102 0.302110 
-0.632974 -0.034845 0.878891 
-0.601921 -0.000369 0.938482 
-0.825483 -0.528502 0.389766 
-0.842179 -0.509767 0.373663 
-0.567947 -0.251079 0.880352 
-0.567409 -0.250383 0.881426 
-0.995621 0.015246 0.376531 
-0.994875 0.050198 0.392553 
-0.928653 -0.568613 0.223605 
-0.883924 -0.621038 0.265791 
-0.658121 -0.681374 0.566123 
-0.651506 -0.684892 0.574173 
-0.575518 -0.664493 0.692646 
-0.581918 -0.696484 0.669724 
-0.508936 -0.586750 0.822054 
-0.492013 -0.517722 0.876012 
-0.871340 -0.182549 0.471457 
-0.880490 -0.183506 0.457834 
-1.026425 0.259480 0.436471 
-1.022140 0.298636 0.459402 
-0.788394 -0.636526 0.397144 
-0.789591 -0.666900 0.382428 
-0.667133 -0.508833 0.626883 
-0.664999 -0.508555 0.630084 
-1.036278 -0.053436 0.288442 
-1.053794 -0.055405 0.262301 
-0.601607 -0.007309 0.935968 
-0.537167 0.049260 1.053229 
-0.598567 -0.091034 0.904560 
-0.596083 -0.095090 0.906413 
-0.762451 -0.701594 0.406793 
-0.759274 -0.709562 0.407974 
-1.116886 0.220747 0.289255 
-1.121225 0.221633 0.283368 
-0.886325 -0.584295 0.278034 
-0.878460 -0.587209 0.288148 
-0.560063 -0.042953 0.980731 
-0.523651 -0.074193 1.019963 
-1.023234 -0.384531 0.165710 
-1.062153 -0.367046 0.116976 
-0.853427 0.054828 0.598829 
-0.853080 0.053581 0.598797 
-1.108805 0.152695 0.271828 
-1.103618 0.109010 0.260641 
-0.961677 -0.162670 0.349483 
-0.961700 -0.162497 0.349523 
-0.542597 -0.722850 0.715244 
-0.542000 -0.723908 0.715653 
-0.861494 -0.078666 0.530098 
-0.862644 -0.086669 0.525015 
-0.855219 -0.644880 0.297056 
-0.847782 -0.659365 0.301604 
-0.873528 -0.528973 0.320172 
-0.872037 -0.522526 0.325083 
-0.526048 -0.284156 0.926724 
-0.513144 -0.294343 0.941006 
-0.905168 -0.125472 0.447005 
-0.906864 -0.122611 0.445779 
-1.041982 -0.211695 0.212534 
-1.052182 -0.177043 0.212618 
-0.479820 -0.664966 0.830663 
-0.479657 -0.665056 0.830859 
-0.680031 -0.169250 0.753455 
-0.681340 -0.160884 0.755142 
-0.542389 -0.111319 0.977025 
-0.539828 -0.121226 0.976487 
