-0.587411 -0.585547 0.563101 
-0.582110 -0.516922 0.654344 
-0.535002 -0.597855 0.608947 
-0.356954 -0.639670 0.764698 
-0.609002 -0.532148 0.604119 
-0.665869 -0.391499 0.712155 
-0.498094 -0.585025 0.667881 
-0.371056 -0.540863 0.870730 
-0.492257 -0.651618 0.592143 
-0.324980 -0.862008 0.526384 
-0.480247 -0.553022 0.728356 
-0.423245 -0.450808 0.921510 
-0.666057 -0.499950 0.577509 
-0.799789 -0.424481 0.515139 
-0.466950 -0.705829 0.554451 
-0.320374 -1.019826 0.336136 
-0.632118 -0.634931 0.449767 
-0.635549 -0.635505 0.445055 
-0.601499 -0.689840 0.417403 
-0.544907 -0.791328 0.357586 
-0.424896 -0.595333 0.740443 
-0.243498 -0.733995 0.780056 
-0.680395 -0.448806 0.624186 
-0.721920 -0.300693 0.759363 
-0.388416 -0.581979 0.799527 
-0.307061 -0.552200 0.931288 
-0.602217 -0.733827 0.362043 
-0.604912 -0.898950 0.154228 
-0.625087 -0.761473 0.301112 
-0.733243 -0.892219 0.012953 
-0.496563 -0.501181 0.773592 
-0.535886 -0.376238 0.882615 
-0.628740 -0.803700 0.244512 
-0.640213 -0.936298 0.066779 
-0.677332 -0.636251 0.395416 
-0.736503 -0.637980 0.324288 
-0.640269 -0.840615 0.185314 
-0.659926 -0.903562 0.084372 
-0.432448 -0.760849 0.526478 
-0.297414 -0.976184 0.416999 
-0.733644 -0.597022 0.378389 
-0.873882 -0.499326 0.335985 
-0.786594 -0.583391 0.333551 
-0.944548 -0.542732 0.199795 
-0.843559 -0.553445 0.304255 
-0.910410 -0.518302 0.269876 
-0.642369 -0.579742 0.506223 
-0.651441 -0.571270 0.506148 
-0.572268 -0.842212 0.262614 
-0.474891 -0.908621 0.293829 
-0.413755 -0.813448 0.483075 
-0.385143 -0.893957 0.416640 
-0.677688 -0.852812 0.126569 
-0.713343 -0.864434 0.070595 
-0.687778 -0.400574 0.675364 
-0.703483 -0.297972 0.784231 
-0.337771 -0.631283 0.797459 
-0.207661 -0.757950 0.792146 
-0.553453 -0.472153 0.743246 
-0.578040 -0.459608 0.730130 
-0.736863 -0.422993 0.590348 
-0.791571 -0.397984 0.557565 
-0.792124 -0.402557 0.551251 
-0.875226 -0.371827 0.492456 
-0.672924 -0.710019 0.309118 
-0.681135 -0.701188 0.310492 
-0.477510 -0.470186 0.834224 
-0.426395 -0.387036 0.996884 
-0.359407 -0.830895 0.524811 
-0.176031 -0.889763 0.665636 
-0.388968 -0.867561 0.444899 
-0.331343 -0.993362 0.356150 
-0.789610 -0.537336 0.387121 
-0.789984 -0.531615 0.393776 
-0.493844 -0.418339 0.879447 
-0.513343 -0.356445 0.933431 
-0.847370 -0.359985 0.539610 
-1.056294 -0.198990 0.495589 
-0.458894 -0.403157 0.939012 
-0.417594 -0.385216 1.009400 
-0.843921 -0.317632 0.596129 
-0.842967 -0.305919 0.611759 
-0.387712 -0.912665 0.390456 
-0.385363 -0.997017 0.288639 
-0.402417 -0.441646 0.957149 
-0.322813 -0.495896 0.982713 
-0.330705 -0.946996 0.414366 
-0.287207 -0.973191 0.432609 
-0.638409 -0.406444 0.725645 
-0.635850 -0.406748 0.728251 
-0.856264 -0.589491 0.244763 
-0.861544 -0.604471 0.220040 
-0.904354 -0.329756 0.510643 
-0.949459 -0.305829 0.487715 
-0.308199 -0.840490 0.572620 
-0.210350 -0.858824 0.663974 
-0.521806 -0.850244 0.311492 
-0.514880 -0.851346 0.318200 
-0.876693 -0.498422 0.333828 
-0.911534 -0.440565 0.364923 
-0.948810 -0.276597 0.524705 
-1.050732 -0.154722 0.556944 
-0.278310 -0.994424 0.416663 
-0.193125 -1.071535 0.420397 
-0.879933 -0.616405 0.183809 
-0.892183 -0.630335 0.152261 
-0.292457 -0.684080 0.784846 
-0.231727 -0.754839 0.767942 
-0.358889 -0.437741 1.012737 
-0.331211 -0.435257 1.048085 
-1.000741 -0.265400 0.478039 
-1.033976 -0.258234 0.448173 
-0.541749 -0.366927 0.887321 
-0.581660 -0.324095 0.893881 
-0.290078 -0.938969 0.471681 
-0.279752 -0.936929 0.486248 
-0.273330 -0.825214 0.632208 
-0.240196 -0.810699 0.688830 
-0.933015 -0.473436 0.299135 
-0.957440 -0.462600 0.284090 
-0.898643 -0.647689 0.123218 
-0.910621 -0.667715 0.084430 
-0.306882 -0.611553 0.857928 
-0.286129 -0.598297 0.898553 
-0.961810 -0.225959 0.572316 
-0.973673 -0.179752 0.615759 
-0.224251 -1.011023 0.459114 
-0.134682 -1.038525 0.529450 
-0.223201 -0.874980 0.628966 
-0.195588 -0.902393 0.627180 
-0.414569 -0.936536 0.329556 
-0.438413 -0.957730 0.275486 
-0.674921 -0.351523 0.751152 
-0.717828 -0.286983 0.781127 
-0.722253 -0.855147 0.071718 
-0.759350 -0.857091 0.026058 
-0.681693 -0.756996 0.240666 
-0.687326 -0.752028 0.240257 
-0.848063 -0.403986 0.484262 
-0.848147 -0.409299 0.477579 
-0.357140 -0.787823 0.580844 
-0.357034 -0.785815 0.583455 
-0.844879 -0.693185 0.129507 
-0.811147 -0.721730 0.133452 
-0.486117 -0.905219 0.284957 
-0.484703 -0.907398 0.283906 
-0.932591 -0.569309 0.180793 
-0.939730 -0.562923 0.180384 
-1.017901 -0.185867 0.556616 
-1.055979 -0.158650 0.545958 
-0.178083 -0.927864 0.616017 
-0.161092 -0.947780 0.611140 
-0.375088 -0.385939 1.058060 
-0.378879 -0.373817 1.068667 
-0.752217 -0.875858 0.011112 
-0.767779 -0.886614 -0.020363 
-0.437137 -0.671555 0.631694 
-0.396804 -0.686143 0.660634 
-0.402506 -0.485994 0.902074 
-0.402523 -0.494472 0.891546 
-0.193826 -0.961570 0.555883 
-0.194643 -0.963317 0.552766 
-0.345862 -0.512936 0.934718 
-0.306147 -0.531827 0.957607 
-0.587826 -0.366861 0.833684 
-0.590073 -0.366857 0.831067 
-0.805252 -0.307017 0.654370 
-0.803642 -0.306575 0.656794 
-0.809257 -0.844430 -0.016433 
-0.853760 -0.819909 -0.037925 
-0.481520 -0.755543 0.475844 
-0.501013 -0.753435 0.455730 
-0.170982 -1.057280 0.463882 
-0.132699 -1.090524 0.467309 
-0.381631 -0.692898 0.669951 
-0.358987 -0.701605 0.685559 
-0.858388 -0.260569 0.649993 
-0.865371 -0.254464 0.649418 
-0.366174 -0.987627 0.322650 
-0.356528 -0.997810 0.321273 
-0.678083 -0.908418 0.057185 
-0.658850 -0.931614 0.050856 
-1.066143 -0.182088 0.505056 
-1.082900 -0.180775 0.487147 
-0.291731 -0.529745 0.976994 
-0.288546 -0.530734 0.979482 
-0.578669 -0.882684 0.204985 
-0.579214 -0.886127 0.200084 
-0.904473 -0.378515 0.450068 
-0.908465 -0.376712 0.447648 
-0.369085 -0.551219 0.860191 
-0.367833 -0.549227 0.864120 
