-0.483223 -0.164890 0.859830 
-0.394867 -0.138389 0.908256 
-0.446088 -0.036578 0.894242 
-0.539776 -0.181557 0.821997 
-0.574359 -0.228843 0.785966 
-0.579049 -0.126070 0.805486 
-0.387584 -0.009320 0.921787 
-0.375076 -0.205500 0.903929 
-0.592048 -0.285089 0.753793 
-0.319022 -0.174311 0.931580 
-0.414489 0.053552 0.908477 
-0.393391 0.117979 0.911770 
-0.631648 -0.102450 0.768456 
-0.253611 -0.176840 0.951004 
-0.237305 -0.241996 0.940811 
-0.188003 -0.284111 0.940179 
-0.414736 0.178162 0.892330 
-0.681718 -0.098663 0.724932 
-0.550026 -0.337542 0.763896 
-0.375339 -0.272397 0.885957 
-0.180089 -0.345489 0.920981 
-0.130120 -0.378592 0.916372 
-0.712027 -0.143168 0.687402 
-0.227106 -0.115542 0.966992 
-0.729512 -0.196204 0.655222 
-0.732793 -0.254918 0.630897 
-0.330654 0.129250 0.934859 
-0.628074 -0.034063 0.777408 
-0.276719 0.163479 0.946943 
-0.632566 0.033884 0.773765 
-0.127386 -0.269013 0.954675 
-0.510560 -0.391251 0.765670 
-0.461932 0.213120 0.860929 
-0.458255 -0.430054 0.777853 
-0.747316 -0.298749 0.593521 
-0.464129 -0.480872 0.743872 
-0.418910 0.259859 0.870050 
-0.592400 -0.360712 0.720381 
-0.518120 0.221232 0.826201 
-0.757203 -0.341035 0.557080 
-0.564242 0.244909 0.788448 
-0.261240 0.223505 0.939042 
-0.786427 -0.287853 0.546510 
-0.603237 0.272095 0.749713 
-0.718664 -0.382436 0.580746 
-0.119843 -0.433037 0.893374 
-0.200668 -0.054146 0.978162 
-0.565773 0.320493 0.759727 
-0.094164 -0.477923 0.873340 
-0.200661 0.230063 0.952264 
-0.152079 0.260583 0.953398 
-0.633724 -0.376533 0.675734 
-0.171143 -0.461301 0.870581 
-0.652242 0.259363 0.712258 
-0.697756 0.243093 0.673827 
-0.642233 -0.286270 0.711045 
-0.137594 -0.049012 0.989275 
-0.320234 0.063357 0.945218 
-0.097776 -0.000309 0.995208 
-0.689291 0.191574 0.698697 
-0.500849 -0.317570 0.805171 
-0.678542 0.136337 0.721798 
-0.581859 0.184079 0.792184 
-0.520440 -0.467983 0.714237 
-0.697509 -0.436455 0.568321 
-0.743039 -0.091564 0.662954 
-0.235789 -0.371761 0.897885 
-0.447598 -0.376228 0.811239 
-0.284833 0.277872 0.917419 
-0.399825 -0.454170 0.796160 
-0.162340 0.181520 0.969895 
-0.094790 0.248228 0.964053 
-0.636146 -0.169252 0.752777 
-0.707511 0.288276 0.645233 
-0.716815 0.093057 0.691026 
-0.250196 -0.427458 0.868724 
-0.629749 0.215463 0.746319 
-0.082113 0.060826 0.994765 
-0.752777 0.052935 0.656143 
-0.472808 0.075953 0.877886 
-0.336070 -0.053029 0.940343 
-0.279620 -0.473422 0.835275 
-0.787457 0.021683 0.615988 
-0.055651 0.202821 0.977633 
-0.304275 -0.395226 0.866726 
-0.002638 0.180589 0.983555 
-0.183442 0.124079 0.975168 
-0.068100 -0.255683 0.964359 
-0.151209 0.034457 0.987901 
