-0.440741 0.679115 -0.586984 
-0.408978 0.748743 -0.521651 
-0.380360 0.793142 -0.475660 
-0.525855 0.692875 -0.493357 
-0.482793 0.627944 -0.610408 
-0.525536 0.575689 -0.626413 
-0.326857 0.829645 -0.452608 
-0.269560 0.828788 -0.490354 
-0.538547 0.723677 -0.431577 
-0.205339 0.840529 -0.501346 
-0.570432 0.524839 -0.631785 
-0.569547 0.472660 -0.672465 
-0.178108 0.811927 -0.555925 
-0.623100 0.454580 -0.636477 
-0.589040 0.709630 -0.386597 
-0.631930 0.659454 -0.407167 
-0.682204 0.623183 -0.382415 
-0.516612 0.472151 -0.714272 
-0.330174 0.859040 -0.391198 
-0.723843 0.601073 -0.338765 
-0.274880 0.887438 -0.369993 
-0.469445 0.454829 -0.756804 
-0.472167 0.572185 -0.670568 
-0.409861 0.471270 -0.780973 
-0.655073 0.480221 -0.583324 
-0.583026 0.743506 -0.327536 
-0.702567 0.459716 -0.543194 
-0.193674 0.770805 -0.606918 
-0.662452 0.405837 -0.629646 
-0.264259 0.912577 -0.312044 
-0.602474 0.752722 -0.265395 
-0.167623 0.735392 -0.656583 
-0.158693 0.691494 -0.704736 
-0.266133 0.930366 -0.252173 
-0.763571 0.552242 -0.334646 
-0.577180 0.417090 -0.702067 
-0.526304 0.775050 -0.349716 
-0.644199 0.732097 -0.221453 
-0.583161 0.654769 -0.480833 
-0.119689 0.660727 -0.741023 
-0.222330 0.950019 -0.219163 
-0.484026 0.766749 -0.421682 
-0.305876 0.930389 -0.202030 
-0.078003 0.698712 -0.711138 
-0.119481 0.805963 -0.579783 
-0.350033 0.477815 -0.805711 
-0.177023 0.635785 -0.751293 
-0.074522 0.636209 -0.767909 
-0.549832 0.637285 -0.539956 
-0.469482 0.401230 -0.786512 
-0.719121 0.634891 -0.282450 
-0.391982 0.844295 -0.365399 
-0.668087 0.351659 -0.655741 
-0.360569 0.916910 -0.171073 
-0.640568 0.317500 -0.699190 
-0.109075 0.592798 -0.797930 
-0.709112 0.570470 -0.414397 
-0.202673 0.923937 -0.324446 
-0.688007 0.700314 -0.190281 
-0.778280 0.564409 -0.275176 
-0.385161 0.674972 -0.629336 
-0.077552 0.557222 -0.826734 
-0.418320 0.895357 -0.152789 
-0.612369 0.769958 -0.179357 
-0.627552 0.536744 -0.563990 
-0.192416 0.874169 -0.445875 
-0.229494 0.714906 -0.660486 
-0.503532 0.811204 -0.297326 
-0.697878 0.538145 -0.472617 
-0.293280 0.708645 -0.641724 
-0.577579 0.804416 -0.138988 
-0.164314 0.957518 -0.236983 
-0.474974 0.865775 -0.157589 
-0.229389 0.959727 -0.162189 
-0.290860 0.479877 -0.827719 
-0.603626 0.293049 -0.741457 
-0.364232 0.902580 -0.229532 
-0.384497 0.426181 -0.818860 
-0.675902 0.683635 -0.275318 
-0.208532 0.587227 -0.782099 
-0.357972 0.638732 -0.681085 
-0.355057 0.877694 -0.321852 
-0.429432 0.878469 -0.209476 
-0.638992 0.758604 -0.127313 
-0.799867 0.557742 -0.221667 
-0.556520 0.285242 -0.780335 
-0.125516 0.522986 -0.843049 
-0.735901 0.408545 -0.539944 
-0.107130 0.962917 -0.247617 
-0.674998 0.274167 -0.684989 
-0.375310 0.584857 -0.719086 
-0.751020 0.617304 -0.234317 
