-0.893437 0.204143 0.406321 
-1.038266 0.210322 0.137856 
-0.927893 0.161749 0.361427 
-1.018591 0.050158 0.243256 
-0.939821 0.215024 0.316488 
-0.991575 0.446179 0.121501 
-0.964870 0.245002 0.257548 
-1.056115 0.354202 0.042850 
-0.832846 0.263810 0.491704 
-0.674086 0.622735 0.627774 
-0.797975 0.303913 0.538349 
-0.521576 0.621784 0.908074 
-0.962919 0.311109 0.232527 
-0.957674 0.488895 0.165237 
-0.764201 0.303588 0.600471 
-0.669285 0.302676 0.775057 
-0.972582 0.367176 0.190538 
-1.007564 0.570175 0.038511 
-0.744152 0.370965 0.608116 
-0.683376 0.575203 0.631290 
-0.961260 0.114666 0.320563 
-1.025575 0.023910 0.241795 
-0.947227 0.064258 0.368125 
-0.923672 -0.020355 0.447960 
-0.715345 0.429342 0.635725 
-0.673975 0.513182 0.675376 
-0.946156 0.429062 0.212260 
-0.834967 0.689456 0.303657 
-0.924297 0.029470 0.425256 
-0.881749 -0.035081 0.531270 
-0.997342 0.088610 0.265616 
-1.028908 0.065817 0.217549 
-1.000398 0.021902 0.288869 
-1.002302 -0.019665 0.303358 
-0.898487 0.001360 0.484785 
-0.791189 -0.115497 0.732256 
-0.736297 0.281078 0.661420 
-0.637641 0.201493 0.876907 
-0.930419 0.497993 0.211319 
-0.888575 0.681269 0.208818 
-0.738718 0.463168 0.578197 
-0.759735 0.493585 0.526466 
-0.738163 0.528429 0.550980 
-0.738161 0.528733 0.550853 
-0.998695 0.278521 0.180970 
-1.035587 0.244917 0.127805 
-1.010331 -0.047133 0.300507 
-1.032047 -0.198061 0.325952 
-0.705169 0.509564 0.619693 
-0.700076 0.516608 0.625992 
-0.725273 0.226654 0.705197 
-0.713341 0.167740 0.752584 
-0.673269 0.561274 0.655865 
-0.625307 0.639018 0.710249 
-0.677855 0.622579 0.620926 
-0.680485 0.657746 0.600883 
-1.014014 0.209512 0.182713 
-1.018648 0.188637 0.183241 
-0.993845 -0.093840 0.350972 
-0.985006 -0.118879 0.378024 
-0.712765 0.174142 0.750871 
-0.678203 0.029046 0.877075 
-0.926772 0.564997 0.189023 
-0.919555 0.697574 0.144908 
-0.681402 0.429954 0.697753 
-0.615293 0.431145 0.818561 
-0.774803 0.437284 0.523171 
-0.779756 0.433731 0.515619 
-1.036258 0.005370 0.230211 
-1.093026 -0.020800 0.137352 
-0.640901 0.554190 0.718332 
-0.628550 0.551487 0.742167 
-0.879150 -0.040508 0.538386 
-0.780087 -0.255003 0.812988 
-0.843467 -0.026459 0.597795 
-0.821183 -0.017686 0.634894 
-1.072316 -0.015658 0.173135 
-1.076175 -0.017909 0.167026 
-0.612186 0.534066 0.779736 
-0.559526 0.497161 0.892345 
-0.810898 0.414119 0.466952 
-0.816267 0.410673 0.458590 
-0.676708 0.195145 0.807956 
-0.646977 0.212463 0.855027 
-0.641491 0.232951 0.856231 
-0.618453 0.257682 0.887810 
-0.910003 -0.094833 0.505267 
-0.938840 -0.145607 0.474313 
-0.805607 0.481854 0.447357 
-0.805092 0.488447 0.445450 
-1.102846 -0.070706 0.140923 
-1.128606 -0.117154 0.113743 
-0.845130 0.411824 0.405122 
-0.848505 0.411598 0.399027 
-0.609397 0.471228 0.812041 
-0.608013 0.440040 0.828074 
-0.991530 -0.157056 0.382569 
-0.989069 -0.224299 0.416178 
-0.994010 0.155459 0.242810 
-0.993943 0.156809 0.242350 
-0.671102 0.134785 0.844359 
-0.663148 0.049151 0.896005 
-1.133698 -0.057648 0.078652 
-1.154002 -0.049055 0.037673 
-0.891646 0.603458 0.236845 
-0.831710 0.669087 0.318448 
-0.579702 0.584098 0.817705 
-0.556841 0.619308 0.844426 
-1.049189 0.171401 0.134648 
-1.073320 0.145257 0.101674 
-0.948667 0.601950 0.132853 
-0.955700 0.613820 0.114810 
-0.761372 0.202218 0.649521 
-0.783047 0.187545 0.616090 
-0.888563 0.670181 0.213638 
-0.886031 0.724972 0.194580 
-0.896069 -0.145381 0.552710 
-0.867162 -0.250237 0.651125 
-0.712202 0.619578 0.559190 
-0.714534 0.619374 0.554998 
-0.878254 0.363873 0.365079 
-0.892738 0.342906 0.347569 
-0.984144 0.590215 0.072822 
-0.994191 0.586892 0.055822 
-1.084898 0.138013 0.083559 
-1.113865 0.110930 0.042117 
-1.027246 -0.190375 0.331438 
-1.055212 -0.216464 0.291402 
-1.085571 0.202449 0.054446 
-1.086103 0.253357 0.031446 
-0.868161 -0.167881 0.613660 
-0.782235 -0.237158 0.801324 
-0.839155 -0.187111 0.675213 
-0.743952 -0.250228 0.877236 
-0.772357 0.133051 0.659285 
-0.779753 0.086482 0.665860 
-0.808198 -0.016704 0.658300 
-0.777194 -0.008129 0.711489 
-0.803213 -0.169123 0.733391 
-0.777535 -0.156271 0.774954 
-0.683402 0.065545 0.851743 
-0.684162 0.061266 0.852199 
-0.930759 -0.186531 0.506849 
-0.937930 -0.195037 0.497369 
-0.629858 0.404078 0.803542 
-0.631568 0.398466 0.802832 
-0.716058 0.016047 0.813226 
-0.740793 -0.021444 0.784052 
-0.958141 -0.079542 0.410308 
-0.949697 -0.076160 0.424342 
-0.725514 -0.052908 0.825706 
-0.731845 -0.099082 0.834063 
-1.006890 0.364412 0.128770 
-1.040010 0.361744 0.069143 
-0.622787 0.622440 0.722046 
-0.621077 0.628885 0.722397 
-0.857201 0.607078 0.298493 
-0.841741 0.608702 0.326164 
-0.966496 0.476076 0.154591 
-0.967337 0.475565 0.153270 
-1.159357 -0.120457 0.058737 
-1.172901 -0.153611 0.048225 
-0.609583 0.284641 0.892426 
-0.609173 0.285304 0.892890 
-0.787410 0.238359 0.586099 
-0.788145 0.236293 0.585644 
-0.556672 0.549526 0.874928 
-0.542570 0.528359 0.909965 
-0.746690 0.615677 0.497584 
-0.775301 0.612440 0.446478 
-0.818136 0.183747 0.553337 
-0.819603 0.181140 0.551773 
-1.153037 -0.180126 0.096150 
-1.147943 -0.228224 0.126309 
-0.810106 0.543236 0.412544 
-0.810639 0.550513 0.408417 
-1.032369 0.080886 0.204678 
-1.032452 0.080867 0.204533 
-1.127453 -0.208798 0.155508 
-1.127128 -0.209162 0.156262 
-0.773965 0.026783 0.702311 
-0.771602 0.029784 0.705347 
-0.740647 -0.121948 0.827803 
-0.744856 -0.141149 0.828386 
-0.790915 -0.221913 0.778799 
-0.787342 -0.237252 0.791993 
