-0.492784 0.187574 0.849694 
-0.511705 0.304562 0.803368 
-0.535412 0.357945 0.764990 
-0.584610 0.310727 0.749453 
-0.480491 0.397920 0.781529 
-0.503260 0.446914 0.739593 
-0.550263 0.464105 0.694130 
-0.456355 0.135575 0.879409 
-0.549452 0.158366 0.820380 
-0.418425 0.416636 0.807053 
-0.605353 0.140876 0.783391 
-0.355785 0.416530 0.836612 
-0.393134 0.141647 0.908505 
-0.653410 0.162530 0.739351 
-0.298930 0.394812 0.868772 
-0.549507 0.089849 0.830644 
-0.695027 0.121186 0.708697 
-0.714362 0.060161 0.697186 
-0.735662 0.143020 0.662078 
-0.253547 0.354301 0.900103 
-0.217427 0.303874 0.927570 
-0.164825 0.341725 0.925233 
-0.460793 0.067047 0.884971 
-0.625080 0.339737 0.702747 
-0.411970 0.027532 0.910782 
-0.660963 0.367345 0.654359 
-0.344734 0.100556 0.933299 
-0.297333 0.058877 0.952957 
-0.566909 0.507277 0.649064 
-0.187705 0.248353 0.950309 
-0.721135 -0.002934 0.692788 
-0.353044 0.198552 0.914296 
-0.266741 0.003935 0.963760 
-0.512483 0.541919 0.666096 
-0.325976 0.473593 0.818199 
-0.112715 0.375288 0.920029 
-0.617991 0.467616 0.631999 
-0.775974 0.139997 0.615033 
-0.068662 0.335179 0.939649 
-0.512467 0.588176 0.625641 
-0.703051 0.318580 0.635787 
-0.031968 0.380153 0.924371 
-0.811237 0.121232 0.572011 
-0.272977 0.510756 0.815237 
-0.279653 0.562818 0.777837 
-0.656884 0.228218 0.718624 
-0.297724 0.303199 0.905224 
-0.182034 0.183663 0.965987 
-0.501648 0.633056 0.589567 
-0.697059 -0.058882 0.714592 
-0.277530 -0.058803 0.958916 
-0.340787 0.560909 0.754483 
0.008440 0.416437 0.909126 
-0.735638 -0.077377 0.672941 
-0.650607 -0.077975 0.755401 
-0.265471 0.611851 0.745093 
-0.653928 0.482174 0.582998 
-0.455906 0.603680 0.654003 
-0.628716 0.536239 0.563173 
-0.708208 -0.129269 0.694069 
-0.120931 0.180386 0.976133 
-0.719784 0.362318 0.592146 
-0.210758 0.596685 0.774305 
-0.315647 -0.108149 0.942694 
-0.762677 -0.026592 0.646233 
-0.206240 -0.003313 0.978496 
-0.149979 0.024286 0.988391 
-0.373130 -0.126440 0.919123 
-0.101255 0.433061 0.895659 
-0.783850 -0.069314 0.617070 
-0.637898 -0.137780 0.757695 
-0.622441 0.579933 0.525591 
-0.146224 -0.036339 0.988584 
-0.419011 -0.087147 0.903789 
-0.475084 -0.104949 0.873660 
-0.014250 0.467501 0.883878 
-0.479401 -0.164095 0.862118 
-0.745543 0.202962 0.634800 
-0.226168 0.133651 0.964876 
-0.454133 0.493808 0.741564 
-0.817070 0.179571 0.547861 
-0.282598 -0.155375 0.946571 
-0.831526 0.070861 0.550948 
-0.546989 0.632468 0.548440 
-0.149964 -0.095409 0.984077 
-0.615980 0.618767 0.487540 
-0.357546 -0.182350 0.915920 
-0.307070 0.638983 0.705272 
