-0.919856 0.337408 0.212179 
-0.868999 0.354172 0.505308 
-0.941159 0.271597 0.226843 
-1.068844 -0.122875 0.314738 
-0.965675 0.221828 0.183001 
-1.071189 0.007628 -0.005687 
-0.990971 0.166622 0.146774 
-1.128070 -0.132581 -0.049574 
-0.895186 0.388110 0.254849 
-0.804898 0.573665 0.411013 
-1.004365 0.111263 0.188678 
-1.043166 -0.049109 0.310073 
-0.869754 0.451761 0.272220 
-0.740555 0.775121 0.360466 
-1.008455 0.074148 0.248725 
-1.028089 -0.104034 0.536997 
-0.921894 0.382723 0.092924 
-0.843585 0.767535 -0.295031 
-0.990204 0.097732 0.312840 
-0.979659 0.111360 0.349889 
-0.984417 0.084315 0.382025 
-0.976900 0.066887 0.471887 
-0.909868 0.435698 0.047657 
-0.900180 0.478369 0.011195 
-0.844660 0.516774 0.284200 
-0.774297 0.699066 0.317793 
-0.923465 0.427148 -0.021205 
-0.976807 0.393610 -0.291354 
-0.890681 0.499479 0.023913 
-0.885251 0.517531 0.017192 
-0.848959 0.534030 0.215762 
-0.849097 0.534581 0.213577 
-0.821221 0.560873 0.334259 
-0.758898 0.678132 0.467362 
-0.845885 0.486102 0.347901 
-0.845936 0.484827 0.350548 
-0.961847 0.203376 0.251155 
-0.961835 0.203321 0.251359 
-0.959859 0.150343 0.388127 
-0.938385 0.208079 0.393463 
-1.008127 0.146755 0.081116 
-1.033946 0.116856 -0.017690 
-0.981206 0.064313 0.449772 
-0.977486 0.041150 0.528230 
-0.872688 0.561805 -0.004224 
-0.815310 0.760550 -0.093946 
-0.872015 0.591195 -0.068534 
-0.870307 0.665704 -0.231575 
-0.846430 0.649756 -0.038268 
-0.846359 0.649919 -0.038184 
-1.028697 0.114760 0.021507 
-1.105266 -0.004338 -0.200385 
-0.941826 0.403178 -0.085145 
-1.004594 0.321238 -0.303719 
-0.804595 0.578982 0.400559 
-0.797450 0.586765 0.429053 
-0.826804 0.600378 0.205416 
-0.780746 0.738309 0.183908 
-0.966522 0.352323 -0.127616 
-1.037831 0.205473 -0.250257 
-0.786682 0.641204 0.372143 
-0.768741 0.703521 0.343685 
-0.964667 0.384440 -0.190585 
-0.962898 0.415075 -0.250648 
-0.990089 0.328020 -0.224797 
-1.032545 0.233797 -0.281932 
-0.839465 0.692975 -0.093799 
-0.836876 0.709045 -0.114448 
-1.015548 0.271199 -0.258312 
-1.037789 0.221560 -0.287592 
-1.050087 0.079558 -0.035967 
-1.132145 -0.055484 -0.256445 
-0.767451 0.668246 0.434584 
-0.745781 0.698717 0.504942 
-0.956653 0.114301 0.493342 
-0.943600 0.140875 0.516505 
-1.040711 0.206391 -0.271224 
-1.058590 0.160345 -0.280397 
-0.758330 0.715786 0.383040 
-0.756827 0.723618 0.374548 
-1.029443 0.144830 -0.053670 
-1.027299 0.151609 -0.055509 
-1.006849 0.003615 0.424117 
-1.055846 -0.112362 0.375098 
-0.878378 0.603098 -0.137945 
-0.882223 0.610292 -0.179891 
-1.072555 0.039878 -0.090010 
-1.081922 0.023334 -0.112542 
-0.982490 0.033506 0.513405 
-0.983267 0.014860 0.551919 
-1.012516 0.305974 -0.319806 
-1.012122 0.310502 -0.327812 
-0.892402 0.593244 -0.206547 
-0.912992 0.578775 -0.307261 
-0.784327 0.674460 0.309785 
-0.782931 0.694171 0.272823 
-0.938339 0.216311 0.374521 
-0.924626 0.258347 0.365852 
-1.030953 -0.062825 0.421945 
-1.054586 -0.127967 0.419815 
-0.885122 0.637110 -0.261526 
-0.871445 0.719507 -0.364798 
-0.928771 0.457958 -0.127908 
-0.928520 0.459011 -0.128730 
-0.997558 0.283771 -0.170150 
-0.998715 0.276911 -0.161678 
-0.820770 0.519187 0.434661 
-0.826957 0.496316 0.447705 
-0.745924 0.703995 0.491669 
-0.727434 0.734702 0.540702 
-1.040676 -0.060067 0.351960 
-1.050007 -0.057422 0.284802 
-0.906362 0.488277 -0.052362 
-0.905073 0.492885 -0.054711 
-1.032858 -0.095059 0.484852 
-1.034423 -0.121530 0.536513 
-0.732988 0.779911 0.398714 
-0.732774 0.780453 0.398847 
-0.913949 0.265348 0.419248 
-0.891677 0.310128 0.460090 
-0.888338 0.324462 0.448397 
-0.864211 0.380151 0.475857 
-0.862936 0.380675 0.482962 
-0.844878 0.420636 0.507534 
-0.892552 0.421994 0.192841 
-0.891708 0.432853 0.172969 
-0.992883 0.370251 -0.341784 
-0.991217 0.375704 -0.343649 
-0.908018 0.534292 -0.170758 
-0.909451 0.528881 -0.167473 
-0.844361 0.405392 0.546555 
-0.837881 0.414014 0.568739 
-0.821193 0.704453 -0.001237 
-0.776765 0.800743 0.063956 
-1.064134 0.023105 0.004230 
-1.088324 -0.074116 0.073456 
-0.916075 0.548002 -0.255463 
-0.933031 0.515597 -0.290500 
-0.885500 0.385246 0.324835 
-0.882234 0.384280 0.348439 
-0.927651 0.545465 -0.325173 
-0.933478 0.544187 -0.360262 
-0.876494 0.683681 -0.314030 
-0.876338 0.684527 -0.314984 
-1.098074 -0.023156 -0.109391 
-1.140304 -0.127469 -0.141465 
-1.069575 -0.016925 0.062264 
-1.071134 -0.028396 0.078895 
-0.932378 0.162694 0.538827 
-0.915049 0.197239 0.571297 
-0.966118 0.248584 0.117550 
-0.966200 0.253521 0.105473 
-0.945230 0.361020 -0.008824 
-0.954861 0.331758 -0.003345 
-0.981429 0.008228 0.579435 
-0.980105 -0.023330 0.661867 
-1.075212 0.061259 -0.157358 
-1.075652 0.064805 -0.168525 
-0.880661 0.474727 0.147258 
-0.878067 0.486228 0.137317 
-0.932525 0.190153 0.473666 
-0.932544 0.193666 0.465328 
-0.864857 0.417524 0.384265 
-0.863041 0.420362 0.389491 
-1.064353 -0.031814 0.131192 
-1.063167 -0.035198 0.146858 
-1.087565 0.056442 -0.226815 
-1.090121 0.055445 -0.241189 
-0.911596 0.195502 0.597918 
-0.901358 0.211665 0.627030 
-0.767242 0.735562 0.278566 
-0.762482 0.752587 0.269868 
-1.061713 -0.053238 0.198528 
-1.061028 -0.058795 0.215997 
-0.861164 0.564190 0.065500 
-0.855692 0.565322 0.098612 
-0.810540 0.660305 0.171589 
-0.810461 0.660598 0.171424 
-1.001862 -0.056852 0.598066 
-1.014018 -0.095568 0.609149 
-1.015231 0.221865 -0.140904 
-1.021248 0.200788 -0.130947 
-0.829868 0.741437 -0.144388 
-0.827379 0.754005 -0.157508 
-0.959355 0.074534 0.568656 
-0.958163 0.078114 0.568074 
-0.785280 0.724776 0.185922 
-0.782508 0.731850 0.187495 
-1.113121 -0.001657 -0.257982 
-1.146525 -0.077593 -0.298718 
-0.795796 0.760616 0.033413 
-0.782256 0.790559 0.051886 
-0.808595 0.523480 0.504183 
-0.805319 0.524636 0.522888 
-0.783302 0.587820 0.519037 
-0.783171 0.588154 0.519113 
