-0.680424 0.061443 -0.733654 
-1.015523 0.223623 -0.454153 
-0.574641 0.035675 -0.820679 
-0.330249 0.030626 -1.019153 
-0.529271 -0.002416 -0.859287 
-0.302485 -0.192813 -1.052270 
-0.732437 0.036695 -0.692639 
-0.896012 -0.041135 -0.563649 
-0.771472 0.084899 -0.658690 
-0.940099 0.293135 -0.512036 
-0.803289 0.141260 -0.630209 
-0.839038 0.204587 -0.598208 
-0.559171 0.104042 -0.829986 
-0.452747 0.574340 -0.894004 
-0.777773 -0.004942 -0.657840 
-0.785979 -0.012479 -0.651541 
-0.506730 0.127117 -0.871428 
-0.358991 0.192128 -0.988180 
-0.474901 0.009829 -0.902808 
-0.399527 0.026804 -0.963141 
-0.857480 0.127549 -0.586904 
-0.937080 0.107408 -0.523292 
-0.798646 -0.071079 -0.644046 
-0.860079 -0.265731 -0.603448 
-0.423084 0.035296 -0.943630 
-0.248552 0.121075 -1.081129 
-0.396764 -0.025692 -0.967872 
-0.342367 -0.151736 -1.017972 
-0.703870 -0.022542 -0.718619 
-0.685085 -0.061494 -0.735704 
-0.780507 -0.137054 -0.661887 
-0.677433 -0.511963 -0.763275 
-0.752676 0.170680 -0.669868 
-0.745140 0.175060 -0.675773 
-0.577401 0.169971 -0.812072 
-0.598214 0.245245 -0.791619 
-0.787264 0.224229 -0.639272 
-0.794686 0.235720 -0.632707 
-0.387218 -0.094883 -0.978896 
-0.361872 -0.278599 -1.008168 
-0.578815 0.240525 -0.807579 
-0.585464 0.572247 -0.786453 
-0.820122 -0.187514 -0.632148 
-0.908759 -0.300421 -0.565606 
-0.911833 0.135761 -0.542426 
-1.087742 0.162340 -0.398481 
-0.966432 0.141538 -0.497866 
-1.104264 0.156121 -0.385375 
-0.790327 0.294633 -0.633449 
-0.796205 0.429741 -0.622273 
-0.800804 -0.252894 -0.650918 
-0.693799 -0.615061 -0.754889 
-0.370430 0.057480 -0.985287 
-0.346897 0.067395 -1.003905 
-0.345413 0.121325 -1.002551 
-0.305718 0.222629 -1.029944 
-0.962788 0.212154 -0.497473 
-0.959159 0.282471 -0.497081 
-0.545846 0.298292 -0.831581 
-0.436252 0.490320 -0.911369 
-0.325434 0.187887 -1.015600 
-0.299058 0.275761 -1.032826 
-0.332522 -0.086123 -1.022846 
-0.179024 -0.061541 -1.146187 
-0.809053 -0.323042 -0.647554 
-0.823629 -0.447002 -0.641610 
-0.512291 0.355507 -0.856085 
-0.426050 0.502555 -0.919063 
-0.750044 -0.277969 -0.693280 
-0.708904 -0.298292 -0.727614 
-0.702079 -0.310574 -0.733732 
-0.621002 -0.365688 -0.802110 
-0.521484 0.424789 -0.845342 
-0.558859 0.706454 -0.801668 
-0.561715 -0.060662 -0.835734 
-0.598947 -0.127505 -0.808703 
-0.313620 -0.151718 -1.041289 
-0.313072 -0.153622 -1.041824 
-0.320274 0.258404 -1.016441 
-0.320020 0.261875 -1.016483 
-0.531002 0.493987 -0.834340 
-0.543533 0.585088 -0.819855 
-0.632189 0.162606 -0.767981 
-0.646642 0.160663 -0.756350 
-0.726189 -0.145569 -0.706351 
-0.681539 -0.152568 -0.742899 
-0.465226 0.320875 -0.895904 
-0.433804 0.297755 -0.922487 
-0.648494 -0.324111 -0.777839 
-0.554727 -0.347799 -0.855020 
-1.014268 0.104963 -0.460799 
-1.092912 0.044831 -0.399860 
-0.635997 -0.254852 -0.784691 
-0.632482 -0.235371 -0.786618 
-0.375091 0.251574 -0.972301 
-0.390443 0.249661 -0.959940 
-0.281239 -0.058813 -1.063148 
-0.245486 -0.039774 -1.091245 
-0.799314 -0.392181 -0.658733 
-0.780966 -0.522438 -0.679793 
-0.863260 -0.145431 -0.595161 
-0.890029 -0.119317 -0.572210 
-0.760084 -0.440124 -0.692827 
-0.703868 -0.508828 -0.741684 
-0.591577 0.335682 -0.792714 
-0.661500 0.392852 -0.733286 
-1.017728 0.210233 -0.453000 
-1.040503 0.209436 -0.434565 
-0.843904 0.308216 -0.589347 
-0.888211 0.319449 -0.552876 
-0.642916 -0.394163 -0.785686 
-0.638899 -0.444610 -0.791337 
-0.614725 -0.453706 -0.811376 
-0.586041 -0.514290 -0.837516 
-0.736077 0.251854 -0.679481 
-0.720588 0.260214 -0.691649 
-0.645824 0.322410 -0.749342 
-0.649955 0.321400 -0.746040 
-0.228901 -0.078288 -1.106524 
-0.150016 -0.107641 -1.171902 
-0.871355 0.058675 -0.578915 
-0.877815 0.026608 -0.575196 
-0.581719 0.519200 -0.792006 
-0.625071 0.540751 -0.755821 
-0.614212 -0.083509 -0.794235 
-0.624364 -0.087927 -0.786210 
-0.947519 0.280589 -0.506612 
-0.944419 0.294482 -0.508468 
-1.047703 0.047634 -0.436398 
-1.051499 0.041126 -0.433628 
-0.820266 0.372883 -0.605453 
-0.799284 0.430285 -0.619750 
-0.631688 0.391206 -0.757546 
-0.630885 0.395113 -0.758011 
-0.587685 0.589184 -0.783848 
-0.589926 0.615476 -0.780783 
-0.582291 -0.237898 -0.827449 
-0.541382 -0.224984 -0.860019 
-0.337806 -0.216066 -1.024723 
-0.380815 -0.330494 -0.995264 
-0.719326 -0.485922 -0.728059 
-0.693287 -0.515181 -0.750568 
-0.565819 0.654820 -0.798472 
-0.544697 0.718219 -0.812597 
-0.434757 0.380819 -0.917775 
-0.432932 0.384410 -0.919085 
-1.034980 -0.020589 -0.449954 
-1.017629 -0.113620 -0.468439 
-0.422898 0.214933 -0.935261 
-0.429431 0.209927 -0.930200 
-0.511308 0.665731 -0.842170 
-0.509371 0.666119 -0.843722 
-0.374868 -0.269628 -0.997201 
-0.448346 -0.375819 -0.942637 
-0.642371 0.580286 -0.739913 
-0.704481 0.570181 -0.690013 
-0.649029 -0.510194 -0.786230 
-0.656749 -0.522905 -0.780571 
-0.425869 -0.245319 -0.954680 
-0.472993 -0.222857 -0.915391 
-0.312021 0.066518 -1.032236 
-0.308194 0.060237 -1.035638 
-0.686455 0.383499 -0.713488 
-0.688287 0.383241 -0.712014 
-0.650850 0.456666 -0.738898 
-0.654275 0.468365 -0.735565 
-0.638479 0.252695 -0.758606 
-0.638144 0.249508 -0.759029 
-0.977697 0.053656 -0.492896 
-0.958678 0.026973 -0.509588 
-0.738031 -0.553052 -0.716071 
-0.749729 -0.595037 -0.708573 
-0.454636 -0.055044 -0.922322 
-0.453475 -0.058760 -0.923440 
