-0.467617 -0.357950 -0.808212 
-0.522733 -0.451537 -0.723094 
-0.553080 -0.490358 -0.673536 
-0.409805 -0.343370 -0.845078 
-0.608825 -0.457576 -0.648040 
-0.621108 -0.504248 -0.599966 
-0.376824 -0.293132 -0.878679 
-0.643223 -0.536023 -0.546757 
-0.318307 -0.327897 -0.889474 
-0.412190 -0.234053 -0.880522 
-0.644705 -0.398404 -0.652403 
-0.296750 -0.390867 -0.871299 
-0.687573 -0.348066 -0.637255 
-0.626720 -0.588295 -0.511010 
-0.256952 -0.444895 -0.857930 
-0.269645 -0.292817 -0.917360 
-0.226837 -0.501019 -0.835180 
-0.209297 -0.318232 -0.924621 
-0.431852 -0.170053 -0.885769 
-0.733272 -0.329528 -0.594747 
-0.178986 -0.542434 -0.820810 
-0.575670 -0.629703 -0.521612 
-0.492171 -0.165862 -0.854551 
-0.528182 -0.335563 -0.780014 
-0.521743 -0.646692 -0.556393 
-0.274492 -0.228811 -0.933970 
-0.278380 -0.165587 -0.946090 
-0.123613 -0.521989 -0.843947 
-0.549018 -0.146452 -0.822879 
-0.070531 -0.547241 -0.833998 
-0.273260 -0.105067 -0.956185 
-0.287996 -0.045852 -0.956533 
-0.768335 -0.280025 -0.575541 
-0.152736 -0.349142 -0.924539 
-0.152389 -0.592643 -0.790918 
-0.044670 -0.499221 -0.865322 
-0.529396 -0.088401 -0.843757 
-0.762102 -0.353444 -0.542474 
-0.519906 -0.603277 -0.604776 
-0.199044 -0.622830 -0.756613 
-0.738816 -0.414196 -0.531595 
-0.490571 -0.045305 -0.870223 
-0.584043 -0.303829 -0.752716 
-0.230059 -0.662053 -0.713273 
-0.784622 -0.218696 -0.580121 
-0.630839 -0.258775 -0.731490 
-0.180601 -0.266425 -0.946784 
-0.273441 0.007502 -0.961859 
-0.112768 -0.397856 -0.910491 
-0.598192 -0.113530 -0.793270 
-0.191288 -0.204497 -0.959995 
-0.540381 -0.016827 -0.841252 
-0.643490 -0.081334 -0.761121 
-0.665973 -0.585263 -0.462545 
-0.690917 -0.071984 -0.719342 
-0.109575 -0.629195 -0.769485 
-0.465682 -0.643761 -0.607216 
-0.409883 -0.643979 -0.645977 
-0.226925 0.032162 -0.973381 
-0.785787 -0.157876 -0.598008 
-0.347676 -0.660788 -0.665192 
-0.798000 -0.100300 -0.594253 
-0.182874 -0.007170 -0.983110 
-0.557131 -0.675350 -0.483227 
-0.175732 -0.687536 -0.704565 
-0.398814 -0.598839 -0.694507 
-0.713925 -0.022263 -0.699868 
-0.230392 -0.064004 -0.970991 
-0.385406 -0.549950 -0.740957 
-0.455106 -0.000140 -0.890437 
-0.344360 -0.058269 -0.937028 
-0.154969 -0.437380 -0.885823 
-0.709528 -0.473109 -0.522242 
-0.586673 -0.685105 -0.431795 
-0.625720 -0.676948 -0.387577 
-0.316614 -0.705806 -0.633714 
-0.340085 -0.161484 -0.926426 
-0.829173 -0.081257 -0.553054 
-0.673075 0.005160 -0.739557 
-0.790335 -0.367803 -0.489991 
-0.681475 -0.244017 -0.689962 
-0.410081 -0.112857 -0.905040 
-0.272310 -0.741553 -0.613145 
-0.321518 -0.753542 -0.573411 
-0.721369 -0.116126 -0.682745 
-0.629808 -0.016874 -0.776568 
-0.404453 -0.408072 -0.818471 
-0.495511 -0.526149 -0.691113 
-0.120989 -0.266658 -0.956167 
