0.175094 0.772004 -0.615104 
0.208662 0.937775 -0.426606 
0.228112 0.696617 -0.683878 
0.576138 0.534280 -0.773937 
0.291097 0.668282 -0.699042 
0.616666 0.521818 -0.777423 
0.341745 0.694929 -0.657511 
0.468366 0.761546 -0.553683 
0.320968 0.621325 -0.742663 
0.451756 0.415731 -0.933651 
0.135118 0.686483 -0.717972 
-0.023962 0.482539 -0.979108 
0.106510 0.789139 -0.613502 
-0.303114 0.891479 -0.603938 
0.388411 0.600815 -0.748216 
0.625349 0.528757 -0.767726 
0.128652 0.639611 -0.770519 
0.108078 0.490472 -0.937715 
0.062264 0.662473 -0.762149 
0.023072 0.675969 -0.757207 
0.412106 0.552856 -0.794459 
0.492451 0.390240 -0.951256 
0.443206 0.506157 -0.837494 
0.457351 0.484918 -0.857067 
0.042410 0.619032 -0.814290 
-0.006871 0.511204 -0.943713 
0.369292 0.735506 -0.606574 
0.548348 0.999254 -0.275483 
0.406463 0.771418 -0.558317 
0.414074 0.778773 -0.548435 
0.036882 0.795124 -0.624278 
-0.219164 0.817132 -0.663905 
0.337389 0.786529 -0.559037 
0.326779 0.788850 -0.559148 
0.337226 0.834427 -0.507020 
0.336799 0.960137 -0.370500 
0.296926 0.878483 -0.469140 
0.170508 1.016681 -0.350316 
-0.024672 0.825234 -0.606830 
-0.241086 0.931096 -0.545486 
0.475654 0.756905 -0.556919 
0.609233 0.728886 -0.554219 
0.544973 0.743127 -0.554689 
0.581970 0.735773 -0.553500 
0.188102 0.607235 -0.790952 
0.226123 0.586529 -0.804021 
0.087120 0.837526 -0.565725 
0.082575 0.848869 -0.554526 
-0.020337 0.605904 -0.844130 
-0.234579 0.561081 -0.946018 
0.188519 0.559306 -0.842940 
0.189492 0.447467 -0.964249 
0.584523 0.698803 -0.593046 
0.676950 0.595220 -0.682686 
0.524708 0.681590 -0.626600 
0.482619 0.669478 -0.650209 
0.565482 0.786351 -0.502622 
0.601248 0.861734 -0.411816 
-0.045215 0.782021 -0.658894 
-0.060757 0.749329 -0.698282 
-0.088459 0.852468 -0.593062 
-0.200848 0.900454 -0.568802 
-0.113331 0.900273 -0.547279 
-0.148061 0.967026 -0.483349 
0.484454 0.462452 -0.874758 
0.505261 0.440405 -0.893555 
0.353132 0.899871 -0.431946 
0.481046 0.948546 -0.347297 
-0.097437 0.944925 -0.494804 
-0.075295 1.007131 -0.421701 
-0.031838 0.953054 -0.469689 
0.030434 0.960770 -0.445848 
-0.076092 0.584044 -0.881727 
-0.141130 0.558544 -0.925582 
0.393062 0.934185 -0.384742 
0.510250 1.034890 -0.246207 
-0.114329 0.784199 -0.673680 
-0.130815 0.784718 -0.677207 
0.346971 0.975813 -0.350938 
0.257206 1.056888 -0.285101 
-0.179680 0.808984 -0.662962 
-0.274330 0.844881 -0.647439 
0.159735 0.519257 -0.893611 
0.110950 0.451376 -0.979494 
0.426689 0.442776 -0.910479 
0.375539 0.425353 -0.942110 
0.437228 0.810580 -0.508120 
0.448640 0.825106 -0.489500 
-0.228112 0.849419 -0.631036 
-0.330460 0.934868 -0.563568 
0.379144 0.495167 -0.865338 
0.377136 0.494822 -0.866211 
-0.128021 0.622420 -0.852906 
-0.202314 0.677323 -0.811673 
0.110111 0.491757 -0.935814 
0.075725 0.472702 -0.965058 
0.278750 0.994166 -0.347923 
0.197900 1.015915 -0.344351 
-0.260951 0.895717 -0.588868 
-0.335106 1.000264 -0.493646 
-0.293837 0.841549 -0.655901 
-0.346106 0.835291 -0.675675 
0.210517 1.012480 -0.344953 
0.114832 1.038164 -0.340787 
-0.208820 0.769090 -0.713552 
-0.236734 0.730875 -0.762014 
0.450612 0.954105 -0.348809 
0.529653 0.981462 -0.299459 
0.510990 0.970592 -0.315905 
0.518851 0.972739 -0.311621 
0.027144 0.748919 -0.676912 
0.025210 0.739743 -0.687364 
0.232339 0.904522 -0.456869 
0.195324 0.919446 -0.449837 
-0.019869 0.998741 -0.417064 
-0.002634 1.064529 -0.341285 
-0.036811 0.905913 -0.522158 
-0.037194 0.902289 -0.526192 
0.049565 0.994580 -0.404353 
0.051240 0.994480 -0.404047 
-0.273134 0.944365 -0.539018 
-0.297951 1.043466 -0.437470 
-0.244295 0.984391 -0.488360 
-0.208787 1.033673 -0.425985 
-0.034302 1.047367 -0.367797 
-0.034825 1.049127 -0.366014 
-0.195183 0.617844 -0.874548 
-0.269451 0.612783 -0.898481 
-0.237900 1.031276 -0.435816 
-0.233948 1.060244 -0.403351 
0.050223 0.882716 -0.525768 
0.048739 0.884534 -0.524160 
0.550015 0.470655 -0.849570 
0.681935 0.487162 -0.798890 
-0.327994 0.980705 -0.513138 
-0.354360 0.998171 -0.500699 
0.248102 0.527064 -0.863194 
0.267607 0.516509 -0.869825 
0.092709 0.915428 -0.479672 
0.104812 0.924746 -0.466540 
0.054550 0.469696 -0.973581 
0.030483 0.460140 -0.989940 
0.617656 0.450651 -0.854524 
0.620837 0.449711 -0.854757 
0.263352 0.571897 -0.810683 
0.264581 0.575510 -0.806451 
-0.105206 0.544139 -0.932323 
-0.168293 0.457668 -1.041959 
0.503110 1.019138 -0.265099 
0.498424 1.048006 -0.234887 
-0.219172 0.665766 -0.828418 
-0.230448 0.688293 -0.806734 
-0.361601 1.026812 -0.471368 
-0.378656 1.050210 -0.450171 
0.526492 0.419054 -0.911491 
0.535742 0.409505 -0.919573 
0.057320 0.529567 -0.907823 
0.055866 0.530609 -0.907052 
-0.055888 0.651489 -0.803410 
-0.070357 0.670042 -0.786837 
0.557563 0.517319 -0.796982 
0.564287 0.558889 -0.750133 
-0.036193 0.528743 -0.931928 
-0.024246 0.526078 -0.931859 
-0.271123 0.704128 -0.799618 
-0.286806 0.715710 -0.790924 
0.380627 0.412526 -0.954788 
0.379110 0.411530 -0.956247 
-0.092009 0.736079 -0.720439 
-0.086221 0.723601 -0.732565 
0.597537 0.824906 -0.452763 
0.604844 0.833695 -0.441397 
0.008227 0.439637 -1.017747 
-0.000770 0.433800 -1.026324 
0.248396 0.479150 -0.915196 
0.248433 0.473045 -0.921822 
0.072655 1.036901 -0.352626 
0.085267 1.060018 -0.324372 
0.686030 0.451603 -0.836520 
0.719190 0.452065 -0.827788 
0.634793 0.659405 -0.623389 
0.662587 0.637623 -0.640165 
0.096929 0.426433 -1.010082 
0.126605 0.396139 -1.035643 
