0.691102 -0.027433 0.725689 
0.655591 0.006754 0.767072 
0.643181 -0.023299 0.777520 
0.463079 -0.007763 0.972318 
0.777049 -0.043485 0.631905 
0.955345 0.038225 0.448338 
0.806643 -0.096120 0.595111 
0.935966 -0.326133 0.434326 
0.701076 0.042454 0.721662 
0.777916 0.580890 0.690631 
0.816930 0.000309 0.593283 
0.883345 0.073242 0.528965 
0.606105 -0.072204 0.812644 
0.519951 -0.185843 0.894259 
0.565273 -0.038718 0.859670 
0.456238 0.050702 0.985246 
0.851084 -0.119232 0.545203 
0.986005 -0.189401 0.393681 
0.545908 0.023804 0.886429 
0.486451 0.215771 0.968589 
0.708627 0.112747 0.720273 
0.716065 0.181988 0.718906 
0.713906 0.183252 0.721343 
0.743239 0.574980 0.727287 
0.698770 0.248561 0.743829 
0.662090 0.406830 0.798322 
0.867954 -0.183478 0.520956 
0.934132 -0.435496 0.425844 
0.498873 0.035135 0.937997 
0.460905 0.044283 0.979623 
0.470914 -0.025115 0.962250 
0.408564 -0.159477 1.016335 
0.913956 -0.157272 0.474084 
1.093964 -0.054726 0.290670 
0.461717 -0.095153 0.965429 
0.432550 -0.317279 0.975512 
0.414150 -0.112346 1.014843 
0.348573 -0.136049 1.082965 
0.576850 0.081012 0.858683 
0.599789 0.123424 0.838114 
0.927795 -0.088424 0.465808 
0.950373 0.023899 0.452307 
0.368622 -0.140547 1.061016 
0.319608 -0.170906 1.110724 
0.854712 0.048026 0.557289 
0.917701 0.127578 0.497281 
0.468513 0.086809 0.975521 
0.432564 0.147995 1.019953 
0.872496 0.115282 0.544627 
0.933741 0.346904 0.501020 
0.829280 -0.229605 0.558059 
0.720376 -0.359498 0.662540 
0.332938 -0.096713 1.103504 
0.309294 -0.067668 1.131659 
0.761923 0.180281 0.669521 
0.796241 0.178157 0.632482 
0.973945 -0.104582 0.414729 
0.980143 -0.106752 0.407869 
0.805315 0.215655 0.626326 
0.849623 0.251775 0.582219 
0.564810 0.147958 0.878003 
0.549735 0.231783 0.902193 
0.348281 -0.028407 1.093563 
0.359413 0.021154 1.086350 
0.898343 0.177381 0.522817 
0.957617 0.319791 0.472803 
0.939412 0.144473 0.475591 
0.987620 0.105844 0.420157 
0.592432 -0.141107 0.820736 
0.555028 -0.329604 0.842873 
0.951092 0.077357 0.456642 
0.958884 0.032583 0.444001 
0.618001 -0.198235 0.787833 
0.653070 -0.276586 0.742706 
0.817783 -0.299142 0.563756 
0.750275 -0.707439 0.597204 
0.540146 0.205981 0.910020 
0.536773 0.213917 0.914398 
1.021936 -0.107883 0.362903 
1.090787 -0.112617 0.288550 
0.802581 -0.367502 0.573541 
0.723901 -0.721305 0.624188 
0.807092 -0.437127 0.562047 
0.817594 -0.599236 0.535285 
0.650540 0.239413 0.794723 
0.643242 0.238028 0.802424 
0.801389 -0.507604 0.561434 
0.801198 -0.509971 0.561414 
0.780966 -0.233628 0.609533 
0.743047 -0.236786 0.649931 
0.754780 -0.382628 0.623404 
0.726234 -0.391661 0.653180 
0.718302 0.314929 0.729206 
0.774442 0.505688 0.687175 
0.999277 0.087487 0.405891 
1.004673 0.088622 0.400207 
0.782907 -0.574520 0.574879 
0.745228 -0.710937 0.602287 
0.934761 0.227343 0.488502 
0.945761 0.242435 0.478137 
0.581998 0.245413 0.868866 
0.587529 0.250624 0.863427 
0.670365 0.318879 0.781037 
0.667147 0.319144 0.784517 
0.761476 0.350922 0.686305 
0.820027 0.399735 0.628123 
0.563902 0.308841 0.894350 
0.555243 0.339190 0.906543 
1.017821 0.154371 0.392377 
1.028860 0.194185 0.384332 
0.789400 0.411205 0.662092 
0.807621 0.450539 0.646293 
0.581292 -0.247736 0.822505 
0.537787 -0.306401 0.863596 
0.746657 -0.314065 0.638673 
0.745771 -0.306589 0.640338 
0.793890 0.130747 0.630476 
0.799801 0.121588 0.623256 
0.554132 -0.308713 0.845831 
0.520924 -0.383268 0.874351 
0.737357 -0.555663 0.625571 
0.673935 -0.529408 0.696154 
1.067919 -0.081592 0.316059 
1.169868 -0.023305 0.212202 
0.730410 -0.626028 0.626305 
0.721137 -0.719944 0.627284 
0.893668 0.260195 0.535748 
0.886581 0.265860 0.543896 
0.566010 -0.375736 0.826678 
0.588635 -0.503405 0.790195 
0.932413 -0.220449 0.448237 
0.970623 -0.351245 0.394728 
0.854799 -0.421124 0.512370 
0.878937 -0.413027 0.487235 
0.773842 -0.151139 0.625061 
0.770207 -0.157236 0.628381 
1.079508 -0.012079 0.310262 
1.083697 0.013048 0.308167 
0.674108 -0.095053 0.737470 
0.671120 -0.106941 0.739541 
0.648610 -0.249589 0.750072 
0.650311 -0.252442 0.747974 
0.977234 0.265219 0.446532 
0.983869 0.271136 0.439976 
0.426940 0.046712 1.016312 
0.409869 0.030246 1.033062 
0.424185 -0.180182 0.997590 
0.435522 -0.256819 0.978098 
0.901642 -0.433627 0.460897 
0.919863 -0.438491 0.440874 
0.619412 0.118658 0.816597 
0.630471 0.128441 0.805661 
0.716486 -0.494300 0.653836 
0.707032 -0.466507 0.666639 
0.612025 0.307409 0.842560 
0.615056 0.307318 0.839298 
1.118028 0.034329 0.273350 
1.123390 0.040788 0.268212 
0.668802 0.389073 0.789422 
0.665751 0.526052 0.805784 
0.550484 -0.443971 0.836823 
0.541215 -0.484707 0.842880 
0.507179 -0.296871 0.897359 
0.483541 -0.290910 0.923300 
0.688638 -0.665652 0.667354 
0.674366 -0.679191 0.681380 
0.709692 -0.726869 0.638907 
0.721098 -0.760035 0.623495 
1.029131 -0.176757 0.348599 
1.033423 -0.217834 0.340068 
0.667864 -0.604211 0.695522 
0.662029 -0.586953 0.703434 
0.641705 -0.547688 0.729001 
0.633176 -0.529256 0.739917 
0.690395 -0.209996 0.709005 
0.703281 -0.197786 0.696340 
0.621180 0.396142 0.841212 
0.613787 0.397239 0.849252 
0.912879 -0.364026 0.455485 
0.918279 -0.330582 0.452885 
0.610757 -0.397746 0.776546 
0.617959 -0.401289 0.768477 
0.763993 0.468496 0.694837 
0.726488 0.553066 0.743173 
0.810441 0.492610 0.647286 
0.834217 0.504954 0.622945 
0.706582 -0.392490 0.674194 
0.692770 -0.395316 0.688750 
1.131941 -0.031666 0.252111 
1.133288 -0.038054 0.250056 
0.470878 -0.193538 0.946196 
0.484458 -0.197423 0.931248 
