0.920321 0.386367 0.061076 
0.900190 0.418605 0.120114 
0.940478 0.327077 0.092317 
0.878546 0.476640 -0.031152 
0.928108 0.369759 -0.043512 
0.846329 0.528698 -0.064850 
0.951665 0.303838 -0.044913 
0.955730 0.274019 -0.107209 
0.939660 0.296607 -0.170479 
0.954599 0.269474 0.126981 
0.817531 0.564041 -0.116191 
0.882328 0.432604 0.185342 
0.929690 0.283401 -0.235288 
0.848729 0.492538 0.192524 
0.832749 0.553649 -0.000952 
0.972330 0.205998 0.110175 
0.812836 0.535473 0.229273 
0.943088 0.220401 -0.249014 
0.974523 0.160223 0.156951 
0.932694 0.316595 0.172772 
0.781367 0.557284 0.280893 
0.777333 0.614973 -0.132522 
0.878761 0.407732 0.248058 
0.740644 0.599827 0.302745 
0.700467 0.631195 0.333073 
0.747266 0.658279 -0.090895 
0.962302 0.157958 0.221415 
0.961726 0.163843 -0.219631 
0.775881 0.531825 0.339369 
0.706846 0.697089 -0.120145 
0.804623 0.591754 0.049071 
0.987041 0.107945 0.118731 
0.909244 0.291548 -0.297111 
0.994488 0.088991 0.055448 
0.815376 0.549265 -0.182947 
0.665022 0.646834 0.373298 
0.916521 0.361624 -0.170927 
0.986847 0.056119 0.151606 
0.900310 0.259458 -0.349462 
0.745077 0.541704 0.389123 
0.873495 0.378331 0.306385 
0.668650 0.726866 -0.156756 
0.963722 0.102211 0.246562 
0.915167 0.197674 -0.351275 
0.798501 0.549022 -0.246923 
0.713295 0.549713 0.434771 
0.786955 0.534231 -0.308705 
0.997072 0.075880 -0.009435 
0.778161 0.510342 -0.366083 
0.981515 0.012630 0.190967 
0.802228 0.475673 0.360785 
0.894814 0.187441 -0.405184 
0.809951 0.453872 -0.371455 
0.943215 0.177336 0.280887 
0.870161 0.239428 -0.430690 
0.852261 0.492043 -0.177610 
0.803052 0.434503 0.407817 
0.906785 0.128333 -0.401586 
0.996726 0.046112 -0.066416 
0.758070 0.595996 -0.264800 
0.624797 0.763213 -0.164727 
0.690883 0.666189 0.280845 
0.874738 0.333297 0.351775 
0.822362 0.400438 -0.404190 
0.593187 0.777448 -0.209057 
0.763352 0.644275 0.046941 
0.673475 0.734748 -0.081095 
0.999681 -0.000255 -0.025275 
0.846112 0.474610 -0.242570 
0.729569 0.644088 -0.229957 
0.551072 0.804982 -0.219826 
0.740617 0.663462 0.106323 
0.880033 0.341277 -0.330260 
0.886874 0.111358 -0.448390 
0.698482 0.658630 -0.279872 
0.843399 0.521307 0.130067 
0.836091 0.420324 0.352532 
0.925060 0.170502 0.339402 
0.929545 0.091914 -0.357067 
0.686570 0.545460 0.480723 
0.825761 0.475707 0.303020 
0.685780 0.692835 0.222902 
0.987568 -0.034622 0.153330 
0.741043 0.561537 -0.368146 
0.778148 0.590793 0.213188 
0.952697 0.239526 0.187073 
0.786338 0.614795 -0.060825 
0.975813 -0.036437 0.215551 
