0.128122 0.951745 0.287690 
0.119284 0.938531 0.351507 
0.192917 0.937028 0.311875 
0.281112 0.916997 0.344795 
0.059362 0.964037 0.276688 
-0.167060 1.004513 0.240461 
0.257436 0.922200 0.336726 
0.640597 0.834139 0.484305 
0.295194 0.930256 0.277485 
0.324122 0.936428 0.232099 
0.009325 0.959874 0.326477 
-0.214986 0.941213 0.549672 
0.171970 0.974929 0.157922 
0.289302 1.005593 -0.050991 
0.116838 0.992045 0.117088 
-0.010197 1.031484 0.022997 
0.226706 0.977270 0.113218 
0.425046 0.985750 -0.048772 
0.013357 0.982064 0.226106 
-0.004374 0.989011 0.206610 
0.092253 1.010021 0.053272 
0.027824 1.057130 -0.113965 
-0.060683 0.969819 0.326606 
-0.131781 0.979919 0.326736 
0.257506 0.987142 0.050338 
0.382818 1.027309 -0.205489 
-0.124577 0.984883 0.300326 
-0.210895 1.005233 0.264823 
0.030250 1.025697 0.023106 
-0.220461 1.089081 -0.098874 
0.361634 0.916305 0.297259 
0.426602 0.902664 0.316595 
-0.152267 0.974269 0.364518 
-0.224631 0.946533 0.532274 
0.258246 0.906452 0.405655 
0.261435 0.844455 0.677008 
0.063452 1.034969 -0.038633 
0.126645 1.052615 -0.156140 
0.323504 0.983435 0.025227 
0.404142 0.978904 -0.005455 
-0.000881 1.049868 -0.063915 
-0.275630 1.113501 -0.171886 
-0.125589 0.956194 0.427458 
-0.039279 0.897715 0.631081 
-0.148196 0.944454 0.493421 
-0.151078 0.942957 0.501831 
-0.220327 0.979801 0.382883 
-0.334774 0.989103 0.413765 
-0.162199 0.931028 0.561419 
-0.197022 0.897639 0.730514 
-0.155683 1.003111 0.239497 
-0.216009 1.038461 0.121527 
0.429249 0.911222 0.277198 
0.596931 0.898615 0.227448 
0.471513 0.893024 0.330888 
0.535749 0.865364 0.412490 
0.496467 0.875029 0.394555 
0.521558 0.856936 0.458569 
0.006603 1.064404 -0.132709 
0.015535 1.081751 -0.214804 
0.335269 0.997258 -0.043114 
0.352233 1.017189 -0.141650 
-0.150028 1.017933 0.170589 
-0.148689 1.021442 0.154275 
-0.092164 0.921406 0.559847 
-0.025575 0.912257 0.558353 
0.243890 0.947855 0.232117 
0.239565 0.949339 0.228292 
0.403775 0.984721 -0.030874 
0.614492 0.946161 0.006777 
-0.213586 0.927364 0.609853 
-0.302764 0.921006 0.693907 
0.307661 0.945680 0.201645 
0.316581 0.945376 0.197383 
-0.078893 0.904251 0.627150 
-0.074139 0.898105 0.651264 
0.530126 0.893642 0.291340 
0.607657 0.894460 0.239028 
-0.277941 0.942256 0.584621 
-0.336485 0.955802 0.561668 
-0.103911 0.893033 0.692329 
-0.111840 0.889477 0.712988 
-0.220056 1.027156 0.173914 
-0.299639 1.037637 0.177694 
-0.295245 0.929446 0.651975 
-0.297497 0.927779 0.660738 
-0.053303 1.080624 -0.166593 
-0.142868 1.104874 -0.217251 
0.456470 0.987884 -0.077919 
0.598337 0.996397 -0.204578 
0.221004 1.005436 -0.007393 
0.219661 1.006109 -0.009517 
0.119344 1.036820 -0.081907 
0.146303 1.037713 -0.102780 
0.561157 0.903458 0.228565 
0.612248 0.919620 0.125207 
-0.056031 0.944939 0.433386 
-0.051020 0.944128 0.433813 
-0.147344 1.033198 0.101598 
-0.145400 1.044257 0.051612 
0.197895 0.906693 0.442503 
0.176170 0.906780 0.455768 
-0.121194 1.085981 -0.147564 
-0.186870 1.091163 -0.129156 
0.596769 0.879801 0.310503 
0.616810 0.875639 0.316265 
0.378720 0.966331 0.065953 
0.437965 0.947979 0.109652 
0.498228 0.918851 0.200228 
0.485665 0.921924 0.194570 
-0.189094 1.091347 -0.128568 
-0.346984 1.103824 -0.084395 
0.127883 0.916603 0.442790 
0.106525 0.919626 0.442878 
-0.218046 0.952774 0.500615 
-0.230666 0.954278 0.501915 
0.463489 1.002494 -0.146747 
0.474170 1.024727 -0.251489 
-0.006778 1.017439 0.082778 
-0.030021 1.012255 0.120236 
0.526749 1.000633 -0.178285 
0.598079 0.998535 -0.213845 
0.523077 0.856956 0.457525 
0.528634 0.853182 0.470676 
0.557297 0.982420 -0.117169 
0.558736 0.981562 -0.114291 
0.546488 0.839043 0.521799 
0.569485 0.821448 0.584936 
-0.208725 1.049047 0.070273 
-0.294320 1.071149 0.026591 
-0.047899 0.997947 0.194555 
-0.055661 0.999959 0.190557 
0.149042 1.046960 -0.145273 
0.166690 1.052986 -0.182929 
0.496029 0.969617 -0.022230 
0.502628 0.966570 -0.012941 
-0.023512 0.915200 0.544085 
-0.008152 0.913811 0.540558 
0.428807 0.930330 0.193226 
0.424088 0.931110 0.192750 
0.536351 0.824942 0.590344 
0.524417 0.808340 0.671042 
0.047771 1.071479 -0.189764 
0.054740 1.072677 -0.199423 
-0.278508 1.026461 0.213699 
-0.279087 1.026454 0.214094 
-0.315278 1.044754 0.156138 
-0.347515 1.060793 0.105672 
0.618081 0.904857 0.186639 
0.622581 0.904967 0.183325 
0.564974 0.957523 -0.012215 
0.605507 0.950413 -0.006327 
0.314880 0.889576 0.444485 
0.336964 0.882996 0.459626 
0.618647 0.861979 0.375339 
0.619492 0.861292 0.377841 
0.341691 1.011962 -0.111981 
0.344823 1.019133 -0.145569 
0.092702 1.077388 -0.244044 
0.111048 1.079801 -0.266207 
-0.193320 1.107531 -0.197271 
-0.194646 1.112606 -0.218815 
0.291860 0.877925 0.510321 
0.254439 0.858983 0.617345 
0.457687 0.940665 0.129515 
0.464838 0.943224 0.113739 
-0.267256 1.065567 0.034201 
-0.323653 1.081485 -0.000556 
0.479593 1.018587 -0.227822 
0.476319 1.019833 -0.231261 
0.350961 0.861524 0.545507 
0.380098 0.853439 0.562854 
-0.009125 0.893426 0.631054 
0.015259 0.889642 0.632418 
