0.490661 0.750602 -0.448161 
0.173856 1.054270 -0.357125 
0.571243 0.719605 -0.401062 
0.740628 0.813231 -0.060825 
0.432607 0.773287 -0.481556 
0.225225 0.854323 -0.600850 
0.592291 0.655678 -0.473580 
0.908846 0.367519 -0.541346 
0.420617 0.741644 -0.543644 
0.365685 0.596672 -0.828103 
0.610693 0.608829 -0.523245 
0.621836 0.580462 -0.553316 
0.668526 0.568682 -0.516638 
0.824906 0.460124 -0.498773 
0.376257 0.815992 -0.482543 
0.261819 0.902721 -0.484547 
0.571191 0.600967 -0.581363 
0.543263 0.595408 -0.622454 
0.325103 0.863295 -0.470472 
0.020152 1.145287 -0.398512 
0.711590 0.518745 -0.542167 
0.804407 0.411116 -0.597190 
0.750822 0.468462 -0.572703 
0.805205 0.398758 -0.615032 
0.705922 0.578841 -0.457491 
0.808311 0.606655 -0.295553 
0.801083 0.462275 -0.523352 
0.903122 0.449715 -0.423160 
0.540489 0.584150 -0.642801 
0.377545 0.494899 -0.968860 
0.832921 0.478024 -0.462210 
0.930746 0.526415 -0.274343 
0.482303 0.607302 -0.675639 
0.356386 0.657406 -0.746703 
0.605201 0.733295 -0.340569 
0.784593 0.805614 -0.021007 
0.875096 0.482800 -0.405655 
0.928561 0.488855 -0.333961 
0.571248 0.783444 -0.304068 
0.526423 0.849650 -0.255880 
0.445420 0.596600 -0.735011 
0.307093 0.556463 -0.957680 
0.482518 0.546295 -0.768074 
0.531656 0.479664 -0.811865 
0.600429 0.801656 -0.242288 
0.689195 0.857057 -0.054363 
0.290552 0.850195 -0.530760 
0.252965 0.835945 -0.596347 
0.664973 0.519621 -0.595327 
0.650292 0.519897 -0.612068 
0.822970 0.414376 -0.570539 
0.843737 0.368929 -0.615309 
0.518735 0.496012 -0.802132 
0.524157 0.488485 -0.807231 
0.252134 0.841138 -0.589428 
0.163294 0.820193 -0.725094 
0.882422 0.383783 -0.547525 
0.892668 0.378510 -0.543559 
0.931406 0.440040 -0.404799 
0.965878 0.413862 -0.404275 
0.540997 0.835205 -0.260790 
0.540857 0.835284 -0.260834 
0.493269 0.884030 -0.242401 
0.418640 0.960374 -0.213648 
0.980405 0.391693 -0.420976 
1.033834 0.338974 -0.438615 
0.939923 0.342958 -0.542334 
1.001322 0.299368 -0.536790 
0.722027 0.607621 -0.394942 
0.734369 0.629675 -0.347011 
0.659134 0.776420 -0.212009 
0.682830 0.766233 -0.199787 
0.886088 0.343011 -0.605181 
0.888222 0.319282 -0.638738 
0.262445 0.797314 -0.643955 
0.266546 0.779884 -0.665642 
0.434254 0.549478 -0.819653 
0.321367 0.556923 -0.940295 
0.576102 0.475498 -0.766242 
0.608233 0.464008 -0.746141 
0.290168 0.748035 -0.686417 
0.305675 0.720470 -0.710168 
0.305444 0.910541 -0.421673 
0.247859 1.048929 -0.278738 
0.195737 0.883777 -0.590569 
0.165825 0.906393 -0.591174 
0.387103 0.620236 -0.767269 
0.361038 0.630800 -0.781687 
0.142085 0.929369 -0.584018 
0.124577 0.944247 -0.581881 
0.315970 0.943154 -0.359822 
0.334468 1.000468 -0.251124 
0.703644 0.778319 -0.157097 
0.806992 0.782728 -0.029594 
0.486148 0.480981 -0.863060 
0.480219 0.478246 -0.874144 
0.503586 0.634452 -0.609515 
0.501049 0.637910 -0.607226 
0.455921 0.934338 -0.209627 
0.424719 0.976368 -0.182245 
0.323918 0.977416 -0.298479 
0.325017 0.982150 -0.290003 
0.265277 0.990709 -0.346828 
0.259911 0.995743 -0.345453 
0.746532 0.629891 -0.332464 
0.764379 0.646112 -0.286960 
0.702196 0.817962 -0.098562 
0.700452 0.865693 -0.028084 
0.331878 0.697926 -0.713790 
0.336339 0.692567 -0.716718 
0.894213 0.509353 -0.342969 
0.927729 0.555906 -0.233066 
0.136214 0.893833 -0.644869 
0.134378 0.882722 -0.663895 
0.393108 0.543490 -0.876847 
0.288957 0.528333 -1.021616 
0.757351 0.732774 -0.163514 
0.774560 0.718180 -0.165570 
0.685944 0.864084 -0.047487 
0.660899 0.935161 0.031222 
0.342163 0.550767 -0.925341 
0.283268 0.559179 -0.981403 
0.923525 0.527447 -0.281217 
0.951501 0.544716 -0.222279 
0.290631 1.027505 -0.261289 
0.267325 1.062575 -0.235251 
0.800626 0.682869 -0.188748 
0.818199 0.662603 -0.198995 
0.625273 0.427223 -0.782109 
0.646495 0.406387 -0.788957 
0.338030 1.025551 -0.208853 
0.353590 1.024910 -0.191639 
0.405136 0.834478 -0.420702 
0.421644 0.845045 -0.385351 
0.384470 0.687861 -0.667608 
0.386180 0.687533 -0.666106 
0.205793 1.022927 -0.367411 
0.047942 1.108424 -0.422032 
0.796992 0.740480 -0.105469 
0.819334 0.744823 -0.072756 
0.554080 0.445769 -0.837150 
0.559547 0.437998 -0.842566 
0.105312 0.979668 -0.550586 
0.062822 1.037785 -0.511957 
0.687127 0.663809 -0.350373 
0.683378 0.665949 -0.351503 
0.642309 0.913930 -0.022762 
0.608582 0.952459 -0.003651 
0.512855 0.807373 -0.335969 
0.495384 0.814532 -0.345514 
0.847593 0.334037 -0.663812 
0.844290 0.333267 -0.668844 
0.155535 1.029110 -0.416765 
0.136251 1.031482 -0.435701 
0.452516 0.974979 -0.151862 
0.448625 1.021434 -0.085835 
0.435137 0.696149 -0.595791 
0.436898 0.690632 -0.602114 
0.800197 0.777580 -0.045358 
0.802692 0.806460 0.001435 
0.792033 0.349973 -0.704544 
0.762820 0.358353 -0.725961 
0.118412 1.079415 -0.383732 
0.077376 1.135023 -0.347216 
0.525898 0.549610 -0.712331 
0.527470 0.549730 -0.710311 
1.019969 0.341423 -0.451102 
1.022328 0.338425 -0.452899 
0.884294 0.577730 -0.250680 
0.878918 0.584621 -0.246495 
0.351065 0.507548 -0.980594 
0.356297 0.482151 -1.013065 
0.740419 0.671844 -0.275873 
0.738643 0.684031 -0.259433 
0.086135 1.064086 -0.444750 
0.074857 1.058729 -0.466069 
0.693518 0.906223 0.025386 
0.703729 0.904686 0.034986 
0.328375 0.645576 -0.797417 
0.317208 0.650395 -0.803150 
0.374910 0.916768 -0.331015 
0.395361 0.907612 -0.321019 
0.460960 0.868731 -0.303410 
0.454616 0.865727 -0.315390 
0.583249 0.950275 -0.036582 
0.556014 0.967034 -0.042954 
0.242979 0.749696 -0.739052 
0.225387 0.750316 -0.758674 
0.565757 0.857262 -0.198337 
0.569054 0.860199 -0.190022 
0.777076 0.414278 -0.624332 
0.775824 0.414276 -0.625801 
0.621322 0.961574 0.025088 
0.621100 0.962078 0.025594 
0.297258 0.629147 -0.858751 
0.291433 0.626072 -0.870231 
