0.223537 0.763668 -0.605675 
0.333735 0.777389 -0.533187 
0.157021 0.762950 -0.627098 
0.127622 0.724913 -0.676915 
0.343728 0.715955 -0.607668 
0.105241 0.796377 -0.595574 
0.376286 0.792551 -0.479866 
0.150946 0.676673 -0.720644 
0.132343 0.630175 -0.765091 
0.192470 0.600155 -0.776382 
0.045264 0.781030 -0.622851 
0.206227 0.546595 -0.811606 
0.267514 0.519696 -0.811389 
0.068262 0.707665 -0.703243 
0.079161 0.834713 -0.544966 
0.069141 0.870107 -0.487990 
0.406683 0.685752 -0.603616 
0.458437 0.642036 -0.614513 
0.011433 0.885849 -0.463832 
-0.014457 0.911016 -0.412118 
0.377298 0.825663 -0.419437 
0.385669 0.850470 -0.357715 
-0.073177 0.913577 -0.400028 
0.113414 0.582686 -0.804745 
-0.097690 0.931378 -0.350701 
0.499006 0.659766 -0.561873 
0.496775 0.591296 -0.635283 
-0.050971 0.948343 -0.313125 
0.434807 0.843715 -0.314781 
0.417616 0.870821 -0.259359 
0.492012 0.818657 -0.296183 
0.510238 0.826210 -0.238817 
0.053389 0.569870 -0.819998 
0.549802 0.556158 -0.623221 
0.024142 0.674464 -0.737913 
0.569668 0.502741 -0.650177 
0.358108 0.898608 -0.253502 
0.006197 0.540651 -0.841224 
-0.026308 0.646932 -0.762094 
-0.051318 0.603036 -0.796061 
-0.148406 0.931455 -0.332216 
0.563943 0.454221 -0.689675 
0.000161 0.491084 -0.871112 
0.513858 0.693998 -0.504298 
0.008234 0.954519 -0.298036 
-0.041259 0.866383 -0.497673 
0.563398 0.684699 -0.462352 
0.610801 0.425207 -0.667923 
0.053985 0.462734 -0.884852 
-0.098352 0.849819 -0.517817 
-0.017799 0.446021 -0.894846 
0.636351 0.377294 -0.672835 
-0.117384 0.814294 -0.568459 
0.318462 0.923949 -0.211897 
-0.148667 0.859025 -0.489872 
0.312240 0.846254 -0.431696 
0.607619 0.638718 -0.472058 
0.294424 0.467180 -0.833701 
0.262627 0.933999 -0.242225 
-0.181691 0.876173 -0.446440 
0.600840 0.541819 -0.587727 
0.432416 0.878800 -0.201809 
0.474494 0.865092 -0.162701 
0.348214 0.923563 -0.160557 
0.452474 0.572631 -0.683638 
0.514093 0.450158 -0.730114 
0.241725 0.446540 -0.861494 
-0.096682 0.635756 -0.765812 
0.131079 0.530357 -0.837580 
0.069240 0.950663 -0.302398 
0.146862 0.829102 -0.539463 
-0.104784 0.682287 -0.723537 
0.542752 0.779883 -0.311774 
0.296209 0.694933 -0.655231 
0.605871 0.678195 -0.415898 
0.651709 0.433748 -0.622205 
0.654441 0.610423 -0.446196 
0.646401 0.532158 -0.546784 
0.486615 0.520752 -0.701443 
0.132717 0.944507 -0.300489 
0.649443 0.659083 -0.379253 
0.257068 0.842251 -0.473845 
-0.069402 0.720054 -0.690439 
0.677440 0.355110 -0.644183 
-0.053032 0.537357 -0.841686 
0.520487 0.731272 -0.440834 
0.138263 0.477568 -0.867647 
0.301334 0.644466 -0.702753 
0.487578 0.410535 -0.770538 
