0.441582 0.176979 0.882431 
0.404638 0.052569 0.937155 
0.379081 0.192139 0.911822 
0.067166 0.267800 1.058502 
0.483708 0.120605 0.875547 
0.658023 -0.112665 0.847062 
0.339948 0.144365 0.946263 
0.304295 0.100840 0.977641 
0.543715 0.132235 0.839995 
0.580562 0.139375 0.818164 
0.606463 0.125645 0.808070 
0.953363 0.089216 0.631575 
0.557450 0.063874 0.851748 
0.576750 -0.032187 0.868263 
0.289650 0.192144 0.959951 
0.057701 0.412480 1.023077 
0.276204 0.260534 0.948035 
0.212873 0.582650 0.891907 
0.455812 0.307971 0.838087 
0.433162 0.667577 0.749566 
0.243644 0.323302 0.947979 
0.164762 0.475370 0.947845 
0.469133 0.372650 0.812804 
0.538196 0.707976 0.681724 
0.665133 0.093210 0.785578 
0.873072 -0.021748 0.705863 
0.527932 0.388295 0.776777 
0.762885 0.450812 0.632819 
0.585039 0.408601 0.740356 
0.797748 0.484238 0.604695 
0.647818 0.399389 0.709149 
0.784559 0.379324 0.641175 
0.683205 0.155893 0.758297 
0.701611 0.219736 0.730511 
0.331389 0.078106 0.969425 
0.285177 -0.279664 1.094493 
0.656748 0.465539 0.685817 
0.663502 0.515570 0.668170 
0.258277 0.387472 0.922133 
0.288411 0.519620 0.868906 
0.666020 0.531588 0.662329 
0.697288 0.754319 0.583123 
0.308396 0.017960 0.998645 
0.195674 -0.276900 1.141888 
0.744135 0.163786 0.723295 
0.894049 0.183205 0.637174 
0.350775 -0.038199 0.991564 
0.376150 -0.071825 0.987325 
0.335871 -0.102260 1.017527 
0.298160 -0.264350 1.083217 
0.332038 -0.169689 1.038473 
0.324366 -0.304649 1.080399 
0.335624 -0.238169 1.055722 
0.335631 -0.238293 1.055753 
0.508445 0.455746 0.768374 
0.488926 0.523313 0.759957 
0.510156 0.025703 0.887891 
0.470096 -0.006629 0.918506 
0.272513 -0.139727 1.062118 
0.265118 -0.136005 1.065055 
0.229451 0.181235 0.995405 
0.227427 0.180869 0.996597 
0.727205 0.507781 0.636068 
0.826359 0.469200 0.593508 
0.233825 0.453604 0.916772 
0.175324 0.611825 0.903945 
0.806873 0.157537 0.691280 
0.940908 0.144188 0.622882 
0.619100 0.583386 0.673074 
0.496100 0.719175 0.701243 
0.676153 0.024636 0.798852 
0.712393 -0.200859 0.842500 
0.175498 0.436567 0.952934 
0.110211 0.417498 0.993411 
0.222282 -0.091862 1.075747 
0.142640 -0.015972 1.097356 
0.732227 0.047421 0.762292 
0.758741 0.058194 0.745006 
0.401623 0.123027 0.919046 
0.405014 0.121854 0.917549 
0.118457 0.416097 0.989366 
-0.017086 0.367454 1.075937 
0.840346 0.210464 0.658442 
0.890384 0.289585 0.609354 
0.190062 -0.145799 1.108193 
0.154797 -0.204835 1.143706 
0.263106 0.509743 0.885291 
0.282753 0.547412 0.864167 
0.253013 0.057767 1.017303 
0.225139 0.077801 1.026694 
0.396535 -0.230189 1.020705 
0.461661 -0.221655 0.983265 
0.214493 0.559623 0.897485 
0.147742 0.628114 0.914228 
0.684986 0.339319 0.705969 
0.715314 0.290301 0.703374 
0.832582 0.091824 0.695847 
0.856103 0.031706 0.700025 
0.645108 0.641724 0.642739 
0.663733 0.683501 0.621015 
0.693372 0.678525 0.606458 
0.713117 0.693581 0.591614 
0.177207 0.619616 0.900750 
0.175211 0.622828 0.900925 
0.063497 0.456689 1.007576 
-0.073937 0.558196 1.053114 
0.588049 0.193315 0.799029 
0.584408 0.206694 0.797241 
0.398638 -0.109603 0.985802 
0.399423 -0.109695 0.985406 
0.558637 0.573505 0.708382 
0.533826 0.569450 0.722871 
0.858947 0.026344 0.699996 
0.903154 -0.083449 0.706953 
0.500918 0.608358 0.729685 
0.390368 0.675112 0.770487 
0.179419 0.229360 1.008854 
0.145256 0.262220 1.018038 
0.695262 0.593757 0.629181 
0.695824 0.593219 0.629028 
0.077184 0.370557 1.024332 
0.020890 0.308442 1.072025 
0.438179 0.614665 0.761684 
0.422396 0.616252 0.769734 
0.120397 0.214402 1.044808 
0.065301 0.200440 1.078371 
0.059803 0.240684 1.070059 
0.007633 0.263312 1.091799 
0.422590 0.682802 0.750992 
0.413629 0.721966 0.744846 
0.424155 -0.050956 0.955645 
0.432081 -0.032739 0.946277 
0.116989 0.608778 0.936194 
0.068910 0.600125 0.964493 
0.661286 -0.039440 0.824798 
0.634522 -0.154793 0.871508 
0.408897 0.400256 0.837491 
0.373058 0.416681 0.852179 
0.572551 0.261464 0.788284 
0.566872 0.286437 0.784346 
0.006927 0.494123 1.027538 
-0.003353 0.500925 1.031166 
0.679462 0.746868 0.594804 
0.678564 0.751282 0.594051 
0.054209 0.617961 0.967410 
0.053707 0.618034 0.967659 
0.099409 0.507521 0.974013 
0.102813 0.512339 0.970832 
0.478443 0.706088 0.714411 
0.499909 0.715037 0.700352 
0.902643 -0.028654 0.691882 
0.912809 -0.041450 0.689994 
0.217210 0.666504 0.866090 
0.223515 0.673893 0.860627 
0.392466 0.574382 0.797568 
0.377487 0.561183 0.809326 
0.461120 0.507102 0.779462 
0.455308 0.513409 0.780823 
0.306821 -0.294646 1.087040 
0.305138 -0.297946 1.088870 
0.813802 0.275880 0.654407 
0.795852 0.320118 0.651679 
0.485784 -0.072551 0.928525 
0.501308 -0.077991 0.921693 
0.363339 0.713592 0.774257 
0.349193 0.720943 0.779811 
0.862372 0.312236 0.618086 
0.866038 0.314981 0.615344 
0.617448 0.744929 0.628722 
0.605993 0.744571 0.634987 
0.206475 0.018568 1.053327 
0.196356 0.010046 1.061160 
0.302737 0.704280 0.809480 
0.298510 0.703631 0.811937 
0.523812 -0.132044 0.924720 
0.567062 -0.199707 0.920393 
0.381932 0.259762 0.891350 
0.382186 0.265796 0.889523 
0.349711 0.630218 0.804941 
0.348028 0.632415 0.805232 
0.878968 -0.088409 0.721358 
0.846886 -0.169384 0.761302 
0.755454 0.443024 0.639000 
0.771698 0.405788 0.640686 
