-0.503100 0.838405 -0.209685 
-0.460422 0.847370 -0.264529 
-0.612390 0.758571 -0.222595 
-0.411261 0.856518 -0.311836 
-0.440589 0.820850 -0.363437 
-0.655580 0.711953 -0.251670 
-0.693750 0.692868 -0.196585 
-0.433446 0.794581 -0.425167 
-0.720211 0.680689 -0.134010 
-0.460646 0.872073 -0.165210 
-0.491074 0.776543 -0.394751 
-0.750390 0.656245 -0.079096 
-0.669800 0.675476 -0.308382 
-0.372546 0.818492 -0.437355 
-0.366888 0.889869 -0.271156 
-0.478541 0.872627 -0.097571 
-0.790289 0.605742 -0.092304 
-0.330392 0.810687 -0.483351 
-0.445506 0.894303 -0.041781 
-0.715398 0.625927 -0.310518 
-0.760071 0.584173 -0.284664 
-0.447971 0.755916 -0.477403 
-0.774365 0.540473 -0.329012 
-0.801922 0.533188 -0.269505 
-0.272763 0.821077 -0.501430 
-0.758045 0.631918 -0.161390 
-0.578212 0.797051 -0.174301 
-0.794932 0.606116 -0.026579 
-0.431244 0.901941 0.023056 
-0.305082 0.913562 -0.268942 
-0.613788 0.773244 -0.159241 
-0.694062 0.692495 -0.196794 
-0.801472 0.488876 -0.344446 
-0.490798 0.871145 0.014960 
-0.810144 0.585451 0.030246 
-0.817569 0.440486 -0.370882 
-0.818920 0.573576 0.019501 
-0.680519 0.633214 -0.368693 
-0.248264 0.936230 -0.248672 
-0.446008 0.890835 0.086546 
-0.409498 0.902147 0.135802 
-0.666113 0.610274 -0.428789 
-0.642144 0.737272 -0.209956 
-0.268429 0.788980 -0.552682 
-0.538420 0.840967 0.053641 
-0.534753 0.836676 0.118375 
-0.590235 0.799437 0.111907 
-0.621747 0.699576 -0.352170 
-0.351512 0.925220 0.142856 
-0.807634 0.412500 -0.421391 
-0.322722 0.759938 -0.564220 
-0.635726 0.759542 0.137650 
-0.359627 0.910131 -0.205742 
-0.783946 0.614186 -0.090575 
-0.824791 0.559549 0.081395 
-0.577614 0.816299 0.004265 
-0.408885 0.911917 0.034931 
-0.311295 0.932513 0.183074 
-0.704431 0.705346 -0.079141 
-0.217063 0.956372 -0.195543 
-0.680609 0.690733 -0.244253 
-0.457956 0.887936 -0.042953 
-0.672572 0.568046 -0.474311 
-0.850159 0.407377 -0.333578 
-0.212767 0.798492 -0.563152 
-0.762513 0.646810 0.014495 
-0.796511 0.580284 -0.169826 
-0.448453 0.875490 0.180021 
-0.843518 0.523711 0.119177 
-0.471767 0.712162 -0.519866 
-0.482300 0.846709 0.224655 
-0.343247 0.785870 -0.514384 
-0.304766 0.921229 -0.241776 
-0.776326 0.415830 -0.473713 
-0.802095 0.424573 -0.419978 
-0.376728 0.903512 -0.204308 
-0.518915 0.787252 -0.333109 
-0.756377 0.649378 0.078759 
-0.710153 0.563020 -0.422718 
-0.843596 0.448881 -0.294707 
-0.712271 0.596511 -0.369925 
-0.831922 0.529410 -0.166226 
-0.339218 0.929646 -0.143837 
-0.654555 0.752161 0.076230 
-0.590510 0.788156 0.173515 
-0.257976 0.952813 0.159985 
-0.262192 0.953346 -0.149625 
-0.832835 0.552065 -0.040121 
-0.788065 0.490255 -0.372294 
-0.394307 0.763256 -0.511823 
-0.717314 0.641080 -0.272906 
-0.356974 0.920109 0.161152 
-0.365781 0.926032 0.093107 
-0.339734 0.911253 0.232806 
-0.814886 0.562205 0.141022 
-0.669606 0.675341 -0.309101 
-0.837069 0.487436 -0.248439 
-0.306995 0.948158 0.082162 
-0.165305 0.826392 -0.538286 
-0.447171 0.831061 -0.330720 
