-0.088567 0.949694 -0.316604 
-0.000413 0.951737 -0.363770 
-0.152467 0.921940 -0.388343 
0.020667 0.931314 -0.459366 
-0.203273 0.893827 -0.469758 
-0.085529 0.987414 -0.166430 
-0.039111 1.015486 -0.082422 
-0.221947 0.965454 -0.169227 
-0.221982 0.932641 -0.301505 
-0.012231 1.042599 0.010003 
-0.045611 1.060357 0.102580 
-0.320171 0.948273 -0.176763 
-0.130825 1.060052 0.154910 
-0.172858 0.875388 -0.563219 
-0.221658 1.037203 0.119876 
0.112454 0.935843 -0.498794 
0.058062 1.025308 -0.103894 
-0.183875 0.849847 -0.659273 
-0.082394 1.088152 0.237764 
-0.267836 0.824803 -0.707474 
-0.365679 0.813902 -0.689928 
0.016196 1.104457 0.241539 
0.211315 0.949951 -0.504048 
0.140517 0.963047 -0.406748 
-0.038766 0.977803 -0.234569 
-0.442432 0.817807 -0.625946 
-0.126870 0.860831 -0.650816 
0.114111 1.122181 0.251461 
-0.466841 0.837550 -0.531001 
-0.472781 0.860707 -0.433901 
-0.320363 1.024118 0.129157 
-0.028375 0.873187 -0.662903 
-0.251993 1.055660 0.213359 
-0.438909 0.842382 -0.529076 
0.273972 0.977775 -0.431247 
-0.266835 0.829011 -0.691136 
-0.232792 0.821743 -0.741840 
-0.540768 0.800858 -0.632476 
-0.400556 0.950485 -0.117320 
-0.269884 1.009106 0.036901 
-0.429464 0.888708 -0.348230 
-0.491147 0.927536 -0.152910 
-0.180665 1.076376 0.252050 
-0.110655 1.025848 0.004326 
-0.425339 0.970150 -0.022457 
-0.336407 0.894238 -0.384421 
0.042349 1.062280 0.055047 
-0.109880 0.903194 -0.490689 
0.030994 0.998180 -0.196260 
-0.266598 0.980375 -0.081002 
0.125998 1.052775 -0.035848 
0.205579 0.941429 -0.534803 
0.007724 1.069107 0.104338 
-0.418908 1.007683 0.124829 
-0.176572 1.030770 0.065599 
0.049649 1.070462 0.083450 
-0.398173 0.997286 0.069878 
-0.324132 1.028461 0.149034 
-0.074359 1.081493 0.205868 
0.108317 0.911183 -0.595618 
-0.084939 1.056005 0.109751 
-0.101268 0.950052 -0.307174 
-0.069583 1.066163 0.141056 
-0.021726 0.956593 -0.330796 
0.062327 0.876924 -0.704844 
-0.562700 0.837491 -0.470991 
-0.025280 1.039784 0.006854 
-0.151304 0.921874 -0.389337 
-0.128936 1.059179 0.150202 
-0.182208 0.849855 -0.660286 
0.150106 0.895503 -0.685104 
-0.053564 1.111272 0.312863 
0.306992 0.957929 -0.532015 
0.222612 1.061845 -0.060004 
-0.540587 0.899429 -0.235164 
-0.076157 1.052954 0.091931 
-0.074492 0.887396 -0.576629 
-0.455987 0.810442 -0.647119 
-0.570454 0.930266 -0.092058 
-0.149537 0.996362 -0.090122 
0.149668 1.047820 -0.070706 
0.294484 1.055868 -0.129276 
-0.284566 0.942087 -0.224084 
0.077802 1.094458 0.162505 
-0.155183 0.854298 -0.659359 
0.399843 0.963291 -0.568756 
-0.482731 0.952758 -0.056510 
-0.465910 0.785034 -0.743327 
0.015303 1.106788 0.251501 
-0.108430 1.086788 0.248631 
-0.069205 0.920516 -0.446416 
-0.140810 1.089560 0.280159 
-0.202220 1.036596 0.105209 
-0.636701 0.879665 -0.254440 
-0.155351 0.994205 -0.095164 
-0.383734 0.866152 -0.467916 
-0.347998 0.846267 -0.570552 
0.088557 1.019921 -0.144781 
0.046674 1.047548 -0.007066 
-0.163100 0.863702 -0.616468 
0.156674 1.012475 -0.217613 
-0.341952 0.797985 -0.769018 
-0.407821 0.826904 -0.611022 
-0.620057 0.943806 -0.006290 
-0.447783 0.955539 -0.067263 
0.172523 1.080849 0.048100 
0.329629 1.083530 -0.039836 
0.059837 0.990502 -0.245342 
-0.361935 0.972756 -0.051800 
-0.676670 0.955228 0.075346 
-0.299177 0.873886 -0.489878 
-0.371449 0.916721 -0.271747 
-0.095647 0.880950 -0.589322 
-0.533777 0.810003 -0.599998 
0.047018 0.999764 -0.199944 
-0.220186 0.969812 -0.152764 
0.231465 1.071995 -0.024646 
0.010572 0.893200 -0.606689 
0.132592 1.057329 -0.021631 
-0.516216 0.798370 -0.657937 
-0.372791 1.035750 0.209005 
0.188304 0.991139 -0.323518 
-0.192592 0.945868 -0.266648 
-0.017790 1.086571 0.190788 
-0.537987 0.969284 0.044850 
0.068505 1.010422 -0.170476 
-0.428923 0.786111 -0.762232 
0.325395 1.093306 0.002243 
-0.362594 0.813704 -0.692669 
0.171554 1.115874 0.189928 
0.016689 0.954783 -0.362240 
-0.318268 0.952367 -0.161452 
0.337418 0.935455 -0.641752 
0.009546 1.048478 0.020017 
-0.104717 1.042452 0.067540 
0.084780 1.140863 0.345219 
-0.003517 1.019498 -0.088617 
-0.267190 0.854321 -0.588867 
-0.366158 0.813575 -0.690949 
-0.525958 0.820537 -0.562438 
0.269283 1.126572 0.171637 
0.145722 0.913478 -0.609876 
0.225535 1.108954 0.128099 
0.236858 0.917526 -0.650838 
0.033990 1.030449 -0.068036 
0.251805 1.019885 -0.247532 
0.305381 1.007520 -0.331059 
-0.717001 0.924835 -0.021847 
-0.408507 0.944682 -0.135722 
-0.086873 1.082531 0.217916 
-0.150832 0.973821 -0.180191 
0.385887 0.985073 -0.472161 
-0.449262 0.838502 -0.538212 
-0.244737 0.901976 -0.410838 
-0.250498 0.910682 -0.372117 
-0.066852 0.971386 -0.242791 
-0.426847 0.881485 -0.378999 
-0.007277 0.879611 -0.650260 
-0.549425 0.812185 -0.581364 
-0.636616 0.953103 0.041604 
0.374092 0.963197 -0.552952 
-0.468992 0.970087 0.004725 
-0.219416 0.899826 -0.435422 
-0.000898 1.043300 0.005704 
-0.589507 0.828305 -0.491178 
0.060043 0.993190 -0.234635 
0.141768 1.050413 -0.055284 
-0.185794 1.060436 0.191008 
0.183753 1.149497 0.317822 
-0.357309 0.884822 -0.409249 
-0.493691 0.989478 0.098431 
0.023140 0.982370 -0.255064 
-0.362028 0.868036 -0.473964 
0.030843 0.933489 -0.456991 
-0.181566 1.011253 -0.009953 
-0.471993 0.853438 -0.463705 
0.057854 0.997163 -0.217242 
-0.347045 0.831308 -0.631462 
0.078467 1.106209 0.209465 
-0.009686 1.042492 0.007972 
-0.437265 0.856016 -0.475138 
-0.509376 1.010943 0.194833 
-0.706474 0.950317 0.074278 
0.152379 1.136674 0.285843 
0.245645 0.977568 -0.414277 
-0.255869 0.835385 -0.672332 
-0.669594 0.980279 0.171899 
0.058773 0.939180 -0.451601 
-0.400682 0.840202 -0.561891 
-0.084439 1.006487 -0.090214 
-0.653674 0.915648 -0.098693 
-0.562602 0.932652 -0.087373 
-0.359691 0.860406 -0.506193 
0.420698 0.960662 -0.592465 
-0.500461 0.940027 -0.096697 
0.102034 0.984388 -0.296516 
-0.501079 0.759056 -0.825962 
-0.059251 0.874215 -0.639349 
0.206639 0.991772 -0.332490 
0.277311 1.096049 0.043525 
-0.013725 0.911708 -0.516796 
0.185556 1.030659 -0.162454 
-0.494820 0.897174 -0.273017 
0.222566 0.992595 -0.339185 
0.155570 1.015188 -0.205983 
-0.582373 0.942796 -0.034047 
-0.365020 0.836466 -0.599370 
-0.150887 0.971730 -0.188588 
-0.078760 0.953279 -0.308311 
-0.261823 1.013527 0.049659 
-0.432699 0.867319 -0.432435 
-0.304733 0.848480 -0.588821 
-0.403522 0.923083 -0.225938 
-0.281780 0.875988 -0.492339 
0.254828 0.979407 -0.412631 
0.309991 1.047893 -0.171178 
-0.275599 1.004884 0.023471 
-0.678125 0.888732 -0.191847 
-0.499886 0.964543 0.001788 
-0.715471 0.952217 0.087591 
-0.232261 0.863734 -0.572867 
0.080410 1.052040 -0.010161 
-0.275426 0.900742 -0.396526 
-0.523813 0.952425 -0.032033 
0.140178 1.050776 -0.052823 
-0.103427 1.059215 0.134313 
0.135940 1.097841 0.139604 
-0.506664 0.812996 -0.604972 
-0.295325 0.925556 -0.283974 
-0.219327 0.867716 -0.564944 
0.047779 0.957777 -0.369708 
0.147996 0.941908 -0.496679 
-0.597522 0.914511 -0.138569 
0.288684 0.981341 -0.426116 
-0.266241 1.062618 0.250366 
-0.425433 0.982086 0.025725 
-0.641237 0.961381 0.077884 
-0.147732 0.921980 -0.391157 
-0.419043 0.933579 -0.173864 
-0.263902 0.826735 -0.702158 
-0.476333 0.944622 -0.093335 
0.446507 0.991367 -0.484886 
0.002545 0.916015 -0.509658 
-0.422362 1.016624 0.163047 
-0.170837 1.005505 -0.039872 
-0.448191 0.838432 -0.539168 
0.270417 1.130754 0.187784 
-0.168772 1.080880 0.262737 
-0.126073 0.969713 -0.212315 
-0.365379 0.816507 -0.679618 
