-0.598438 -0.218644 0.777218 
-0.440503 -0.291258 0.855059 
-0.653042 -0.279846 0.720011 
-0.630727 -0.375463 0.701049 
-0.532062 -0.374491 0.765942 
-0.412010 -0.208173 0.902863 
-0.327509 -0.214349 0.955980 
-0.667334 -0.149181 0.756524 
-0.457707 -0.119235 0.904183 
-0.545639 -0.391946 0.750932 
-0.623813 -0.470921 0.672067 
-0.545681 -0.389749 0.751676 
-0.500852 -0.029086 0.907598 
-0.282310 -0.303535 0.954248 
-0.570068 -0.555063 0.677696 
-0.450351 0.036531 0.963670 
-0.729026 -0.071580 0.743399 
-0.715189 -0.369650 0.647830 
-0.447474 -0.381527 0.818814 
-0.201015 -0.348027 0.991818 
-0.804851 -0.013257 0.714262 
-0.534379 -0.169633 0.836331 
-0.560035 0.050810 0.896921 
-0.532439 -0.075697 0.870571 
-0.641896 -0.590966 0.618100 
-0.832052 0.081710 0.729799 
-0.553903 -0.431422 0.731669 
-0.828139 -0.099250 0.668843 
-0.465721 0.132478 0.987291 
-0.916652 0.109141 0.684078 
-0.168238 -0.441804 0.980347 
-0.388965 0.157514 1.046297 
-0.485875 -0.585959 0.721934 
-0.565201 0.146049 0.926970 
-0.748567 0.082889 0.784833 
-0.200066 -0.253870 1.025488 
-0.798968 -0.369033 0.593234 
-0.481784 -0.396089 0.791255 
-0.881138 -0.327719 0.553975 
-0.497504 0.226504 0.999501 
-0.111588 -0.523792 0.988632 
-0.700590 0.151009 0.840132 
-0.381052 -0.454083 0.836804 
-0.733743 -0.233429 0.683504 
-0.434305 -0.369602 0.831615 
-0.481052 -0.466583 0.766991 
-0.661522 -0.307399 0.704791 
-0.304644 -0.428177 0.895886 
-0.753027 -0.158947 0.697031 
-0.437974 -0.512581 0.779029 
-0.372653 -0.139448 0.952735 
-0.877024 -0.390645 0.534580 
-0.341035 -0.058312 1.001900 
-0.731346 -0.328238 0.651795 
-0.645124 0.068897 0.847600 
-0.321733 0.201606 1.105759 
-0.115371 -0.262089 1.078015 
-0.366363 -0.301048 0.900129 
-0.944188 -0.251463 0.539491 
-0.351961 0.295989 1.119111 
-0.693372 -0.233688 0.709827 
-0.804638 -0.462020 0.556886 
-0.373062 -0.126881 0.956878 
-0.782260 0.012915 0.738228 
-0.986412 0.069374 0.624479 
-0.617068 0.081852 0.870502 
-0.685670 0.000745 0.797151 
-0.601870 -0.098369 0.817188 
-0.698122 -0.650294 0.560490 
-0.956357 -0.155588 0.565181 
-0.402286 -0.051158 0.964338 
-0.656777 -0.741217 0.555626 
-0.602482 -0.192598 0.783713 
-0.917136 0.100405 0.680695 
-0.160055 -0.178776 1.078023 
-0.742306 -0.721899 0.506449 
-0.406266 -0.526884 0.794754 
-0.101313 -0.432227 1.027494 
-0.816393 -0.660340 0.479585 
-0.765029 -0.578316 0.541980 
-0.729534 -0.677412 0.530420 
-0.256090 -0.070139 1.053324 
-0.733523 -0.294029 0.662377 
-0.326659 -0.332532 0.915055 
-0.821441 -0.272686 0.612349 
-0.812987 -0.069750 0.689110 
-0.384552 0.082908 1.022997 
-0.502000 -0.377331 0.784613 
-0.493780 -0.528862 0.736803 
-0.371305 0.030389 1.013230 
-0.159759 -0.438986 0.986883 
-0.508381 0.064195 0.935414 
-0.719827 -0.471700 0.608976 
-0.486218 -0.257268 0.837081 
-0.174409 -0.574593 0.929701 
-0.821215 -0.201450 0.637500 
-0.791002 0.155967 0.782721 
-0.416878 -0.655287 0.742742 
-0.576724 -0.193652 0.800196 
-0.720163 -0.611989 0.559514 
-0.190231 -0.084382 1.091413 
-0.597543 -0.316896 0.743316 
-0.231047 0.014918 1.099563 
-0.236642 0.184045 1.155267 
-0.361664 -0.366173 0.880345 
-0.484254 -0.009066 0.925484 
-0.441471 -0.196709 0.887612 
-0.179775 -0.343185 1.007414 
-0.299339 0.019963 1.056654 
-0.212791 -0.344564 0.985329 
-0.871274 -0.174367 0.614255 
-0.246424 -0.610129 0.870111 
-0.729282 -0.375994 0.636382 
-0.732791 -0.695013 0.522111 
-0.726421 -0.069202 0.745938 
-0.632729 -0.499033 0.656366 
-0.250420 -0.366546 0.952995 
-0.871687 -0.163514 0.617794 
-0.519433 -0.041667 0.891025 
-0.779899 -0.798862 0.454840 
-0.242148 -0.473449 0.920884 
-0.380374 -0.061576 0.975017 
-0.884817 -0.414032 0.521272 
-0.829693 -0.265192 0.609580 
-1.011912 0.164607 0.641222 
-0.267371 -0.697300 0.825810 
-0.795322 -0.604117 0.513105 
-0.458754 -0.476657 0.778043 
-0.564682 -0.432069 0.724390 
-0.986648 -0.161012 0.543460 
-0.331196 0.113971 1.068808 
-0.734007 -0.496797 0.590889 
-0.116887 -0.147218 1.117343 
-0.644240 -0.586142 0.618260 
-0.685083 -0.165973 0.739018 
-0.162547 -0.440056 0.984684 
-0.668719 -0.784323 0.532683 
-0.567957 -0.101591 0.838245 
-0.568403 -0.653549 0.644216 
-0.864902 -0.269762 0.584940 
-0.425898 -0.414925 0.821207 
-0.605805 -0.012900 0.844613 
-0.948578 -0.063218 0.602692 
-0.796060 -0.784054 0.449464 
-0.371555 -0.205806 0.930162 
-0.538674 -0.748038 0.630501 
-0.646872 -0.187000 0.756637 
-0.726495 -0.334405 0.652804 
-0.355784 -0.342306 0.892569 
-0.192905 -0.207361 1.046498 
-0.395224 0.252895 1.075680 
-0.998416 0.023451 0.600507 
-0.653234 0.062932 0.840200 
-0.819118 -0.358656 0.583693 
-0.911635 -0.100368 0.613823 
-0.740183 -0.673641 0.524777 
-0.229395 0.108919 1.133639 
-0.534582 -0.075235 0.869332 
-0.182806 -0.704103 0.878749 
-0.530814 -0.264635 0.805318 
-0.418343 -0.265555 0.878579 
-0.298148 0.178571 1.113105 
-0.619768 -0.702877 0.593296 
-0.534307 -0.653639 0.666492 
-0.298683 -0.778633 0.776776 
-0.083186 -0.343743 1.070412 
-0.731035 -0.326101 0.652748 
-0.462951 -0.719633 0.690012 
-0.455656 -0.213983 0.872268 
-0.577268 -0.338270 0.749079 
-0.371486 0.055839 1.022044 
-0.356555 -0.293001 0.909370 
-0.942731 -0.097056 0.594641 
-0.221882 -0.524801 0.916119 
-0.460425 0.055705 0.963809 
-0.681310 -0.493631 0.626478 
-0.842991 -0.369951 0.564110 
-0.428458 -0.602686 0.753628 
-0.545840 -0.386262 0.752795 
-0.688786 0.095675 0.828433 
-0.595136 -0.818866 0.568700 
-0.543797 -0.286597 0.789115 
-0.554208 -0.430815 0.731683 
-0.269414 0.103668 1.105613 
-0.449281 -0.667302 0.717325 
-0.097662 -0.384725 1.046556 
-0.111974 -0.523248 0.988571 
-0.277740 -0.197344 0.994511 
-0.546072 0.179961 0.951388 
-0.289308 -0.175511 0.994605 
-0.237514 -0.249223 1.002619 
-0.103043 -0.687544 0.936746 
-0.900672 0.151537 0.709414 
-0.540841 -0.508816 0.713050 
-0.895701 -0.231841 0.578101 
-0.483438 0.085119 0.959077 
-0.733814 -0.375767 0.633497 
-0.212244 -0.530708 0.920351 
-0.901109 -0.238647 0.572173 
-0.344277 0.036639 1.033106 
-0.874605 -0.451089 0.514947 
-0.449929 -0.110312 0.912404 
-0.843813 -0.009336 0.690147 
-0.257536 -0.336837 0.958767 
-1.060630 0.038394 0.565048 
-0.658475 -0.261038 0.723058 
-0.504324 0.067677 0.939290 
-0.195531 -0.524008 0.933637 
-0.563131 0.026902 0.886504 
-0.453869 -0.602027 0.737234 
-0.123478 -0.039516 1.150834 
-0.830462 -0.750522 0.438726 
-0.557668 -0.594779 0.671868 
-0.216117 -0.016724 1.098225 
-0.549277 -0.396245 0.747043 
-0.410971 0.009738 0.980030 
-0.579310 -0.314496 0.756088 
-0.464828 -0.438020 0.787631 
-0.260259 -0.045158 1.059365 
-0.310863 -0.521777 0.858964 
-0.305614 0.198732 1.115296 
-0.446077 0.239137 1.037581 
-0.783050 -0.280570 0.634699 
-0.633506 -0.242676 0.745839 
-0.327787 -0.106299 0.993724 
-0.812499 0.107295 0.751572 
-1.006795 -0.068734 0.562668 
-0.837238 -0.513433 0.517511 
-0.776882 -0.592285 0.529322 
-0.467176 0.128485 0.984937 
-0.389902 -0.303810 0.883759 
-0.796112 -0.436397 0.571458 
-0.131493 -0.664844 0.926100 
-0.242941 -0.242096 1.001570 
-0.281483 -0.137884 1.012932 
-0.477589 -0.287121 0.832247 
-0.712030 -0.059751 0.758671 
-0.645112 -0.441818 0.668347 
-0.075647 -0.184095 1.131381 
-0.784042 -0.293927 0.629362 
-0.618840 -0.030405 0.829941 
-0.410354 -0.208897 0.903693 
-0.248833 -0.266379 0.989192 
-0.324060 -0.059149 1.012712 
-0.502528 0.146310 0.968065 
-0.674078 -0.342487 0.684261 
-0.103340 -0.400279 1.037382 
-0.495743 -0.381972 0.787077 
-0.157682 -0.047881 1.125520 
-0.484996 -0.574519 0.726525 
