162
168
169
183
165
168
186
201
168
190
178
220
181
163
165
167
207
190
195
205
214
124
132
213
190
214
195
179
128
223
211
208
188
189
198
231
183
188
188
204
179
175
121
194
216
161
190
137
208
206
187
200
165
159
225
167
169
208
206
188
202
195
172
167
183
125
211
163
130
211
202
161
181
171
195
206
199
185
195
209
201
186
203
229
151
172
118
186
193
123
131
231
195
205
214
182
185
181
173
140
130
181
214
227
218
212
196
194
208
238
215
213
192
188
190
146
188
177
189
232
176
214
194
182
195
191
226
173
210
207
237
229
203
190
225
133
223
186
206
196
158
183
135
231
210
186
129
202
221
223
187
168
170
185
164
190
185
173
198
174
160
194
185
176
196
210
176
207
208
156
188
205
165
177
138
223
218
174
166
125
179
127
164
193
163
215
224
180
223
189
192
174
126
178
188
133
151
211
211
157
203
201
175
161
121
209
186
194
183
200
225
181
168
192
236
124
123
192
212
169
201
185
239
174
201
129
197
190
156
203
136
184
188
168
155
165
128
211
203
174
216
200
125
133
180
224
214
167
144
195
