0.285294
0.264319
0.264319
0.264319
0.264319
0.288076
0.290841
0.290425
0.264319
0.326640
0.280342
0.272924
0.280915
0.264319
0.350452
0.293051
0.287298
0.352989
0.337208
0.264319
0.273894
0.264319
0.290179
0.299292
0.264319
0.290922
0.297364
0.287219
0.337045
0.278412
0.326637
0.264319
0.297926
0.284001
0.285371
0.264319
0.253643
0.264319
0.295706
0.299290
0.327999
0.268742
0.286221
0.289050
0.280261
0.290321
0.350211
0.298722
0.321783
0.264319
0.282687
0.296833
0.306917
0.264319
0.295844
0.329533
0.299268
0.295738
0.299258
0.301758
0.308643
0.312113
0.264319
0.297537
0.283841
0.264319
0.299091
0.264319
0.309797
0.264319
0.253036
0.253036
0.263586
0.264319
0.260067
0.270236
0.320381
0.278056
0.287491
0.291358
0.344821
0.283453
0.297675
0.193773
0.292016
0.264319
0.272726
0.352721
0.328028
0.264319
0.245193
0.297388
0.253036
0.284727
0.264319
0.291619
0.264319
0.270332
0.243883
0.264319
0.284838
0.193773
0.264319
0.345723
0.270267
0.264319
0.264319
0.280948
0.295567
0.264319
0.210961
0.292275
0.264319
0.264319
0.328349
0.291423
0.284425
0.281551
0.292677
0.290476
0.278282
0.264319
0.310539
0.290017
0.295101
0.287991
0.307415
0.279281
0.264319
0.287784
0.262571
0.264319
0.288690
0.264319
0.298028
0.253036
0.264802
0.264319
0.287569
0.270062
0.264319
0.269680
0.264319
0.298034
0.298258
0.264319
0.268704
0.282502
0.246363
0.289001
0.330931
0.291412
0.236921
0.271053
0.287943
0.298625
0.349710
0.193773
0.295932
0.340499
0.289671
0.263690
0.298327
0.277608
0.263370
0.320685
0.243844
0.354648
0.264319
0.336306
0.264319
0.300995
0.275575
0.265905
0.346209
0.193773
0.285386
0.274564
0.291090
0.264319
0.286380
0.311908
0.307989
0.288699
0.290525
0.309298
0.284110
0.258935
0.333866
0.298275
0.294024
0.241501
0.193773
0.285230
0.262078
0.319513
0.332457
0.347245
0.264319
0.343919
0.307211
0.266826
0.342635
0.267263
0.328259
0.264319
0.334007
0.193773
0.250782
0.348922
0.297012
0.288394
0.264319
0.291544
0.290851
0.264319
0.193773
0.309636
0.226983
0.264319
0.285562
0.264319
0.279051
0.264319
0.213438
0.274895
0.275663
0.253315
0.310863
0.264319
0.258209
0.265845
0.284450
0.264319
0.287255
0.287477
0.288612
0.193773
0.193773
0.264319
0.264319
0.277504
0.288945
0.297156
0.283688
0.269278
0.352289
0.280280
0.264319
0.338393
0.182553
0.168247
0.162690
0.201931
0.144993
0.141543
0.155923
0.144576
0.174616
0.176542
0.113924
0.189524
0.125632
0.113050
0.232446
0.226209
0.156417
0.268276
0.194039
0.287115
0.189076
0.301503
0.167255
0.175630
0.127027
0.159074
0.155739
0.146731
0.143411
0.264539
0.224107
0.114138
0.279263
0.248475
0.143411
0.146417
0.209611
0.160194
0.194697
0.123950
0.185203
0.259928
0.183936
0.113569
0.294202
0.125749
0.211811
0.151863
0.116851
0.185203
0.152841
0.218640
0.311366
0.126686
0.143411
0.143048
0.115561
0.117717
0.199991
0.227699
0.162880
0.308315
0.126721
0.260630
0.143411
0.154676
0.154662
0.299780
0.121564
0.279343
0.202009
0.258694
0.167585
0.187415
0.123736
0.193808
0.260962
0.237444
0.329755
0.224304
0.161450
0.308799
0.271734
0.116851
0.195299
0.154676
0.125563
0.243080
0.180427
0.330243
0.185203
0.182466
0.126819
0.159999
0.127866
0.158226
0.113826
0.146618
0.152965
0.143411
0.242506
0.296963
0.154676
0.228251
0.154521
0.230785
0.314098
0.167217
0.227885
0.124133
0.143411
0.185203
0.122762
0.150702
0.126928
0.295090
0.219570
0.239619
0.308864
0.302773
0.198313
0.146102
0.195314
0.225887
0.319842
0.311219
0.265623
0.178384
0.310674
0.116851
0.330829
0.276788
0.154676
0.232819
0.214373
0.250739
0.253742
0.336611
0.116365
0.228214
0.121262
0.185203
0.281509
0.307345
0.210498
0.270330
0.116851
0.154676
0.116119
0.228582
0.182464
0.119053
0.184661
0.165535
0.213906
0.270280
0.193411
0.220893
0.321456
0.115250
0.246343
0.307710
0.160976
0.152071
0.154676
0.262326
0.154676
0.161416
0.279344
0.125963
0.302215
0.129407
0.117894
0.277886
0.224635
0.254656
0.205336
0.163590
0.265250
0.297443
0.281857
0.228134
0.218977
0.153644
0.279880
0.185203
0.230748
0.116477
0.190354
0.154676
0.248457
0.199665
0.158893
0.203995
0.254303
0.294968
0.114725
0.119143
0.152448
0.197908
0.204243
0.223033
0.126633
0.116851
0.152420
0.141203
0.185203
0.153229
0.211917
0.192323
0.235741
0.249824
0.307374
0.301423
0.311272
0.261727
0.118374
0.211680
0.278226
0.152919
0.126089
0.116851
0.148583
0.130044
0.201616
0.170899
0.116851
0.175030
0.148649
0.119307
0.198669
0.304233
0.195544
0.174361
0.158241
0.170640
0.116369
0.114092
0.295012
0.124182
0.200677
0.185203
0.185203
0.151675
0.272676
0.126755
0.150501
0.259117
0.155892
0.162570
0.197310
0.192537
0.176130
0.205267
0.211297
0.208917
0.187300
0.213375
0.215292
0.160096
0.166583
0.183229
0.189810
0.174481
0.149604
0.154584
0.161726
0.268369
0.285694
0.150235
0.205109
0.147342
0.156649
0.168414
0.314423
0.264712
0.210101
0.163784
0.217099
0.154676
0.205328
0.193616
0.186611
0.325171
0.154460
0.215290
0.291403
0.211532
0.205208
0.153241
0.205238
0.215408
0.167401
0.197245
0.209818
0.189747
0.150764
0.215524
0.148573
0.188133
0.152396
0.161675
0.294641
0.184122
0.204399
0.147578
0.158571
0.213556
0.153634
0.154676
0.206756
0.249338
0.150764
0.167692
0.153229
0.164993
0.167821
0.207122
0.183787
0.185203
0.154676
0.179946
0.150966
0.185777
0.150764
0.209577
0.143452
0.149460
0.176111
0.191152
0.232514
0.177038
0.206346
0.157786
0.201587
0.177191
0.289708
0.145933
0.160755
0.270683
0.147258
0.173929
0.206340
0.208490
0.150764
0.160282
0.215141
0.286968
0.262636
0.181617
0.159295
0.212665
0.209980
0.189639
0.164288
0.180568
0.159003
0.153496
0.152518
0.148271
0.328705
0.210842
0.159429
0.272018
0.204966
0.201586
0.279338
0.215762
0.186986
0.154179
0.234843
0.157162
0.116851
0.276694
0.214726
0.152554
0.184578
0.326812
0.157209
0.160197
0.169795
0.269663
0.257805
0.194303
0.187237
0.266984
0.201247
0.179080
0.199953
0.154676
0.157361
0.184238
0.207365
0.174979
0.155551
0.150764
0.155785
0.170933
0.292229
0.176039
0.154736
0.183293
0.203300
0.152289
0.174820
0.206442
0.163540
0.188960
0.186353
0.212004
0.213477
0.154676
0.154869
0.178340
0.150234
0.223896
0.178486
0.150764
0.215915
0.208169
0.217002
0.144257
0.166100
0.178819
0.252010
0.215917
0.200298
0.240667
0.196485
0.143838
0.155585
0.284280
0.153782
0.215879
0.177245
0.144448
0.198042
0.208678
0.151056
0.339230
0.235047
0.177077
0.209351
0.185203
0.188685
0.204038
0.210633
0.208183
0.323473
0.305962
0.184145
0.201247
0.199075
0.147518
0.253643
0.272771
0.205171
0.154676
0.150764
0.154741
0.143571
0.261386
0.151989
0.176079
0.206676
0.172708
0.166432
0.155877
0.207324
0.152676
0.180979
0.195377
0.217692
0.207965
0.218122
0.257639
0.188870
0.192520
0.258315
0.187327
0.216891
0.194283
0.188287
0.192777
0.168640
0.153331
0.206027
0.181684
0.254034
0.151839
0.168007
0.332200
0.256871
0.208918
0.217744
0.186105
0.152394
0.190322
0.176959
0.209785
0.297590
0.324067
0.266441
0.321217
0.270757
0.285561
0.337549
0.278286
0.313851
0.254380
0.338595
0.234116
0.313287
0.221713
0.258361
0.237037
0.317193
0.237399
0.148942
0.301835
0.344151
0.237375
0.187488
0.265581
0.305024
0.290915
0.330328
0.280539
0.284865
0.285362
0.123341
0.121152
0.320924
0.290634
0.317874
0.267096
0.221948
0.245957
0.261456
0.212240
0.265855
0.176434
0.127485
0.311793
0.274212
0.221258
0.176466
0.253314
0.292314
0.309133
0.325940
0.289827
0.221713
0.285231
0.121474
0.286579
0.313016
0.286862
0.221713
0.185391
0.121152
0.132869
0.257494
0.330844
0.290386
0.286101
0.121152
0.289798
0.247769
0.359345
0.148588
0.279255
0.319992
0.227062
0.231899
0.245212
0.285788
0.280112
0.139824
0.200484
0.270391
0.221713
0.337373
0.284367
0.121152
0.234336
0.243294
0.265280
0.337411
0.353220
0.315023
0.282719
0.314891
0.305205
0.290858
0.359142
0.233815
0.250303
0.328290
0.221713
0.241503
0.242252
0.288561
0.212010
0.165719
0.285272
0.160402
0.292476
0.300522
0.317092
0.239624
0.354643
0.308426
0.351429
0.290918
0.140961
0.331058
0.264487
0.127756
0.290591
0.283898
0.248844
0.243825
0.138021
0.235687
0.263545
0.221713
0.221713
0.244950
0.245260
0.123593
0.324497
0.249679
0.315176
0.320384
0.345313
0.277051
0.156641
0.221713
0.221713
0.308849
0.345351
0.308135
0.277956
0.249840
0.262530
0.234251
0.320910
0.363179
0.303823
0.290824
0.357667
0.119820
0.231996
0.192729
0.282768
0.221713
0.235637
0.234387
0.140961
0.237838
0.266187
0.287075
0.142251
0.315220
0.288492
0.154132
0.243875
0.171136
0.314035
0.248510
0.242119
0.333537
0.299682
0.217919
0.314810
0.155846
0.199759
0.213785
0.281626
0.209146
0.268070
0.304393
0.245732
0.240092
0.123544
0.290843
0.290751
0.286111
0.156547
0.289989
0.274052
0.327817
0.217847
0.272316
0.300314
0.279862
0.222347
0.176604
0.333422
0.226316
0.315305
0.274478
0.319416
0.264903
0.306068
0.181947
0.311425
0.311318
0.319846
0.238748
0.281734
0.214597
0.308829
0.237470
0.265227
0.288973
0.213428
0.238902
0.289897
0.234458
0.150053
0.136953
0.299148
0.140961
0.165062
0.270087
0.342921
0.221713
0.211325
0.299914
0.308304
0.306848
0.351066
0.264219
0.140961
0.121152
0.163130
0.152805
0.221713
0.286807
0.338466
0.157027
0.289696
0.327169
0.284478
0.278651
0.163304
0.184350
0.314170
0.298527
0.328281
0.351027
0.297438
0.268137
0.289574
0.296344
0.296338
0.325081
0.340959
0.352401
0.268687
0.322354
0.292497
0.275769
0.292648
0.283202
0.333711
0.228453
0.294086
0.247826
0.297791
0.298645
0.286243
0.319509
0.255002
0.310161
0.297947
0.291610
0.202448
0.331312
0.296819
0.330003
0.285831
0.192170
0.313795
0.272367
0.336763
0.284982
0.299688
0.286947
0.270358
0.203047
0.290150
0.293900
0.311339
0.298506
0.276657
0.286656
0.286045
0.253036
0.179021
0.287838
0.248965
0.267506
0.253036
0.346545
0.178239
0.295464
0.253036
0.331083
0.339717
0.212583
0.256783
0.253036
0.253036
0.295445
0.270572
0.288555
0.305748
0.291038
0.312726
0.293810
0.188095
0.288613
0.306653
0.223717
0.305190
0.240560
0.198324
0.337715
0.183522
0.291613
0.296393
0.305562
0.253036
0.185918
0.292417
0.266181
0.307212
0.287715
0.221936
0.296485
0.183721
0.253068
0.199498
0.212083
0.251860
0.339754
0.253036
0.275405
0.295567
0.292575
0.264163
0.275612
0.232079
0.292604
0.264319
0.296268
0.272103
0.216979
0.293209
0.179600
0.292815
0.298458
0.211048
0.264319
0.268055
0.255215
0.303460
0.297583
0.288154
0.183744
0.264319
0.290428
0.276896
0.338214
0.345258
0.186748
0.328918
0.292626
0.299002
0.299363
0.295514
0.305378
0.350215
0.274256
0.195419
0.293858
0.328235
0.291648
0.286667
0.298936
0.311347
0.306616
0.273329
0.314041
0.277499
0.293863
0.253036
0.199806
0.222072
0.212319
0.257710
0.310524
0.298831
0.295486
0.264319
0.281766
0.247662
0.163354
0.191747
0.274755
0.351071
0.186759
0.213359
0.201340
0.223952
0.333742
0.291278
0.164341
0.308623
0.285554
0.303176
0.284373
0.175685
0.287585
0.220986
0.267145
0.249100
0.218397
0.334877
0.336637
0.277180
0.239015
0.353277
0.347698
0.277464
0.241072
0.286022
0.307888
0.284536
0.327247
0.226148
0.207557
0.293306
0.279000
0.325439
0.267586
0.163533
0.262191
0.213181
0.258234
0.307484
0.264319
0.296989
0.353116
0.311000
0.337852
0.285835
0.212470
0.154599
0.185894
0.287956
0.253036
0.264319
0.258004
0.313088
0.294387
0.354287
0.211161
0.265559
0.176631
0.286243
0.264319
0.267754
0.310718
0.310365
0.275390
0.334509
0.282423
0.297649
0.280265
0.262613
0.281889
0.292791
0.143661
0.346158
0.313031
0.289824
0.270119
0.253036
0.225107
0.330065
0.336831
0.290764
0.273780
0.231581
0.299409
0.264319
0.311329
0.305153
0.304726
0.327348
0.354724
0.270382
0.244649
0.308397
0.277584
0.358439
0.343758
0.357762
0.282986
0.260547
0.360405
0.193011
0.305807
0.291505
0.354048
0.250002
0.298730
0.303561
0.222561
0.296069
0.328125
0.291127
0.366061
0.285577
0.196423
0.298697
0.270406
0.182636
0.371232
0.224394
0.275496
0.210553
0.253330
0.363818
0.253036
0.205131
0.266567
0.263995
0.358302
0.293851
0.346149
0.379367
0.301805
0.325538
0.296655
0.377722
0.253111
0.253036
0.237614
0.283432
0.248817
0.171766
0.189926
0.289694
0.253036
0.177431
0.301693
0.275020
0.252292
0.283040
0.298369
0.240267
0.260435
0.309684
0.326816
0.253036
0.255237
0.335388
0.311365
0.298730
0.194641
0.328454
0.370714
0.246157
0.312371
0.308350
0.325472
0.213849
0.287233
0.294429
0.262547
0.292325
0.181607
0.357716
0.379876
0.179157
0.266316
0.207474
0.298299
0.299369
0.291938
0.274007
0.284102
0.347781
0.310440
0.319743
0.198845
0.316264
0.157386
0.158716
0.323204
0.275633
0.279935
0.239972
0.167677
0.253052
0.261856
0.316856
0.285981
0.326954
0.306143
0.339237
0.277945
0.263503
0.289693
0.330802
0.308369
0.249694
0.253036
0.260917
0.297301
0.306855
0.307379
0.378969
0.363313
0.253036
0.172937
0.299206
0.185203
0.327224
0.306314
0.267708
0.335418
0.305433
0.335143
0.253036
0.360621
0.306549
0.254155
0.327880
0.257904
0.326577
0.309020
0.284031
0.309716
0.203347
0.184037
0.297614
0.251229
0.253036
0.260425
0.323658
0.157411
0.296566
0.282196
0.308393
0.282601
0.168024
0.335448
0.342570
0.286778
0.214023
0.283813
0.323250
0.286551
0.331597
0.179280
0.281696
0.253036
0.307508
0.195076
0.317017
0.253036
0.364743
0.356641
0.261091
0.328957
0.310504
0.365879
0.163432
0.345894
0.230715
0.266507
0.226626
0.218799
0.229088
0.220071
0.269656
0.297838
0.374175
0.253036
0.200655
0.283713
0.304106
0.253036
0.174736
0.255504
0.273883
0.291456
0.267144
0.292276
0.305013
0.206351
0.296752
0.223432
0.367392
0.185203
0.320688
0.355614
0.202430
0.358990
0.185840
0.320014
0.373767
0.213816
0.345155
0.169246
0.192928
0.274285
0.308080
0.236798
0.288062
0.253036
0.280898
0.308583
0.196714
0.298057
0.269890
0.272755
0.219498
0.223898
0.309412
0.307626
0.333292
0.185203
0.271885
0.308960
0.269921
0.229370
0.232486
0.206181
0.301904
0.236472
0.359417
0.190700
0.373776
0.327975
0.360814
0.369315
0.336040
0.298615
0.352005
0.317424
0.318986
0.357237
0.269814
0.245903
0.218808
0.249732
0.266692
0.293826
0.313675
0.336632
0.299670
0.369455
0.308764
0.278846
0.259264
0.308048
0.291524
0.289350
0.193773
0.298562
0.221694
0.357103
0.251768
0.344863
0.342003
0.193773
0.209899
0.193773
0.193773
0.343088
0.289167
0.275536
0.273124
0.252113
0.342608
0.353273
0.254185
0.335125
0.299158
0.285853
0.289601
0.197955
0.225783
0.278958
0.289741
0.241354
0.255655
0.284163
0.294954
0.276771
0.264125
0.243795
0.308453
0.322902
0.270288
0.309066
0.301140
0.287857
0.267464
0.230866
0.278686
0.262471
0.313761
0.193773
0.193773
0.298777
0.338852
0.304767
0.336510
0.318714
0.305322
0.283760
0.288823
0.306544
0.301256
0.264690
0.290671
0.319596
0.286357
0.211189
0.352473
0.204132
0.275179
0.295583
0.307220
0.281403
0.193773
0.299510
0.366585
0.301937
0.283727
0.213147
0.287477
0.300528
0.193773
0.290717
0.304270
0.266761
0.193773
0.308864
0.253340
0.269508
0.305664
0.193773
0.272229
0.278283
0.299967
0.312899
0.302513
0.303371
0.304977
0.302820
0.302107
0.287766
0.213105
0.309392
0.200483
0.309125
0.285618
0.309063
0.297780
0.211040
0.287173
0.193773
0.232647
0.312459
0.258637
0.338472
0.358686
0.309100
0.287940
0.307634
0.335449
0.308775
0.193773
0.307492
0.277248
0.307690
0.305862
0.278827
0.193773
0.290894
0.296980
0.221291
0.224497
0.357890
0.269259
0.345201
0.353515
0.268093
0.305031
0.193773
0.253755
0.345239
0.288936
0.320296
0.242852
0.300153
0.193773
0.317759
0.193773
0.283216
0.282183
0.193773
0.193773
0.302401
0.193773
0.285797
0.193773
0.310535
0.294612
0.285608
0.193773
0.260374
0.255466
0.211257
0.298799
0.306184
0.193773
0.292533
0.335304
0.241994
0.267990
0.193773
0.255275
0.309006
0.358228
0.303049
0.193773
0.306617
0.268519
0.193773
0.193773
0.277020
0.308203
0.285058
0.273221
0.300878
0.363274
0.308967
0.296701
0.309130
0.279987
0.237972
0.369533
0.277003
0.233209
0.193773
0.319253
0.280974
0.265795
0.221915
0.226911
0.270911
0.308775
0.327890
0.293686
0.246833
0.322030
0.270107
0.355478
0.336993
0.285508
0.193773
0.309142
0.309161
0.277992
0.345095
0.289569
0.193984
0.323557
0.309133
0.301901
0.297769
0.307181
0.309131
0.212580
0.253483
0.193773
0.277392
0.208253
0.269318
0.193773
0.278148
0.228669
0.290200
0.228669
0.315046
0.228669
0.273917
0.165587
0.317959
0.265289
0.165587
0.245929
0.320618
0.310388
0.268549
0.329060
0.165587
0.165587
0.164624
0.263298
0.320821
0.320755
0.228669
0.257378
0.183944
0.205974
0.247899
0.216784
0.228669
0.228669
0.160650
0.228669
0.306386
0.341123
0.304697
0.331496
0.228669
0.348914
0.339539
0.279656
0.228669
0.206585
0.320005
0.296655
0.291700
0.228669
0.164184
0.308844
0.288182
0.330575
0.165587
0.343756
0.165587
0.165587
0.290049
0.160061
0.366190
0.350628
0.312636
0.162625
0.241789
0.228669
0.163620
0.309304
0.316451
0.165587
0.199868
0.215829
0.228669
0.320488
0.285605
0.300379
0.228669
0.228669
0.165587
0.302868
0.167079
0.183143
0.339325
0.289949
0.316040
0.201291
0.278832
0.216092
0.304739
0.228669
0.365645
0.330857
0.165587
0.247482
0.308161
0.305412
0.228669
0.307371
0.176489
0.228669
0.160058
0.320871
0.213586
0.165587
0.247832
0.288646
0.300775
0.290019
0.228669
0.237008
0.301542
0.296933
0.165587
0.274483
0.306892
0.165827
0.217709
0.282392
0.228669
0.216752
0.165587
0.303494
0.305556
0.165587
0.214028
0.243666
0.265787
0.252328
0.162269
0.228669
0.250719
0.279622
0.165587
0.215324
0.300953
0.315286
0.306204
0.360186
0.160057
0.303412
0.264265
0.308719
0.309126
0.310995
0.191259
0.315027
0.228669
0.266036
0.261928
0.213482
0.309133
0.277853
0.326631
0.207993
0.300598
0.265672
0.165587
0.244104
0.213318
0.303383
0.256366
0.165587
0.230047
0.163813
0.315011
0.344668
0.268413
0.160357
0.294296
0.165587
0.250358
0.366022
0.344518
0.302823
0.242978
0.228669
0.347410
0.228669
0.228669
0.358930
0.160059
0.162434
0.239717
0.304135
0.293345
0.216275
0.247886
0.361659
0.305600
0.295788
0.228669
0.207981
0.275245
0.183017
0.283528
0.208854
0.278141
0.165587
0.215660
0.169545
0.308063
0.165587
0.279521
0.260159
0.360582
0.302563
0.182416
0.341242
0.165587
0.242495
0.169170
0.177905
0.165587
0.253726
0.216911
0.162800
0.228669
0.245961
0.288496
0.295197
0.165587
0.228669
0.293018
0.355347
0.267402
0.228669
0.367607
0.165587
0.282700
0.348089
0.228669
0.214816
0.237827
0.202185
0.285403
0.278447
0.296283
0.193110
0.170348
0.309070
0.189543
0.215104
0.246466
0.165587
0.228669
0.288753
0.165587
0.307037
0.165587
0.256541
0.192212
0.235781
0.295712
0.268808
0.277732
0.273420
0.293806
0.349724
0.320701
0.361845
0.332514
0.295020
0.379253
0.376020
0.272093
0.365167
0.272946
0.327500
0.355749
0.311835
0.341047
0.266315
0.335441
0.347505
0.235742
0.206150
0.258627
0.328641
0.380628
0.325554
0.257638
0.379972
0.348626
0.306359
0.297603
0.308018
0.334624
0.208661
0.185639
0.376636
0.196073
0.204834
0.299747
0.313460
0.337481
0.216336
0.293584
0.323165
0.271145
0.356048
0.352117
0.205307
0.315345
0.280435
0.172348
0.310802
0.293229
0.253061
0.278340
0.314150
0.295839
0.240447
0.348715
0.293544
0.309174
0.308067
0.161950
0.232906
0.150927
0.255706
0.361906
0.310604
0.263241
0.263158
0.225140
0.354376
0.253163
0.313949
0.325126
0.307974
0.266266
0.277356
0.332547
0.201247
0.229324
0.318222
0.304548
0.238688
0.320010
0.279862
0.267004
0.229440
0.285542
0.374263
0.255323
0.319825
0.271367
0.219624
0.201247
0.255384
0.330540
0.365772
0.228842
0.372270
0.292296
0.205785
0.250516
0.304222
0.218195
0.345280
0.291943
0.271609
0.148301
0.334796
0.281107
0.241256
0.213331
0.333756
0.331338
0.329110
0.361160
0.320694
0.154209
0.269711
0.283602
0.315696
0.290975
0.201247
0.150764
0.360813
0.251682
0.306988
0.327337
0.361405
0.379370
0.201247
0.178977
0.300457
0.267562
0.303346
0.150764
0.201247
0.331111
0.162548
0.150764
0.320300
0.333417
0.285189
0.221444
0.273310
0.204900
0.252176
0.296856
0.234206
0.306997
0.378786
0.242841
0.206806
0.283828
0.270085
0.360830
0.311342
0.354696
0.206338
0.213531
0.357029
0.242756
0.344231
0.282760
0.325906
0.288301
0.153248
0.246676
0.295666
0.247152
0.210124
0.253278
0.206115
0.201247
0.221892
0.311439
0.235216
0.201247
0.332865
0.330843
0.265823
0.287759
0.378435
0.368668
0.268077
0.349826
0.150764
0.274320
0.150764
0.320257
0.150764
0.267902
0.321151
0.333989
0.303794
0.208352
0.318173
0.201247
0.202840
0.270914
0.232171
0.334975
0.286343
0.219322
0.333364
0.323047
0.319430
0.309938
0.184171
0.197896
0.301491
0.193287
0.295636
0.326438
0.237267
0.266797
0.284883
0.278247
0.298912
0.234152
0.291843
0.380158
0.333209
0.362978
0.145290
0.324249
0.201247
0.268073
0.201247
0.207459
0.201247
0.269537
0.287091
0.277523
0.202445
0.208342
0.216658
0.269058
0.212655
0.333097
0.253720
0.247037
0.258050
0.201247
0.233178
0.201247
0.277494
0.226252
0.220747
0.177627
0.145015
0.148622
0.172708
0.127377
0.174806
0.156592
0.143018
0.188111
0.179549
0.182784
0.119649
0.196930
0.161466
0.143600
0.194316
0.114535
0.155898
0.169420
0.113238
0.164468
0.137740
0.174843
0.198512
0.140831
0.174910
0.138704
0.148334
0.130805
0.166492
0.174409
0.146139
0.175191
0.150425
0.133690
0.146084
0.111532
0.175478
0.174053
0.183799
0.175082
0.139572
0.141300
0.172370
0.134630
0.166769
0.174239
0.199116
0.160045
0.136139
0.191111
0.111532
0.155662
0.175083
0.130010
0.129830
0.189002
0.142403
0.160394
0.184110
0.145939
0.167248
0.164058
0.181958
0.116638
0.134769
0.195400
0.168706
0.174058
0.142773
0.192959
0.150404
0.196774
0.164265
0.173957
0.131685
0.194502
0.190274
0.111532
0.150210
0.135534
0.160461
0.199701
0.144255
0.169040
0.212515
0.181256
0.184243
0.166226
0.171086
0.133941
0.152774
0.175441
0.180827
0.194709
0.175081
0.134181
0.111532
0.169978
0.158136
0.150236
0.217920
0.111532
0.193585
0.171454
0.111532
0.159888
0.158883
0.161973
0.207007
0.160230
0.158610
0.111532
0.173627
0.204184
0.160792
0.137606
0.141485
0.176242
0.169334
0.171095
0.175587
0.197613
0.174782
0.184228
0.195703
0.176557
0.137002
0.173722
0.213944
0.111532
0.165587
0.184878
0.128120
0.166064
0.173801
0.167398
0.111532
0.172061
0.174225
0.111532
0.124884
0.166076
0.186579
0.191648
0.136034
0.187001
0.184827
0.124940
0.170046
0.145456
0.168539
0.183842
0.194739
0.111532
0.168305
0.160604
0.111532
0.134297
0.160855
0.111532
0.122325
0.115223
0.171069
0.161340
0.160435
0.111532
0.111532
0.111532
0.168771
0.129483
0.174758
0.194761
0.170163
0.131129
0.171110
0.166457
0.111532
0.175534
0.174685
0.111532
0.174272
0.175226
0.116196
0.168612
0.134785
0.111532
0.111532
0.173943
0.153833
0.147022
0.160203
0.111532
0.120590
0.150254
0.195657
0.172383
0.122288
0.176823
0.124331
0.178508
0.162162
0.122691
0.192125
0.191840
0.198307
0.135865
0.181732
0.124214
0.197616
0.111532
0.175034
0.143567
0.208472
0.168389
0.171476
0.130251
0.159545
0.174510
0.141895
0.140556
0.154054
0.111532
0.211144
0.139309
0.122873
0.139840
0.208833
0.118006
0.159691
0.111532
0.199482
0.174793
0.180467
0.148579
0.119531
0.135091
0.166201
0.160223
0.165794
0.150409
0.193435
0.152402
0.134661
0.174148
0.174808
0.211562
0.183879
0.127555
0.154150
0.172815
0.168038
0.163322
0.197527
0.183996
0.160189
0.163322
0.144475
0.173063
0.170036
0.149011
0.124488
0.207602
0.150957
0.164494
0.203128
0.115900
0.189467
0.180154
0.205627
0.167334
0.186747
0.153427
0.192585
0.183840
0.183562
0.133868
0.160417
0.163322
0.167843
0.118554
0.115008
0.188931
0.187333
0.196364
0.203264
0.091426
0.203850
0.213324
0.168219
0.215189
0.144054
0.163322
0.163322
0.208446
0.163322
0.097494
0.184802
0.130002
0.163322
0.163322
0.186774
0.099487
0.154932
0.163322
0.170022
0.120232
0.145914
0.101243
0.174234
0.143171
0.203941
0.155524
0.166612
0.169993
0.109179
0.117718
0.204136
0.209792
0.187381
0.114802
0.212786
0.136617
0.198361
0.181035
0.192484
0.207686
0.167236
0.135776
0.081583
0.193290
0.153076
0.204992
0.128046
0.144204
0.190912
0.111532
0.216477
0.111532
0.170044
0.188844
0.163322
0.212909
0.108251
0.211479
0.216438
0.111532
0.129921
0.192353
0.128766
0.086421
0.131631
0.135166
0.120566
0.167217
0.182014
0.088860
0.163322
0.141232
0.119972
0.144167
0.163322
0.168404
0.163322
0.144261
0.192234
0.215163
0.074464
0.103326
0.163322
0.163322
0.185989
0.156835
0.163402
0.111532
0.140975
0.111532
0.170429
0.164601
0.139010
0.213678
0.135818
0.162892
0.185581
0.151576
0.096263
0.135372
0.152200
0.198946
0.162446
0.088230
0.163322
0.149208
0.191553
0.163322
0.163814
0.111532
0.123111
0.098562
0.170765
0.197898
0.170293
0.140619
0.167440
0.089193
0.191791
0.142861
0.190274
0.150896
0.203557
0.191625
0.164206
0.176710
0.212105
0.105080
0.168234
0.113346
0.204583
0.160236
0.156481
0.186818
0.128080
0.192276
0.179192
0.161943
0.204982
0.105836
0.191433
0.150942
0.185021
0.186190
0.112253
0.134643
0.169879
0.163322
0.163322
0.097484
0.111532
0.135461
0.099379
0.169854
0.140262
0.188981
0.177388
0.171636
0.115404
0.173420
0.139175
0.154490
0.122465
0.179975
0.111532
0.210407
0.163322
0.103824
0.163322
0.192188
0.091962
0.207147
0.190414
0.213490
0.118622
0.173942
0.163322
0.173031
0.185120
0.163322
0.198876
0.199864
0.097919
0.207356
0.170768
0.115949
0.163322
0.155507
0.111532
0.163322
0.172738
0.142823
0.130277
0.207194
0.093152
0.189201
0.213002
0.170416
0.189553
0.191099
0.203086
0.166129
0.207363
0.108694
0.071979
0.143869
0.110836
0.163322
0.127079
0.191922
0.165944
0.216998
0.192575
0.326897
0.310092
0.280497
0.335030
0.301339
0.331285
0.335374
0.316566
0.310102
0.272798
0.299389
0.253036
0.333876
0.307117
0.304008
0.292618
0.335432
0.293580
0.327405
0.330463
0.269699
0.253036
0.253036
0.334040
0.309896
0.323863
0.335290
0.335021
0.253036
0.325545
0.239541
0.332823
0.303299
0.327656
0.273702
0.334723
0.367792
0.326454
0.282511
0.317345
0.365621
0.311353
0.253036
0.278006
0.310124
0.335250
0.291601
0.253036
0.252953
0.327594
0.263016
0.327509
0.330560
0.299569
0.301810
0.357818
0.357526
0.317004
0.320562
0.271356
0.283991
0.294067
0.292977
0.360571
0.343606
0.253036
0.305884
0.346740
0.253036
0.311351
0.280286
0.331882
0.317741
0.253036
0.360599
0.255491
0.249717
0.306047
0.325682
0.380171
0.335044
0.272113
0.363948
0.283736
0.253036
0.310523
0.253036
0.334063
0.263099
0.253036
0.253036
0.317709
0.306324
0.294894
0.324137
0.275419
0.372767
0.305658
0.350687
0.253036
0.253036
0.290100
0.292943
0.283735
0.305124
0.297819
0.327084
0.335438
0.310338
0.330632
0.307826
0.334184
0.296020
0.242002
0.271177
0.253036
0.256836
0.300973
0.355285
0.363925
0.253036
0.335399
0.253800
0.282900
0.318853
0.264019
0.299517
0.333317
0.302592
0.334873
0.308517
0.246278
0.358621
0.342259
0.374842
0.253036
0.307089
0.286455
0.308342
0.333008
0.330880
0.267377
0.253036
0.280955
0.254533
0.295639
0.253036
0.316915
0.305297
0.285416
0.355315
0.379300
0.311366
0.380551
0.298774
0.308831
0.373024
0.335421
0.332950
0.367090
0.333635
0.335095
0.276230
0.366816
0.329068
0.310264
0.324028
0.373608
0.302839
0.283882
0.253762
0.334151
0.331824
0.290514
0.253036
0.294801
0.294612
0.304131
0.327438
0.253036
0.285644
0.253036
0.335443
0.292478
0.361729
0.317631
0.333931
0.335135
0.305395
0.306893
0.310358
0.264965
0.253036
0.284138
0.266825
0.253036
0.355543
0.352382
0.266134
0.290813
0.310209
0.255467
0.330939
0.326165
0.253036
0.253813
0.311292
0.292514
0.277131
0.324397
0.269259
0.288640
0.330827
0.297158
0.314128
0.253036
0.253036
0.318972
0.240973
0.306348
0.306126
0.247833
0.353354
0.331248
0.299232
0.317566
0.245200
0.333724
0.359952
0.286769
0.253036
0.309772
0.360500
0.302113
0.287679
0.310275
0.253036
0.333401
0.322267
0.297141
0.253036
0.282257
0.253036
0.253036
0.313187
0.281191
0.289479
0.311143
0.253036
0.329195
0.323513
0.318154
0.323513
0.301101
0.332880
0.332650
0.292941
0.284853
0.319446
0.319698
0.327183
0.332650
0.317759
0.332650
0.297407
0.332650
0.309647
0.314470
0.321877
0.315509
0.318762
0.332650
0.333085
0.313939
0.318312
0.323513
0.303666
0.297160
0.290737
0.327183
0.332340
0.323513
0.306563
0.323513
0.318664
0.319926
0.276090
0.329434
0.318489
0.323513
0.323513
0.321657
0.323513
0.330936
0.323513
0.323513
0.311406
0.318762
0.323513
0.264818
0.318762
0.318762
0.323513
0.265258
0.332650
0.326126
0.316164
0.323513
0.242164
0.281807
0.327183
0.266554
0.323513
0.304106
0.341735
0.332650
0.318762
0.260641
0.286632
0.332650
0.279359
0.333746
0.329285
0.323513
0.311499
0.242164
0.291306
0.242164
0.323513
0.251099
0.332650
0.318762
0.332650
0.323513
0.242164
0.299221
0.275693
0.318762
0.327183
0.315985
0.318762
0.242164
0.312168
0.322730
0.294688
0.341999
0.323513
0.317403
0.328314
0.323513
0.332650
0.242164
0.303295
0.323513
0.276055
0.327183
0.332650
0.323513
0.323513
0.317458
0.242164
0.297879
0.296228
0.250917
0.327183
0.327183
0.332650
0.327211
0.300962
0.318762
0.325609
0.310113
0.324517
0.318658
0.318762
0.289504
0.323513
0.323513
0.302359
0.332905
0.323513
0.318706
0.332650
0.341825
0.317232
0.293172
0.313174
0.338850
0.292019
0.285660
0.332650
0.314633
0.328200
0.317963
0.301753
0.286018
0.332650
0.318762
0.333060
0.318762
0.303006
0.311101
0.321444
0.332650
0.315570
0.318762
0.317085
0.327338
0.323513
0.323513
0.304235
0.326894
0.329114
0.316063
0.323513
0.293226
0.290594
0.277902
0.328060
0.294434
0.288297
0.324985
0.312352
0.242164
0.330947
0.290046
0.332650
0.323513
0.301459
0.264296
0.332081
0.298750
0.330394
0.286171
0.315785
0.308190
0.316205
0.323513
0.306606
0.293173
0.318762
0.318762
0.242164
0.323513
0.242164
0.323258
0.332650
0.318762
0.290696
0.275172
0.301608
0.247095
0.336358
0.317096
0.323513
0.245080
0.245638
0.278411
0.310924
0.318762
0.290569
0.242164
0.327203
0.315084
0.242164
0.323513
0.293024
0.318762
0.304050
0.318762
0.316713
0.323513
0.323513
0.325014
0.323513
0.323513
0.318762
0.323513
0.314999
0.262680
0.318762
0.300775
0.327457
0.319855
0.326122
0.318762
0.242164
0.320333
0.318762
0.284549
0.326493
0.302910
0.318762
0.281261
0.340079
0.293134
0.318762
0.318608
0.285010
0.332650
0.182722
0.189580
0.154426
0.178743
0.181940
0.204337
0.152906
0.145400
0.190818
0.132469
0.203543
0.144959
0.186051
0.190406
0.142114
0.130906
0.192389
0.123869
0.193019
0.184252
0.214511
0.134118
0.160648
0.193560
0.214500
0.182575
0.144495
0.123057
0.192208
0.201646
0.208258
0.185141
0.204284
0.143801
0.192281
0.175121
0.124744
0.193473
0.209115
0.215350
0.136651
0.211689
0.114513
0.132402
0.161188
0.125976
0.193168
0.182174
0.180889
0.186633
0.113890
0.187915
0.163527
0.169012
0.162147
0.172904
0.164458
0.180890
0.204722
0.179507
0.187902
0.157518
0.173461
0.190257
0.184145
0.162323
0.190282
0.186890
0.213978
0.133856
0.122282
0.158885
0.190800
0.148427
0.166227
0.207462
0.178933
0.176979
0.140272
0.127794
0.170406
0.156550
0.204038
0.194382
0.131738
0.185388
0.195977
0.161588
0.158219
0.163238
0.126572
0.160832
0.197488
0.165421
0.122515
0.185467
0.130503
0.121829
0.155797
0.116657
0.182142
0.188240
0.171696
0.158576
0.184024
0.214371
0.176133
0.170779
0.174317
0.180475
0.201347
0.128718
0.141505
0.175725
0.184682
0.157644
0.214027
0.182717
0.192303
0.124514
0.192330
0.149588
0.150233
0.191031
0.211296
0.216265
0.184616
0.176289
0.153504
0.147603
0.185045
0.153893
0.204148
0.187688
0.130625
0.191241
0.165946
0.163859
0.192264
0.180315
0.184784
0.193972
0.162890
0.183164
0.123866
0.146535
0.171995
0.191184
0.133328
0.182621
0.124941
0.154519
0.114982
0.137352
0.159820
0.162320
0.172882
0.179769
0.186883
0.192532
0.180374
0.175696
0.169493
0.190650
0.179121
0.180700
0.169064
0.182170
0.119757
0.202711
0.172905
0.185366
0.164587
0.195961
0.114513
0.120397
0.186005
0.144980
0.184226
0.183583
0.176079
0.175373
0.149324
0.185204
0.136796
0.172461
0.143028
0.123038
0.193332
0.164557
0.191101
0.181418
0.118418
0.189133
0.160600
0.188299
0.191031
0.167266
0.168101
0.173820
0.167129
0.195577
0.200336
0.170489
0.192572
0.145608
0.124838
0.134774
0.181129
0.183589
0.185091
0.114118
0.208414
0.190479
0.152477
0.192357
0.128186
0.190879
0.143643
0.162740
0.168029
0.159803
0.141190
0.179925
0.189200
0.178736
0.178191
0.166586
0.186655
0.183502
0.162051
0.129510
0.182782
0.186535
0.194160
0.163969
0.179929
0.190427
0.193662
0.119369
0.214821
0.192383
0.121861
0.113740
0.162115
0.188682
0.191062
0.181668
0.135574
0.177587
0.157644
0.158315
0.157644
0.173957
0.157644
0.159044
0.157644
0.157644
0.157644
0.182195
0.182216
0.159687
0.181807
0.170562
0.182423
0.180393
0.157644
0.185121
0.185833
0.186733
0.157644
0.185898
0.157644
0.169777
0.187558
0.169214
0.180352
0.183342
0.157644
0.170935
0.157644
0.173155
0.157644
0.197108
0.186410
0.157644
0.202090
0.175194
0.180874
0.157644
0.187166
0.186857
0.157644
0.185654
0.202220
0.184622
0.182885
0.172730
0.157644
0.165018
0.180792
0.186383
0.157644
0.214544
0.168682
0.199505
0.174443
0.203466
0.210707
0.182074
0.184304
0.193361
0.177435
0.184216
0.157644
0.186757
0.202954
0.178305
0.200117
0.146657
0.173641
0.166965
0.186840
0.157644
0.180397
0.157644
0.209584
0.170846
0.185587
0.171529
0.157644
0.212673
0.211910
0.191850
0.159089
0.183158
0.157644
0.209875
0.157644
0.169369
0.157644
0.183262
0.177556
0.159805
0.157644
0.173455
0.157644
0.186723
0.187708
0.204623
0.214917
0.157644
0.207327
0.173108
0.184223
0.159906
0.179157
0.167515
0.184695
0.186108
0.163388
0.182629
0.186175
0.216941
0.186405
0.160026
0.179971
0.159160
0.184368
0.176275
0.157644
0.157644
0.185107
0.157644
0.167788
0.192159
0.163322
0.191139
0.187677
0.157644
0.157644
0.157644
0.157644
0.181102
0.179192
0.179789
0.186565
0.157644
0.157644
0.183836
0.157644
0.200445
0.157644
0.201092
0.183319
0.191546
0.184074
0.157644
0.184683
0.156918
0.176388
0.186370
0.201274
0.157644
0.187225
0.178128
0.157644
0.157644
0.210988
0.183792
0.183986
0.183883
0.191721
0.183643
0.207131
0.184393
0.186973
0.166509
0.181871
0.157644
0.188054
0.157644
0.188417
0.175649
0.157644
0.163322
0.157644
0.157644
0.175614
0.157644
0.185845
0.216965
0.171451
0.164983
0.157644
0.157644
0.187725
0.161986
0.158049
0.172582
0.157644
0.178398
0.157644
0.157644
0.185017
0.183042
0.214154
0.182981
0.187861
0.189102
0.171547
0.157644
0.157644
0.185899
0.157644
0.157644
0.178891
0.157644
0.184499
0.192912
0.185154
0.157644
0.180904
0.178799
0.177632
0.213085
0.163322
0.174084
0.189265
0.175102
0.200944
0.170253
0.157644
0.180271
0.178964
0.157644
0.157644
0.157644
0.180293
0.186079
0.179887
0.200916
0.187422
0.161821
0.187460
0.157644
0.178186
0.190493
0.191045
0.186240
0.202359
0.192589
0.191199
0.157644
0.157644
0.171726
0.164098
0.187697
0.168924
0.199070
0.247298
0.245287
0.242164
0.242164
0.265346
0.280470
0.278828
0.242164
0.242164
0.290017
0.242164
0.286187
0.283399
0.242164
0.296367
0.298140
0.242164
0.312975
0.242164
0.242164
0.293151
0.242164
0.242164
0.296087
0.327439
0.313463
0.304025
0.242164
0.279348
0.242164
0.242164
0.242164
0.260249
0.318625
0.263032
0.242164
0.242164
0.322202
0.242164
0.281902
0.290697
0.242164
0.242164
0.296224
0.242164
0.312229
0.242164
0.290426
0.242164
0.242164
0.242164
0.333078
0.242164
0.329511
0.278617
0.242164
0.290558
0.263627
0.277452
0.332691
0.275859
0.297720
0.242164
0.242164
0.300243
0.242164
0.252605
0.242164
0.323513
0.242164
0.242164
0.284730
0.242164
0.287851
0.302891
0.291189
0.268170
0.295973
0.281941
0.323513
0.242164
0.290872
0.242164
0.291552
0.300905
0.292724
0.292545
0.249362
0.242164
0.316655
0.310000
0.242164
0.301368
0.243462
0.297964
0.242164
0.242164
0.277086
0.273267
0.284613
0.301633
0.275382
0.242164
0.258543
0.242164
0.242164
0.290997
0.314741
0.242164
0.242164
0.242164
0.330158
0.327727
0.242164
0.290672
0.310987
0.274531
0.319837
0.296439
0.242164
0.332831
0.242164
0.317303
0.292948
0.242164
0.276720
0.242164
0.242164
0.331629
0.301802
0.242164
0.242164
0.284793
0.286603
0.242164
0.292175
0.242164
0.242164
0.292830
0.293176
0.321553
0.244203
0.330824
0.313421
0.279543
0.242164
0.323513
0.242164
0.312580
0.279758
0.261550
0.242164
0.290857
0.318762
0.242164
0.242164
0.288552
0.285336
0.294740
0.290735
0.242164
0.283066
0.242164
0.318762
0.242164
0.269104
0.318762
0.242164
0.307603
0.332889
0.242164
0.242164
0.242164
0.313326
0.290623
0.298888
0.306670
0.304811
0.242164
0.269408
0.325212
0.288934
0.242164
0.280653
0.292696
0.307215
0.242164
0.318762
0.242164
0.242164
0.329848
0.242164
0.292398
0.286030
0.282382
0.242164
0.242164
0.334453
0.242164
0.326654
0.242164
0.242164
0.283408
0.242164
0.299664
0.242164
0.248026
0.242164
0.297452
0.339633
0.242164
0.252478
0.323513
0.261799
0.242164
0.290641
0.242164
0.313748
0.280279
0.301915
0.242164
0.318762
0.242164
0.341294
0.297552
0.326834
0.340592
0.279163
0.312500
0.242164
0.311024
0.284575
0.308881
0.281631
0.242164
0.284396
0.293868
0.260891
0.270009
0.290562
0.321025
0.278612
0.332115
0.264609
0.293208
0.326907
0.300837
0.289987
0.242164
0.293975
0.248196
0.285642
0.255365
0.248196
0.277412
0.288668
0.267191
0.300673
0.301466
0.311594
0.292663
0.248196
0.248196
0.296799
0.298405
0.248196
0.313131
0.297687
0.248196
0.248196
0.323938
0.292883
0.248196
0.248196
0.327183
0.299127
0.248196
0.317843
0.270161
0.248196
0.298447
0.314558
0.248196
0.248196
0.298504
0.293261
0.248196
0.298705
0.328040
0.283063
0.274633
0.248196
0.319658
0.332650
0.248196
0.248196
0.318795
0.312345
0.301365
0.273924
0.248196
0.296726
0.304004
0.285509
0.248196
0.269870
0.312443
0.319127
0.248196
0.335621
0.248196
0.248196
0.330286
0.309289
0.319488
0.292487
0.312791
0.248196
0.248196
0.299866
0.248196
0.300635
0.316483
0.327183
0.299851
0.248436
0.269210
0.298476
0.286235
0.248196
0.341415
0.333770
0.248196
0.285157
0.263096
0.311505
0.326671
0.327917
0.324257
0.248196
0.248196
0.295964
0.299967
0.326975
0.298550
0.298395
0.282779
0.307056
0.327183
0.248196
0.248196
0.296784
0.297225
0.248196
0.325134
0.248196
0.333877
0.248709
0.248196
0.248196
0.248196
0.323381
0.248196
0.329116
0.299477
0.248196
0.329179
0.314956
0.301381
0.248196
0.248196
0.248196
0.289308
0.248196
0.256744
0.309205
0.274408
0.323989
0.331247
0.318513
0.342195
0.280090
0.334520
0.248196
0.325134
0.248196
0.342195
0.308820
0.332650
0.248196
0.248196
0.248196
0.285287
0.290606
0.301342
0.248196
0.296547
0.248196
0.292233
0.300510
0.312835
0.333021
0.248196
0.332650
0.285644
0.327183
0.302080
0.248196
0.248196
0.248196
0.342127
0.277606
0.303139
0.293488
0.248196
0.266671
0.295978
0.337426
0.326583
0.328735
0.299552
0.330214
0.302247
0.248196
0.313208
0.287319
0.320212
0.300701
0.329236
0.248196
0.303002
0.248196
0.260234
0.276351
0.248196
0.301062
0.327183
0.277192
0.322049
0.298459
0.248196
0.326781
0.332748
0.297769
0.326722
0.248196
0.332650
0.248196
0.320265
0.295371
0.299848
0.248196
0.248196
0.296344
0.327183
0.248196
0.306159
0.327183
0.273488
0.248196
0.248196
0.323548
0.248196
0.272206
0.302365
0.314775
0.320292
0.248196
0.248196
0.248196
0.326157
0.260705
0.248196
0.298063
0.312865
0.248196
0.248196
0.248196
0.248196
0.327183
0.248196
0.288453
0.292611
0.248196
0.275761
0.319066
0.310620
0.284201
0.290415
0.248196
0.248196
0.248196
0.304299
0.278189
0.322104
0.307724
0.248196
0.248196
0.251101
0.248196
0.258764
0.277052
0.291573
0.205272
0.325250
0.221713
0.221713
0.237242
0.271013
0.121152
0.121152
0.256998
0.121152
0.322208
0.133235
0.210903
0.140961
0.312840
0.121152
0.317427
0.335501
0.075667
0.204005
0.192819
0.224397
0.360659
0.313474
0.075526
0.369725
0.356255
0.150808
0.313522
0.139473
0.369165
0.179386
0.321924
0.300906
0.356281
0.267292
0.141065
0.325099
0.284467
0.125630
0.121152
0.267059
0.328773
0.075685
0.315870
0.140961
0.242971
0.140961
0.208952
0.075685
0.167716
0.124930
0.075685
0.163699
0.151664
0.121152
0.217894
0.121152
0.254497
0.121152
0.263093
0.212317
0.351938
0.121152
0.291884
0.121152
0.312232
0.214775
0.115108
0.194024
0.135416
0.290480
0.121152
0.320821
0.357071
0.289478
0.221713
0.140961
0.126759
0.252478
0.075685
0.311445
0.189006
0.279279
0.329377
0.075110
0.120048
0.306514
0.116731
0.129658
0.287680
0.221713
0.357708
0.356405
0.140961
0.140961
0.317499
0.140961
0.307433
0.359682
0.290303
0.273995
0.074660
0.125867
0.144785
0.258877
0.220471
0.349121
0.278251
0.320304
0.361533
0.140961
0.236311
0.135034
0.217924
0.140961
0.353884
0.160914
0.162133
0.246986
0.121152
0.190075
0.140961
0.318932
0.063770
0.334516
0.074223
0.181227
0.256081
0.199131
0.075685
0.121152
0.072750
0.221713
0.342114
0.335242
0.365156
0.065922
0.217952
0.069295
0.209648
0.140961
0.129434
0.146964
0.288927
0.270094
0.121152
0.221713
0.175752
0.369649
0.321698
0.309674
0.227119
0.338213
0.315716
0.360767
0.211237
0.189690
0.175545
0.322461
0.121152
0.348571
0.142543
0.140961
0.127368
0.070593
0.339345
0.181766
0.146926
0.354587
0.204757
0.223497
0.362844
0.140961
0.348124
0.075685
0.121152
0.364661
0.186362
0.226800
0.073925
0.179742
0.324962
0.220439
0.203520
0.364476
0.221713
0.290401
0.288904
0.357609
0.191018
0.283402
0.157707
0.299355
0.316295
0.162036
0.065856
0.317902
0.138077
0.288764
0.161492
0.140961
0.288958
0.354651
0.221713
0.254184
0.139766
0.355822
0.349513
0.274393
0.346191
0.177814
0.125371
0.141946
0.286355
0.181645
0.228890
0.336485
0.140961
0.324108
0.283675
0.140961
0.121152
0.075685
0.363736
0.275477
0.334101
0.183276
0.210395
0.290891
0.176410
0.142385
0.167701
0.212820
0.292405
0.274447
0.318347
0.280022
0.179477
0.212902
0.168736
0.221909
0.369613
0.065810
0.122012
0.221713
0.338327
0.342022
0.327064
0.335400
0.308539
0.327920
0.327990
0.297975
0.335202
0.289843
0.336890
0.327183
0.329256
0.332650
0.323268
0.314173
0.332548
0.332078
0.310816
0.327069
0.327183
0.332650
0.296419
0.327062
0.327183
0.311715
0.332650
0.327011
0.332650
0.265816
0.326769
0.341711
0.317353
0.333408
0.248196
0.326499
0.248196
0.318762
0.323513
0.309579
0.324303
0.250820
0.325910
0.327183
0.318432
0.304870
0.248196
0.327183
0.326308
0.310405
0.329602
0.320318
0.340728
0.288242
0.327588
0.316015
0.307323
0.332650
0.248196
0.315385
0.277350
0.318762
0.332650
0.325043
0.304574
0.318762
0.332650
0.332650
0.315328
0.308491
0.248196
0.323513
0.295360
0.323513
0.282803
0.312498
0.332435
0.298544
0.300335
0.300778
0.327183
0.327183
0.327183
0.248196
0.327183
0.319671
0.299800
0.324070
0.264987
0.292502
0.323513
0.304873
0.260188
0.332650
0.332650
0.290798
0.248196
0.272131
0.308058
0.251103
0.309896
0.248196
0.323513
0.316536
0.314393
0.320130
0.304906
0.332650
0.332650
0.323513
0.323513
0.300490
0.318762
0.301439
0.314926
0.323513
0.342154
0.315683
0.292317
0.332650
0.322863
0.323513
0.328872
0.302128
0.290616
0.332472
0.296241
0.332650
0.332133
0.248196
0.332650
0.318173
0.327633
0.328087
0.332581
0.291114
0.294592
0.322630
0.323513
0.333558
0.296576
0.284008
0.327922
0.318762
0.285286
0.323513
0.311276
0.294860
0.320543
0.336437
0.274246
0.326541
0.304384
0.327183
0.327183
0.332650
0.327183
0.308348
0.332650
0.330809
0.332972
0.319766
0.293876
0.323513
0.323513
0.323513
0.326716
0.332650
0.327183
0.311426
0.308468
0.300339
0.327183
0.332650
0.301373
0.323513
0.323513
0.297423
0.332650
0.332650
0.327757
0.318762
0.292768
0.331016
0.332384
0.332650
0.327183
0.325603
0.327183
0.323513
0.290346
0.314003
0.326911
0.292072
0.318762
0.324272
0.320476
0.303049
0.332650
0.318762
0.323513
0.300737
0.328017
0.324790
0.318762
0.299754
0.332650
0.327183
0.324150
0.323513
0.326355
0.328761
0.327183
0.248196
0.248196
0.309874
0.330912
0.337859
0.332650
0.299618
0.274316
0.297615
0.248196
0.319158
0.310183
0.321163
0.332650
0.298505
0.332001
0.279043
0.318762
0.311852
0.319460
0.332650
0.310384
0.248196
0.252093
0.299758
0.269302
0.301373
0.319187
0.259828
0.259314
0.313276
0.327183
0.318619
0.319038
0.319599
0.303250
0.332650
0.303353
0.278367
0.251692
0.302838
0.338160
0.300818
0.347666
0.266373
0.214186
0.335233
0.319633
0.291127
0.337098
0.183717
0.294774
0.262895
0.178533
0.337515
0.281919
0.269133
0.273549
0.181833
0.170021
0.152389
0.242147
0.319697
0.299083
0.173925
0.325968
0.240255
0.186946
0.144786
0.237475
0.134681
0.209424
0.129057
0.333901
0.285913
0.283291
0.229445
0.273564
0.315080
0.207384
0.348941
0.230808
0.212865
0.162306
0.187724
0.189404
0.140440
0.175729
0.341744
0.290341
0.155525
0.184622
0.309669
0.242877
0.288129
0.354363
0.144884
0.231041
0.290561
0.129431
0.189248
0.271995
0.286892
0.226729
0.279310
0.262952
0.258465
0.286604
0.220214
0.210347
0.140822
0.123316
0.215286
0.299234
0.265887
0.167994
0.155206
0.291027
0.247328
0.327688
0.277685
0.272854
0.304068
0.336117
0.260622
0.264319
0.290892
0.271875
0.227166
0.279819
0.278240
0.147771
0.222627
0.291652
0.154833
0.126382
0.195715
0.299024
0.291620
0.237375
0.349137
0.292284
0.290419
0.289746
0.350042
0.217370
0.137831
0.124392
0.193218
0.154895
0.155600
0.282891
0.330473
0.287906
0.125061
0.256273
0.290914
0.140768
0.291534
0.207963
0.157220
0.311290
0.158629
0.283461
0.282394
0.289975
0.129101
0.258097
0.280096
0.282505
0.289214
0.333432
0.276802
0.305940
0.314580
0.280300
0.286381
0.293165
0.329793
0.265089
0.186200
0.304742
0.256595
0.129389
0.290610
0.130499
0.252270
0.331172
0.333356
0.344712
0.281392
0.156337
0.288974
0.217963
0.193864
0.150027
0.265851
0.350988
0.287141
0.256458
0.280572
0.149753
0.207150
0.168826
0.287734
0.272745
0.257345
0.277170
0.285935
0.284421
0.294343
0.196432
0.251367
0.284638
0.291651
0.343699
0.237221
0.241450
0.291391
0.128051
0.287513
0.159857
0.260679
0.190676
0.248005
0.224707
0.269188
0.192151
0.287363
0.174939
0.272013
0.128799
0.321154
0.151513
0.173163
0.208066
0.291640
0.281935
0.285800
0.253923
0.295833
0.278838
0.352086
0.170391
0.300848
0.163774
0.129340
0.291265
0.288797
0.291714
0.291886
0.153579
0.134291
0.258533
0.129149
0.279405
0.143269
0.228456
0.291643
0.250816
0.245758
0.228685
0.128943
0.290928
0.277536
0.260225
0.138015
0.344120
0.327179
0.287248
0.242508
0.295032
0.127237
0.245043
0.268812
0.288953
0.347024
0.268834
0.229340
0.299097
0.260602
0.240649
0.144712
0.274337
0.188973
0.215456
0.281051
0.159364
