-0.708417 -0.705660 0.204574 
-0.717712 -0.729927 -0.014184 
-0.862157 -0.552527 -0.118816 
-0.750952 -0.702153 0.038001 
-0.719206 -0.700730 -0.087564 
-0.559259 -0.843749 -0.165352 
-0.682196 -0.741405 -0.112477 
-0.706571 -0.659182 -0.382534 
-0.564560 -0.802018 -0.291998 
-0.690336 -0.706004 -0.230739 
-0.526272 -0.835506 -0.263715 
-0.520535 -0.857271 -0.120768 
-0.710721 -0.749068 0.016011 
-0.766551 -0.656201 -0.227119 
-0.645807 -0.730141 -0.264796 
-0.597910 -0.779514 -0.206968 
-0.610712 -0.809367 -0.038243 
-0.585620 -0.821631 0.209189 
-0.423479 -0.893136 0.232352 
-0.294707 -0.974263 0.087957 
-0.116786 -1.017067 -0.041548 
-0.160723 -0.992035 0.075644 
-0.029837 -1.003377 0.100903 
0.117728 -0.992975 0.159195 
0.287564 -0.948802 0.229479 
0.291541 -0.894068 0.372600 
0.113633 -0.919046 0.420578 
0.118118 -0.889244 0.443195 
0.167162 -0.915466 0.376239 
0.361890 -0.815622 0.522576 
0.245061 -0.746390 0.644130 
0.278846 -0.688172 0.673657 
0.317170 -0.850123 0.488526 
0.244365 -0.868407 0.439604 
0.265749 -0.902686 0.351916 
0.268955 -0.986619 0.120946 
0.376629 -0.938648 0.019549 
0.547888 -0.853872 0.191462 
0.535697 -0.825137 0.179559 
0.589427 -0.828717 0.002633 
0.432332 -0.919808 -0.049631 
0.655851 -0.805827 0.144986 
0.548567 -0.825557 0.165681 
0.530140 -0.816842 0.240108 
0.430910 -0.929023 0.065193 
0.609351 -0.816667 0.074986 
0.472587 -0.885724 0.138549 
0.503390 -0.854334 0.135915 
0.689648 -0.734837 0.190722 
0.834899 -0.513513 0.380257 
0.929249 -0.324486 0.286380 
0.961797 -0.204230 0.227218 
0.916359 -0.255937 0.332423 
0.961712 -0.256674 0.183095 
1.013776 -0.126116 0.025909 
0.986210 -0.203279 -0.135609 
0.946055 -0.288092 -0.180376 
0.931831 -0.191754 -0.379521 
0.956616 -0.021152 -0.339383 
0.930278 0.211082 -0.382462 
0.974063 0.320803 -0.140863 
0.883427 0.487357 -0.129915 
0.923653 0.340477 -0.272148 
0.895466 0.523279 -0.059048 
0.964120 0.345394 0.088811 
0.893789 0.421389 0.233076 
0.814565 0.616326 0.117975 
0.773487 0.619872 0.136884 
0.891455 0.491375 0.047573 
0.802019 0.614811 0.041096 
0.864230 0.525879 -0.122925 
0.881498 0.488617 -0.002634 
0.837743 0.551391 0.008430 
0.876069 0.488859 -0.061583 
0.970261 0.318627 0.010652 
0.974946 0.244555 -0.242096 
0.869190 0.379250 -0.387176 
0.933452 0.304084 -0.252204 
0.925809 0.271255 -0.265373 
0.914951 0.391367 -0.178361 
0.904487 0.346926 -0.267216 
0.850655 0.387256 -0.378576 
0.911046 0.167856 -0.444893 
0.970200 -0.056176 -0.344363 
0.939748 -0.237391 -0.307680 
0.920363 -0.242215 -0.307207 
0.876315 -0.119732 -0.535560 
0.754466 -0.253002 -0.639564 
0.818800 -0.173271 -0.561824 
0.851755 0.015636 -0.557668 
0.840934 0.135704 -0.537605 
0.750429 0.365754 -0.607473 
0.855805 0.254686 -0.489029 
0.823690 0.044113 -0.617331 
0.892692 0.082412 -0.471965 
0.790556 -0.053905 -0.660756 
0.929008 -0.021870 -0.448163 
0.881412 0.009076 -0.475385 
0.911728 -0.145618 -0.419014 
0.975625 -0.085298 -0.267270 
