0.299326 0.436463 -0.848472 
0.405788 0.622337 -0.669353 
0.204686 0.575623 -0.791683 
0.442162 0.479995 -0.757692 
0.547158 0.411905 -0.728665 
0.521649 0.328765 -0.787271 
0.689434 0.091847 -0.718502 
0.772170 -0.035822 -0.634406 
0.834729 -0.102674 -0.541004 
0.827420 -0.287619 -0.482339 
0.844123 -0.159844 -0.511767 
0.898850 -0.043996 -0.436043 
0.954472 -0.080442 -0.287249 
0.851890 -0.184861 -0.490009 
0.826921 -0.254796 -0.501280 
0.788794 -0.393873 -0.471876 
0.698230 -0.393894 -0.597764 
0.746216 -0.475549 -0.465849 
0.712082 -0.381440 -0.589443 
0.791604 -0.255520 -0.555043 
0.690071 -0.281458 -0.666770 
0.687078 -0.070974 -0.723108 
0.727242 -0.195883 -0.657836 
0.683057 -0.425206 -0.593829 
0.500533 -0.479812 -0.720588 
0.451504 -0.280281 -0.847105 
0.587176 -0.106791 -0.802384 
0.599134 -0.105953 -0.793607 
0.676178 -0.184720 -0.713205 
0.796601 -0.171016 -0.579811 
0.696304 0.002652 -0.717742 
0.664219 0.034321 -0.746750 
0.826662 0.119830 -0.549792 
0.772611 -0.007590 -0.634835 
0.718227 -0.178848 -0.672431 
0.841767 -0.051614 -0.537368 
0.807296 0.072204 -0.585714 
0.698395 0.157172 -0.698242 
0.789709 0.092882 -0.606410 
0.830307 0.087587 -0.550380 
0.683733 0.260860 -0.681514 
0.622615 0.387341 -0.679939 
0.665663 0.526091 -0.529265 
0.527276 0.472707 -0.706065 
0.542488 0.610933 -0.576600 
0.567118 0.734560 -0.372557 
0.479265 0.802078 -0.356336 
0.568531 0.713372 -0.409722 
0.655528 0.560238 -0.506376 
0.616815 0.685601 -0.386640 
0.634987 0.732482 -0.245483 
0.509711 0.753540 -0.415179 
0.532196 0.720283 -0.444927 
0.621122 0.732763 -0.277968 
0.598052 0.697779 -0.394256 
0.564282 0.662494 -0.492634 
0.675794 0.499859 -0.541704 
0.811221 0.283567 -0.511381 
0.770414 0.331119 -0.544815 
0.893879 0.140807 -0.425621 
0.808381 0.334180 -0.484607 
0.856186 0.459393 -0.236440 
0.820463 0.378755 -0.428235 
0.763006 0.423073 -0.488703 
0.698113 0.556153 -0.450924 
0.655027 0.679302 -0.330891 
0.610735 0.572934 -0.546580 
0.590006 0.625186 -0.510917 
0.494192 0.726983 -0.476729 
0.321116 0.697361 -0.640759 
0.368229 0.752554 -0.545958 
0.520944 0.685106 -0.509163 
0.538128 0.631267 -0.558498 
0.673569 0.635298 -0.377759 
0.637537 0.739059 -0.217573 
0.564824 0.684960 -0.460220 
0.378742 0.716581 -0.585719 
0.495225 0.527556 -0.690244 
0.548147 0.400463 -0.734278 
0.345877 0.207676 -0.915008 
0.553634 0.346782 -0.757121 
0.369779 0.396083 -0.840465 
0.237104 0.207159 -0.949140 
0.387258 0.232448 -0.892188 
0.394202 0.407486 -0.823748 
0.244777 0.571565 -0.783197 
0.130056 0.580642 -0.803704 
0.334277 0.392423 -0.856891 
0.424333 0.500495 -0.754617 
0.463152 0.613677 -0.639446 
0.646207 0.503419 -0.573573 
0.718004 0.571353 -0.397525 
0.719967 0.677636 -0.149856 
0.628184 0.731848 -0.264165 
0.643816 0.700878 -0.307036 
0.648268 0.619479 -0.442712 
0.753020 0.521495 -0.401252 
0.734502 0.518976 -0.437230 
0.505521 0.728237 -0.462731 
0.528722 0.643539 -0.553454 
