0.043619 0.000000 0.999048 0.075437 
-0.021810 0.037775 0.999048 0.070915 
0.130526 0.000000 0.991445 0.081971 
0.099989 0.083901 0.991445 0.079515 
0.022666 0.128543 0.991445 0.073194 
-0.065263 0.113039 0.991445 0.068092 
-0.122654 0.044643 0.991445 0.066363 
-0.122654 -0.044643 0.991445 0.068555 
-0.065263 -0.113039 0.991445 0.074188 
0.022666 -0.128543 0.991445 0.079054 
0.216440 0.000000 0.976296 0.087658 
0.199964 0.082828 0.976296 0.086799 
0.153046 0.153046 0.976296 0.083356 
0.082828 0.199964 0.976296 0.077847 
0.000000 0.216440 0.976296 0.071818 
-0.082828 0.199964 0.976296 0.067199 
-0.153046 0.153046 0.976296 0.064935 
-0.199964 0.082828 0.976296 0.065210 
-0.216440 0.000000 0.976296 0.066042 
-0.199964 -0.082828 0.976296 0.069465 
-0.153046 -0.153046 0.976296 0.074990 
-0.082828 -0.199964 0.976296 0.079798 
-0.000000 -0.216440 0.976296 0.083729 
0.082828 -0.199964 0.976296 0.085842 
0.153046 -0.153046 0.976296 0.087605 
0.300706 0.000000 0.953717 0.092468 
0.288525 0.084719 0.953717 0.091742 
0.252970 0.162574 0.953717 0.089379 
0.196920 0.227258 0.953717 0.086550 
0.124918 0.273532 0.953717 0.082043 
0.042795 0.297645 0.953717 0.075861 
-0.042795 0.297645 0.953717 0.070778 
-0.124918 0.273532 0.953717 0.067498 
-0.196920 0.227258 0.953717 0.065924 
-0.252970 0.162574 0.953717 0.066048 
-0.288525 0.084719 0.953717 0.067182 
-0.300706 0.000000 0.953717 0.067912 
-0.288525 -0.084719 0.953717 0.070513 
-0.252970 -0.162574 0.953717 0.075036 
-0.196920 -0.227258 0.953717 0.079847 
-0.124918 -0.273532 0.953717 0.084702 
-0.042795 -0.297645 0.953717 0.088249 
0.042795 -0.297645 0.953717 0.090623 
0.124918 -0.273532 0.953717 0.091876 
0.196920 -0.227258 0.953717 0.093054 
0.252970 -0.162574 0.953717 0.093665 
0.382683 0.000000 0.923880 0.095306 
0.373089 0.085155 0.923880 0.094509 
0.344786 0.166040 0.923880 0.093317 
0.299194 0.238599 0.923880 0.091869 
0.238599 0.299194 0.923880 0.089111 
0.166040 0.344786 0.923880 0.085926 
0.085155 0.373089 0.923880 0.081765 
0.000000 0.382683 0.923880 0.076555 
-0.085155 0.373089 0.923880 0.072476 
-0.166040 0.344786 0.923880 0.070156 
-0.238599 0.299194 0.923880 0.070096 
-0.299194 0.238599 0.923880 0.070205 
-0.344786 0.166040 0.923880 0.070490 
-0.373089 0.085155 0.923880 0.071081 
-0.382683 0.000000 0.923880 0.071044 
-0.373089 -0.085155 0.923880 0.072508 
-0.344786 -0.166040 0.923880 0.075971 
-0.299194 -0.238599 0.923880 0.080238 
-0.238599 -0.299194 0.923880 0.085017 
-0.166040 -0.344786 0.923880 0.089269 
-0.085155 -0.373089 0.923880 0.091886 
-0.000000 -0.382683 0.923880 0.093797 
0.085155 -0.373089 0.923880 0.094809 
0.166040 -0.344786 0.923880 0.096462 
0.238599 -0.299194 0.923880 0.098194 
0.299194 -0.238599 0.923880 0.098783 
0.344786 -0.166040 0.923880 0.098345 
0.461749 0.000000 0.887011 0.095028 
0.453404 0.087386 0.887011 0.093832 
0.428673 0.171615 0.887011 0.093589 
0.388448 0.249640 0.887011 0.093993 
0.334183 0.318643 0.887011 0.093394 
0.267840 0.376129 0.887011 0.093030 
0.191817 0.420021 0.887011 0.091924 
0.108861 0.448733 0.887011 0.088551 
0.021971 0.461226 0.887011 0.083378 
-0.065714 0.457049 0.887011 0.079199 
-0.151023 0.436353 0.887011 0.076923 
-0.230874 0.399886 0.887011 0.076756 
-0.302381 0.348966 0.887011 0.077383 
-0.362959 0.285434 0.887011 0.077843 
-0.410419 0.211585 0.887011 0.077371 
-0.443045 0.130090 0.887011 0.076730 
-0.459658 0.043892 0.887011 0.075874 
-0.459658 -0.043892 0.887011 0.075156 
-0.443045 -0.130090 0.887011 0.076521 
-0.410419 -0.211585 0.887011 0.078868 
-0.362959 -0.285434 0.887011 0.083012 
-0.302381 -0.348966 0.887011 0.087839 
-0.230874 -0.399886 0.887011 0.091165 
-0.151023 -0.436353 0.887011 0.093667 
-0.065714 -0.457049 0.887011 0.094787 
0.021971 -0.461226 0.887011 0.095679 
0.108861 -0.448733 0.887011 0.096066 
0.191817 -0.420021 0.887011 0.098222 
0.267840 -0.376129 0.887011 0.101482 
0.334183 -0.318643 0.887011 0.103121 
0.388448 -0.249640 0.887011 0.102313 
0.428673 -0.171615 0.887011 0.100439 
0.537300 0.000000 0.843391 0.092568 
0.530342 0.086189 0.843391 0.090876 
0.509648 0.170146 0.843391 0.090874 
0.475755 0.249696 0.843391 0.092350 
0.429540 0.322779 0.843391 0.094212 
0.372201 0.387502 0.843391 0.097179 
0.305221 0.442189 0.843391 0.099103 
0.230336 0.485424 0.843391 0.098977 
0.149486 0.516086 0.843391 0.096483 
0.064764 0.533382 0.843391 0.092113 
-0.021635 0.536864 0.843391 0.087759 
-0.107474 0.526441 0.843391 0.085037 
-0.190529 0.502384 0.843391 0.084527 
-0.268650 0.465315 0.843391 0.085981 
-0.339813 0.416195 0.843391 0.087278 
-0.402175 0.356296 0.843391 0.088111 
-0.454120 0.287168 0.843391 0.087477 
-0.494305 0.210604 0.843391 0.085610 
-0.521687 0.128584 0.843391 0.083723 
-0.535557 0.043235 0.843391 0.081504 
-0.535557 -0.043235 0.843391 0.079330 
-0.521687 -0.128584 0.843391 0.079028 
-0.494305 -0.210604 0.843391 0.079831 
-0.454120 -0.287168 0.843391 0.083021 
-0.402175 -0.356296 0.843391 0.086927 
-0.339813 -0.416195 0.843391 0.090338 
-0.268650 -0.465315 0.843391 0.093191 
-0.190529 -0.502384 0.843391 0.094879 
-0.107474 -0.526441 0.843391 0.095285 
-0.021635 -0.536864 0.843391 0.095287 
0.064764 -0.533382 0.843391 0.095127 
0.149486 -0.516086 0.843391 0.095683 
0.230336 -0.485424 0.843391 0.098726 
0.305221 -0.442189 0.843391 0.102640 
0.372201 -0.387502 0.843391 0.105256 
0.429540 -0.322779 0.843391 0.105625 
0.475755 -0.249696 0.843391 0.103068 
0.509648 -0.170146 0.843391 0.099674 
0.608761 0.000000 0.793353 0.088470 
0.602565 0.086636 0.793353 0.086545 
0.584102 0.171508 0.793353 0.087061 
0.553749 0.252889 0.793353 0.089307 
0.512123 0.329121 0.793353 0.092271 
0.460071 0.398654 0.793353 0.097526 
0.398654 0.460071 0.793353 0.102533 
0.329121 0.512123 0.793353 0.105276 
0.252889 0.553749 0.793353 0.105701 
0.171508 0.584102 0.793353 0.104196 
0.086636 0.602565 0.793353 0.100377 
0.000000 0.608761 0.793353 0.096201 
-0.086636 0.602565 0.793353 0.093375 
-0.171508 0.584102 0.793353 0.092765 
-0.252889 0.553749 0.793353 0.094760 
-0.329121 0.512123 0.793353 0.097349 
-0.398654 0.460071 0.793353 0.099524 
-0.460071 0.398654 0.793353 0.100234 
-0.512123 0.329121 0.793353 0.099460 
-0.553749 0.252889 0.793353 0.096767 
-0.584102 0.171508 0.793353 0.093565 
-0.602565 0.086636 0.793353 0.090156 
-0.608761 0.000000 0.793353 0.086089 
-0.602565 -0.086636 0.793353 0.083130 
-0.584102 -0.171508 0.793353 0.081738 
-0.553749 -0.252889 0.793353 0.082218 
-0.512123 -0.329121 0.793353 0.085190 
-0.460071 -0.398654 0.793353 0.087812 
-0.398654 -0.460071 0.793353 0.090680 
-0.329121 -0.512123 0.793353 0.092983 
-0.252889 -0.553749 0.793353 0.094126 
-0.171508 -0.584102 0.793353 0.094521 
-0.086636 -0.602565 0.793353 0.093996 
-0.000000 -0.608761 0.793353 0.093590 
0.086636 -0.602565 0.793353 0.092971 
0.171508 -0.584102 0.793353 0.093994 
0.252889 -0.553749 0.793353 0.098095 
0.329121 -0.512123 0.793353 0.102388 
0.398654 -0.460071 0.793353 0.105560 
0.460071 -0.398654 0.793353 0.107368 
0.512123 -0.329121 0.793353 0.106016 
0.553749 -0.252889 0.793353 0.101901 
0.584102 -0.171508 0.793353 0.097437 
0.675590 0.000000 0.737277 0.083496 
0.670044 0.086393 0.737277 0.081496 
0.653495 0.171367 0.737277 0.082558 
0.626216 0.253527 0.737277 0.085899 
0.588654 0.331524 0.737277 0.090085 
0.541427 0.404078 0.737277 0.096401 
0.485310 0.469996 0.737277 0.102993 
0.421224 0.528198 0.737277 0.108285 
0.350221 0.577726 0.737277 0.112086 
0.273468 0.617768 0.737277 0.113102 
0.192224 0.647667 0.737277 0.111846 
0.107824 0.666930 0.737277 0.108323 
0.021654 0.675243 0.737277 0.104660 
-0.064872 0.672468 0.737277 0.102126 
-0.150333 0.658652 0.737277 0.101750 
-0.233325 0.634020 0.737277 0.103749 
-0.312486 0.598978 0.737277 0.106991 
-0.386516 0.554100 0.737277 0.110494 
-0.454200 0.500125 0.737277 0.113159 
-0.514425 0.437937 0.737277 0.114228 
-0.566204 0.368558 0.737277 0.113240 
-0.608686 0.293128 0.737277 0.110156 
-0.641173 0.212884 0.737277 0.105403 
-0.663132 0.129145 0.737277 0.100153 
-0.674202 0.043285 0.737277 0.094892 
-0.674202 -0.043285 0.737277 0.089919 
-0.663132 -0.129145 0.737277 0.086534 
-0.641173 -0.212884 0.737277 0.084103 
-0.608686 -0.293128 0.737277 0.084538 
-0.566204 -0.368558 0.737277 0.086422 
-0.514425 -0.437937 0.737277 0.088859 
-0.454200 -0.500125 0.737277 0.090751 
-0.386516 -0.554100 0.737277 0.091699 
-0.312486 -0.598978 0.737277 0.092625 
-0.233325 -0.634020 0.737277 0.092809 
-0.150333 -0.658652 0.737277 0.092303 
-0.064872 -0.672468 0.737277 0.091479 
0.021654 -0.675243 0.737277 0.090957 
0.107824 -0.666930 0.737277 0.090269 
0.192224 -0.647667 0.737277 0.091916 
0.273468 -0.617768 0.737277 0.096808 
0.350221 -0.577726 0.737277 0.101536 
0.421224 -0.528198 0.737277 0.105834 
0.485310 -0.469996 0.737277 0.107862 
0.541427 -0.404078 0.737277 0.107465 
0.588654 -0.331524 0.737277 0.104640 
0.626216 -0.253527 0.737277 0.099158 
0.653495 -0.171367 0.737277 0.093570 
0.737277 0.000000 0.675590 0.078060 
0.732102 0.087200 0.675590 0.076362 
0.716650 0.173176 0.675590 0.078120 
0.691138 0.256721 0.675590 0.082548 
0.655924 0.336662 0.675590 0.088162 
0.611502 0.411878 0.675590 0.095626 
0.558496 0.481311 0.675590 0.103005 
0.497650 0.543988 0.675590 0.109638 
0.429818 0.599028 0.675590 0.115316 
0.355952 0.645660 0.675590 0.118638 
0.277089 0.683227 0.675590 0.119262 
0.194337 0.711204 0.675590 0.117626 
0.108856 0.729197 0.675590 0.114390 
0.021848 0.736954 0.675590 0.111897 
-0.065467 0.734365 0.675590 0.110573 
-0.151863 0.721468 0.675590 0.111186 
-0.236128 0.698442 0.675590 0.113975 
-0.317077 0.665612 0.675590 0.118102 
-0.393576 0.623439 0.675590 0.122066 
-0.464549 0.572513 0.675590 0.125441 
-0.529002 0.513551 0.675590 0.127964 
-0.586028 0.447380 0.675590 0.128272 
-0.634828 0.374928 0.675590 0.125844 
-0.674716 0.297214 0.675590 0.121132 
-0.705133 0.215327 0.675590 0.114695 
-0.725651 0.130417 0.675590 0.107680 
-0.735982 0.043677 0.675590 0.101136 
-0.735982 -0.043677 0.675590 0.095389 
-0.725651 -0.130417 0.675590 0.091024 
-0.705133 -0.215327 0.675590 0.087276 
-0.674716 -0.297214 0.675590 0.086373 
-0.634828 -0.374928 0.675590 0.086803 
-0.586028 -0.447380 0.675590 0.088417 
-0.529002 -0.513551 0.675590 0.090376 
-0.464549 -0.572513 0.675590 0.090860 
-0.393576 -0.623439 0.675590 0.090679 
-0.317077 -0.665612 0.675590 0.090620 
-0.236128 -0.698442 0.675590 0.090343 
-0.151863 -0.721468 0.675590 0.089770 
-0.065467 -0.734365 0.675590 0.089004 
0.021848 -0.736954 0.675590 0.088575 
0.108856 -0.729197 0.675590 0.088153 
0.194337 -0.711204 0.675590 0.090318 
0.277089 -0.683227 0.675590 0.095217 
0.355952 -0.645660 0.675590 0.100224 
0.429818 -0.599028 0.675590 0.105358 
0.497650 -0.543988 0.675590 0.108534 
0.558496 -0.481311 0.675590 0.108536 
0.611502 -0.411878 0.675590 0.106542 
0.655924 -0.336662 0.675590 0.102162 
0.691138 -0.256721 0.675590 0.095593 
0.716650 -0.173176 0.675590 0.088871 
0.793353 0.000000 0.608761 0.073273 
0.788538 0.087275 0.608761 0.071960 
0.774151 0.173491 0.608761 0.074454 
0.750367 0.257601 0.608761 0.079876 
0.717475 0.338585 0.608761 0.086453 
0.675873 0.415458 0.608761 0.094653 
0.626067 0.487288 0.608761 0.102855 
0.568662 0.553203 0.608761 0.110283 
0.504354 0.612403 0.608761 0.117064 
0.433923 0.664169 0.608761 0.121826 
0.358225 0.707873 0.608761 0.124130 
0.278179 0.742984 0.608761 0.124249 
0.194757 0.769077 0.608761 0.122637 
0.108970 0.785834 0.608761 0.120251 
0.021860 0.793052 0.608761 0.119267 
-0.065515 0.790644 0.608761 0.119218 
-0.152094 0.778638 0.608761 0.120727 
-0.236828 0.757180 0.608761 0.124196 
-0.318686 0.726532 0.608761 0.128875 
-0.396677 0.687064 0.608761 0.133563 
-0.469852 0.639256 0.608761 0.137452 
-0.537324 0.583689 0.608761 0.140461 
-0.598273 0.521036 0.608761 0.142368 
-0.651960 0.452059 0.608761 0.141622 
-0.697733 0.377594 0.608761 0.137906 
-0.735037 0.298546 0.608761 0.131752 
-0.763419 0.215874 0.608761 0.124029 
-0.782533 0.130582 0.608761 0.115652 
-0.792149 0.043704 0.608761 0.108139 
-0.792149 -0.043704 0.608761 0.101823 
-0.782533 -0.130582 0.608761 0.096775 
-0.763419 -0.215874 0.608761 0.092100 
-0.735037 -0.298546 0.608761 0.090088 
-0.697733 -0.377594 0.608761 0.089240 
-0.651960 -0.452059 0.608761 0.089796 
-0.598273 -0.521036 0.608761 0.090670 
-0.537324 -0.583689 0.608761 0.091315 
-0.469852 -0.639256 0.608761 0.090676 
-0.396677 -0.687064 0.608761 0.089249 
-0.318686 -0.726532 0.608761 0.088212 
-0.236828 -0.757180 0.608761 0.087582 
-0.152094 -0.778638 0.608761 0.086656 
-0.065515 -0.790644 0.608761 0.085783 
0.021860 -0.793052 0.608761 0.085464 
0.108970 -0.785834 0.608761 0.085490 
0.194757 -0.769077 0.608761 0.088339 
0.278179 -0.742984 0.608761 0.093555 
0.358225 -0.707873 0.608761 0.098891 
0.433923 -0.664169 0.608761 0.104179 
0.504354 -0.612403 0.608761 0.108234 
0.568662 -0.553203 0.608761 0.109436 
0.626067 -0.487288 0.608761 0.108146 
0.675873 -0.415458 0.608761 0.104921 
0.717475 -0.338585 0.608761 0.098977 
0.750367 -0.257601 0.608761 0.091311 
0.774151 -0.173491 0.608761 0.084028 
0.843391 0.000000 0.537300 0.069820 
0.838921 0.086718 0.537300 0.068932 
0.825559 0.172517 0.537300 0.072023 
0.803445 0.256488 0.537300 0.078421 
0.772814 0.337739 0.537300 0.085986 
0.733991 0.415411 0.537300 0.094548 
0.687388 0.488679 0.537300 0.102875 
0.633498 0.556767 0.537300 0.110999 
0.572893 0.618953 0.537300 0.118009 
0.506216 0.674578 0.537300 0.123825 
0.434172 0.723052 0.537300 0.127232 
0.357526 0.763862 0.537300 0.128984 
0.277090 0.796574 0.537300 0.129112 
0.193717 0.820843 0.537300 0.127832 
0.108290 0.836410 0.537300 0.126478 
0.021716 0.843112 0.537300 0.126982 
-0.065089 0.840876 0.537300 0.128135 
-0.151204 0.829727 0.537300 0.130278 
-0.235716 0.809782 0.537300 0.133948 
-0.317729 0.781254 0.537300 0.138690 
-0.396374 0.744444 0.537300 0.143416 
-0.470818 0.699742 0.537300 0.147696 
-0.540271 0.647624 0.537300 0.151002 
-0.603997 0.588640 0.537300 0.153200 
-0.661320 0.523417 0.537300 0.154345 
-0.711633 0.452645 0.537300 0.152507 
-0.754403 0.377075 0.537300 0.147696 
-0.789176 0.297508 0.537300 0.140729 
-0.815583 0.214787 0.537300 0.131778 
-0.833345 0.129790 0.537300 0.122118 
-0.842273 0.043417 0.537300 0.113964 
-0.842273 -0.043417 0.537300 0.107529 
-0.833345 -0.129790 0.537300 0.102344 
-0.815583 -0.214787 0.537300 0.097137 
-0.789176 -0.297508 0.537300 0.094122 
-0.754403 -0.377075 0.537300 0.092437 
-0.711633 -0.452645 0.537300 0.092084 
-0.661320 -0.523417 0.537300 0.092054 
-0.603997 -0.588640 0.537300 0.091671 
-0.540271 -0.647624 0.537300 0.091181 
-0.470818 -0.699742 0.537300 0.089558 
-0.396374 -0.744444 0.537300 0.087236 
-0.317729 -0.781254 0.537300 0.085543 
-0.235716 -0.809782 0.537300 0.084509 
-0.151204 -0.829727 0.537300 0.083271 
-0.065089 -0.840876 0.537300 0.082309 
0.021716 -0.843112 0.537300 0.081917 
0.108290 -0.836410 0.537300 0.082127 
0.193717 -0.820843 0.537300 0.085267 
0.277090 -0.796574 0.537300 0.090715 
0.357526 -0.763862 0.537300 0.096492 
0.434172 -0.723052 0.537300 0.102364 
0.506216 -0.674578 0.537300 0.106757 
0.572893 -0.618953 0.537300 0.109019 
0.633498 -0.556767 0.537300 0.108975 
0.687388 -0.488679 0.537300 0.106636 
0.733991 -0.415411 0.537300 0.101876 
0.772814 -0.337739 0.537300 0.094989 
0.803445 -0.256488 0.537300 0.087059 
0.825559 -0.172517 0.537300 0.079883 
0.887011 0.000000 0.461749 0.068448 
0.882740 0.086942 0.461749 0.068046 
0.869967 0.173047 0.461749 0.071610 
0.848816 0.257486 0.461749 0.078618 
0.819491 0.339444 0.461749 0.087082 
0.782274 0.418134 0.461749 0.096252 
0.737523 0.492797 0.461749 0.104732 
0.685669 0.562714 0.461749 0.113011 
0.627211 0.627211 0.461749 0.120434 
0.562714 0.685669 0.461749 0.126257 
0.492797 0.737523 0.461749 0.130897 
0.418134 0.782274 0.461749 0.133598 
0.339444 0.819491 0.461749 0.135277 
0.257486 0.848816 0.461749 0.135224 
0.173047 0.869967 0.461749 0.134212 
0.086942 0.882740 0.461749 0.134758 
0.000000 0.887011 0.461749 0.136776 
-0.086942 0.882740 0.461749 0.138583 
-0.173047 0.869967 0.461749 0.140881 
-0.257486 0.848816 0.461749 0.144392 
-0.339444 0.819491 0.461749 0.148785 
-0.418134 0.782274 0.461749 0.152591 
-0.492797 0.737523 0.461749 0.156182 
-0.562714 0.685669 0.461749 0.159029 
-0.627211 0.627211 0.461749 0.161043 
-0.685669 0.562714 0.461749 0.162209 
-0.737523 0.492797 0.461749 0.161341 
-0.782274 0.418134 0.461749 0.157843 
-0.819491 0.339444 0.461749 0.151352 
-0.848816 0.257486 0.461749 0.142616 
-0.869967 0.173047 0.461749 0.132415 
-0.882740 0.086942 0.461749 0.122974 
-0.887011 0.000000 0.461749 0.115657 
-0.882740 -0.086942 0.461749 0.110163 
-0.869967 -0.173047 0.461749 0.105257 
-0.848816 -0.257486 0.461749 0.100574 
-0.819491 -0.339444 0.461749 0.097574 
-0.782274 -0.418134 0.461749 0.095667 
-0.737523 -0.492797 0.461749 0.095056 
-0.685669 -0.562714 0.461749 0.093863 
-0.627211 -0.627211 0.461749 0.092216 
-0.562714 -0.685669 0.461749 0.090887 
-0.492797 -0.737523 0.461749 0.088908 
-0.418134 -0.782274 0.461749 0.086191 
-0.339444 -0.819491 0.461749 0.083594 
-0.257486 -0.848816 0.461749 0.082178 
-0.173047 -0.869967 0.461749 0.080848 
-0.086942 -0.882740 0.461749 0.079600 
-0.000000 -0.887011 0.461749 0.079111 
0.086942 -0.882740 0.461749 0.079097 
0.173047 -0.869967 0.461749 0.081635 
0.257486 -0.848816 0.461749 0.086649 
0.339444 -0.819491 0.461749 0.092537 
0.418134 -0.782274 0.461749 0.098932 
0.492797 -0.737523 0.461749 0.104320 
0.562714 -0.685669 0.461749 0.107319 
0.627211 -0.627211 0.461749 0.108548 
0.685669 -0.562714 0.461749 0.107730 
0.737523 -0.492797 0.461749 0.104304 
0.782274 -0.418134 0.461749 0.099084 
0.819491 -0.339444 0.461749 0.092040 
0.848816 -0.257486 0.461749 0.084317 
0.869967 -0.173047 0.461749 0.077456 
0.923880 0.000000 0.382683 0.068541 
0.919820 0.086513 0.382683 0.068900 
0.907677 0.172267 0.382683 0.072944 
0.887557 0.256506 0.382683 0.080435 
0.859638 0.338491 0.382683 0.089397 
0.824164 0.417501 0.382683 0.098943 
0.781447 0.492843 0.382683 0.107705 
0.731863 0.563853 0.382683 0.115850 
0.675847 0.629908 0.382683 0.123078 
0.613892 0.690428 0.382683 0.129044 
0.546541 0.744880 0.382683 0.133762 
0.474388 0.792786 0.382683 0.137712 
0.398066 0.833725 0.382683 0.140136 
0.318246 0.867337 0.382683 0.141733 
0.235629 0.893327 0.382683 0.141974 
0.150941 0.911466 0.382683 0.141964 
0.064927 0.921595 0.382683 0.144437 
-0.021658 0.923626 0.382683 0.147496 
-0.108053 0.917539 0.382683 0.149239 
-0.193498 0.903389 0.382683 0.151267 
-0.277242 0.881300 0.382683 0.154152 
-0.358550 0.851467 0.382683 0.157811 
-0.436707 0.814150 0.382683 0.160328 
-0.511027 0.769679 0.382683 0.162923 
-0.580855 0.718443 0.382683 0.164613 
-0.645579 0.660894 0.382683 0.166197 
-0.704629 0.597537 0.382683 0.166711 
-0.757487 0.528929 0.382683 0.166186 
-0.803689 0.455673 0.382683 0.163578 
-0.842827 0.378412 0.382683 0.158214 
-0.874559 0.297826 0.382683 0.150595 
-0.898605 0.214622 0.382683 0.140680 
-0.914754 0.129532 0.382683 0.130181 
-0.922864 0.043304 0.382683 0.122445 
-0.922864 -0.043304 0.382683 0.117231 
-0.914754 -0.129532 0.382683 0.113428 
-0.898605 -0.214622 0.382683 0.108810 
-0.874559 -0.297826 0.382683 0.105232 
-0.842827 -0.378412 0.382683 0.102251 
-0.803689 -0.455673 0.382683 0.100122 
-0.757487 -0.528929 0.382683 0.098362 
-0.704629 -0.597537 0.382683 0.095947 
-0.645579 -0.660894 0.382683 0.093006 
-0.580855 -0.718443 0.382683 0.090535 
-0.511027 -0.769679 0.382683 0.088016 
-0.436707 -0.814150 0.382683 0.084773 
-0.358550 -0.851467 0.382683 0.081628 
-0.277242 -0.881300 0.382683 0.079836 
-0.193498 -0.903389 0.382683 0.078547 
-0.108053 -0.917539 0.382683 0.077384 
-0.021658 -0.923626 0.382683 0.077229 
0.064927 -0.921595 0.382683 0.077301 
0.150941 -0.911466 0.382683 0.079521 
0.235629 -0.893327 0.382683 0.083936 
0.318246 -0.867337 0.382683 0.089256 
0.398066 -0.833725 0.382683 0.095426 
0.474388 -0.792786 0.382683 0.101373 
0.546541 -0.744880 0.382683 0.105093 
0.613892 -0.690428 0.382683 0.106896 
0.675847 -0.629908 0.382683 0.107202 
0.731863 -0.563853 0.382683 0.105291 
0.781447 -0.492843 0.382683 0.101466 
0.824164 -0.417501 0.382683 0.096258 
0.859638 -0.338491 0.382683 0.089388 
0.887557 -0.256506 0.382683 0.082248 
0.907677 -0.172267 0.382683 0.076097 
0.953717 0.000000 0.300706 0.071876 
0.949766 0.086726 0.300706 0.073211 
0.937944 0.172734 0.300706 0.077813 
0.918351 0.257310 0.300706 0.085644 
0.891147 0.339754 0.300706 0.094729 
0.856560 0.419382 0.300706 0.104333 
0.814874 0.495536 0.300706 0.112904 
0.766437 0.567583 0.300706 0.120611 
0.711648 0.634928 0.300706 0.126837 
0.650963 0.697011 0.300706 0.132074 
0.584883 0.753318 0.300706 0.136255 
0.513957 0.803383 0.300706 0.140263 
0.438772 0.846791 0.300706 0.143320 
0.359951 0.883182 0.300706 0.145780 
0.278148 0.912255 0.300706 0.147418 
0.194039 0.933769 0.300706 0.148594 
0.108323 0.947545 0.300706 0.150993 
0.021710 0.953470 0.300706 0.155075 
-0.065084 0.951494 0.300706 0.158226 
-0.151338 0.941633 0.300706 0.159704 
-0.236338 0.923970 0.300706 0.161455 
-0.319380 0.898650 0.300706 0.163671 
-0.399776 0.865884 0.300706 0.165523 
-0.476858 0.825943 0.300706 0.166706 
-0.549990 0.779158 0.300706 0.167331 
-0.618564 0.725917 0.300706 0.167823 
-0.682012 0.666660 0.300706 0.168082 
-0.739809 0.601879 0.300706 0.167280 
-0.791476 0.532111 0.300706 0.166069 
-0.836584 0.457934 0.300706 0.163381 
-0.874760 0.379962 0.300706 0.158386 
-0.905687 0.298841 0.300706 0.151016 
-0.929110 0.215245 0.300706 0.141276 
-0.944834 0.129864 0.300706 0.131238 
-0.952729 0.043408 0.300706 0.124540 
-0.952729 -0.043408 0.300706 0.120705 
-0.944834 -0.129864 0.300706 0.118386 
-0.929110 -0.215245 0.300706 0.114929 
-0.905687 -0.298841 0.300706 0.112152 
-0.874760 -0.379962 0.300706 0.109654 
-0.836584 -0.457934 0.300706 0.107098 
-0.791476 -0.532111 0.300706 0.104361 
-0.739809 -0.601879 0.300706 0.100868 
-0.682012 -0.666660 0.300706 0.096584 
-0.618564 -0.725917 0.300706 0.092455 
-0.549990 -0.779158 0.300706 0.088679 
-0.476858 -0.825943 0.300706 0.084729 
-0.399776 -0.865884 0.300706 0.080998 
-0.319380 -0.898650 0.300706 0.078348 
-0.236338 -0.923970 0.300706 0.076976 
-0.151338 -0.941633 0.300706 0.076081 
-0.065084 -0.951494 0.300706 0.076312 
0.021710 -0.953470 0.300706 0.077185 
0.108323 -0.947545 0.300706 0.078712 
0.194039 -0.933769 0.300706 0.082340 
0.278148 -0.912255 0.300706 0.086817 
0.359951 -0.883182 0.300706 0.091973 
0.438772 -0.846791 0.300706 0.097649 
0.513957 -0.803383 0.300706 0.102129 
0.584883 -0.753318 0.300706 0.104814 
0.650963 -0.697011 0.300706 0.105972 
0.711648 -0.634928 0.300706 0.105760 
0.766437 -0.567583 0.300706 0.103842 
0.814874 -0.495536 0.300706 0.100509 
0.856560 -0.419382 0.300706 0.095984 
0.891147 -0.339754 0.300706 0.089786 
0.918351 -0.257310 0.300706 0.083245 
0.937944 -0.172734 0.300706 0.077862 
0.976296 0.000000 0.216440 0.078324 
0.972366 0.087514 0.216440 0.080865 
0.960607 0.174324 0.216440 0.085976 
0.941113 0.259731 0.216440 0.093898 
0.914042 0.343046 0.216440 0.102761 
0.879612 0.423599 0.216440 0.111875 
0.838100 0.500742 0.216440 0.119952 
0.789840 0.573852 0.216440 0.126835 
0.735221 0.642343 0.216440 0.131858 
0.674682 0.705662 0.216440 0.135861 
0.608711 0.763299 0.216440 0.139378 
0.537839 0.814791 0.216440 0.142815 
0.462636 0.859722 0.216440 0.146491 
0.383709 0.897731 0.216440 0.149659 
0.301692 0.928513 0.216440 0.152273 
0.217246 0.951818 0.216440 0.154165 
0.131051 0.967460 0.216440 0.157016 
0.043801 0.975313 0.216440 0.161617 
-0.043801 0.975313 0.216440 0.165568 
-0.131051 0.967460 0.216440 0.166920 
-0.217246 0.951818 0.216440 0.167858 
-0.301692 0.928513 0.216440 0.168614 
-0.383709 0.897731 0.216440 0.169450 
-0.462636 0.859722 0.216440 0.169129 
-0.537839 0.814791 0.216440 0.168617 
-0.608711 0.763299 0.216440 0.167718 
-0.674682 0.705662 0.216440 0.166727 
-0.735221 0.642343 0.216440 0.165070 
-0.789840 0.573852 0.216440 0.163141 
-0.838100 0.500742 0.216440 0.161130 
-0.879612 0.423599 0.216440 0.157636 
-0.914042 0.343046 0.216440 0.151457 
-0.941113 0.259731 0.216440 0.143319 
-0.960607 0.174324 0.216440 0.133583 
-0.972366 0.087514 0.216440 0.126331 
-0.976296 0.000000 0.216440 0.122738 
-0.972366 -0.087514 0.216440 0.121994 
-0.960607 -0.174324 0.216440 0.121588 
-0.941113 -0.259731 0.216440 0.120225 
-0.914042 -0.343046 0.216440 0.119507 
-0.879612 -0.423599 0.216440 0.118056 
-0.838100 -0.500742 0.216440 0.115914 
-0.789840 -0.573852 0.216440 0.112353 
-0.735221 -0.642343 0.216440 0.107311 
-0.674682 -0.705662 0.216440 0.101931 
-0.608711 -0.763299 0.216440 0.096105 
-0.537839 -0.814791 0.216440 0.090638 
-0.462636 -0.859722 0.216440 0.085426 
-0.383709 -0.897731 0.216440 0.081274 
-0.301692 -0.928513 0.216440 0.078472 
-0.217246 -0.951818 0.216440 0.077132 
-0.131051 -0.967460 0.216440 0.076856 
-0.043801 -0.975313 0.216440 0.078039 
0.043801 -0.975313 0.216440 0.079756 
0.131051 -0.967460 0.216440 0.082391 
0.217246 -0.951818 0.216440 0.086322 
0.301692 -0.928513 0.216440 0.090088 
0.383709 -0.897731 0.216440 0.094386 
0.462636 -0.859722 0.216440 0.098466 
0.537839 -0.814791 0.216440 0.101104 
0.608711 -0.763299 0.216440 0.102679 
0.674682 -0.705662 0.216440 0.103207 
0.735221 -0.642343 0.216440 0.102905 
0.789840 -0.573852 0.216440 0.101476 
0.838100 -0.500742 0.216440 0.099324 
0.879612 -0.423599 0.216440 0.096278 
0.914042 -0.343046 0.216440 0.091343 
0.941113 -0.259731 0.216440 0.085919 
0.960607 -0.174324 0.216440 0.081948 
0.991445 0.000000 0.130526 0.086547 
0.987565 0.087624 0.130526 0.090373 
0.975956 0.174562 0.130526 0.095927 
0.956710 0.260134 0.130526 0.103647 
0.929975 0.343670 0.130526 0.111918 
0.895962 0.424517 0.130526 0.120085 
0.854937 0.502041 0.130526 0.127163 
0.807221 0.575636 0.130526 0.132889 
0.753188 0.644725 0.130526 0.136626 
0.693260 0.708769 0.130526 0.139252 
0.627906 0.767266 0.130526 0.142136 
0.557637 0.819758 0.130526 0.145067 
0.483005 0.865834 0.130526 0.149089 
0.404592 0.905134 0.130526 0.152737 
0.323013 0.937350 0.130526 0.156395 
0.238906 0.962230 0.130526 0.159186 
0.152929 0.979579 0.130526 0.162650 
0.065756 0.989262 0.130526 0.167717 
-0.021933 0.991202 0.130526 0.171925 
-0.109450 0.985385 0.130526 0.173418 
-0.196110 0.971856 0.130526 0.173220 
-0.281235 0.950721 0.130526 0.172591 
-0.364159 0.922145 0.130526 0.172219 
-0.444234 0.886352 0.130526 0.170545 
-0.520831 0.843622 0.130526 0.168938 
-0.593352 0.794290 0.130526 0.166469 
-0.661230 0.738741 0.130526 0.164217 
-0.723932 0.677410 0.130526 0.161754 
-0.780969 0.610778 0.130526 0.159150 
-0.831894 0.539366 0.130526 0.156696 
-0.876308 0.463733 0.130526 0.153935 
-0.913863 0.384470 0.130526 0.149266 
-0.944266 0.302198 0.130526 0.142611 
-0.967280 0.217561 0.130526 0.133672 
-0.982723 0.131222 0.130526 0.125486 
-0.990474 0.043855 0.130526 0.122096 
-0.990474 -0.043855 0.130526 0.122104 
-0.982723 -0.131222 0.130526 0.124493 
-0.967280 -0.217561 0.130526 0.125612 
-0.944266 -0.302198 0.130526 0.126852 
-0.913863 -0.384470 0.130526 0.127763 
-0.876308 -0.463733 0.130526 0.126974 
-0.831894 -0.539366 0.130526 0.124635 
-0.780969 -0.610778 0.130526 0.120383 
-0.723932 -0.677410 0.130526 0.114629 
-0.661230 -0.738741 0.130526 0.107668 
-0.593352 -0.794290 0.130526 0.100609 
-0.520831 -0.843622 0.130526 0.094080 
-0.444234 -0.886352 0.130526 0.088519 
-0.364159 -0.922145 0.130526 0.084122 
-0.281235 -0.950721 0.130526 0.081567 
-0.196110 -0.971856 0.130526 0.080647 
-0.109450 -0.985385 0.130526 0.081537 
-0.021933 -0.991202 0.130526 0.083771 
0.065756 -0.989262 0.130526 0.086481 
0.152929 -0.979579 0.130526 0.089782 
0.238906 -0.962230 0.130526 0.092939 
0.323013 -0.937350 0.130526 0.095563 
0.404592 -0.905134 0.130526 0.098307 
0.483005 -0.865834 0.130526 0.100139 
0.557637 -0.819758 0.130526 0.100820 
0.627906 -0.767266 0.130526 0.100871 
0.693260 -0.708769 0.130526 0.100481 
0.753188 -0.644725 0.130526 0.099987 
0.807221 -0.575636 0.130526 0.099228 
0.854937 -0.502041 0.130526 0.098490 
0.895962 -0.424517 0.130526 0.097123 
0.929975 -0.343670 0.130526 0.093778 
0.956710 -0.260134 0.130526 0.089885 
0.975956 -0.174562 0.130526 0.087465 
0.999048 0.000000 0.043619 0.093981 
0.995247 0.087073 0.043619 0.098407 
0.983870 0.173483 0.043619 0.103932 
0.965006 0.258573 0.043619 0.111100 
0.938798 0.341695 0.043619 0.118685 
0.905445 0.422216 0.043619 0.126062 
0.865201 0.499524 0.043619 0.132532 
0.818372 0.573031 0.043619 0.137541 
0.765315 0.642176 0.043619 0.140465 
0.706434 0.706434 0.043619 0.142305 
0.642176 0.765315 0.043619 0.144528 
0.573031 0.818372 0.043619 0.147393 
0.499524 0.865201 0.043619 0.151478 
0.422216 0.905445 0.043619 0.155240 
0.341695 0.938798 0.043619 0.159334 
0.258573 0.965006 0.043619 0.162939 
0.173483 0.983870 0.043619 0.166909 
0.087073 0.995247 0.043619 0.171759 
0.000000 0.999048 0.043619 0.175867 
-0.087073 0.995247 0.043619 0.177517 
-0.173483 0.983870 0.043619 0.176233 
-0.258573 0.965006 0.043619 0.174187 
-0.341695 0.938798 0.043619 0.172305 
-0.422216 0.905445 0.043619 0.169941 
-0.499524 0.865201 0.043619 0.167441 
-0.573031 0.818372 0.043619 0.164096 
-0.642176 0.765315 0.043619 0.161286 
-0.706434 0.706434 0.043619 0.158605 
-0.765315 0.642176 0.043619 0.156012 
-0.818372 0.573031 0.043619 0.153760 
-0.865201 0.499524 0.043619 0.151385 
-0.905445 0.422216 0.043619 0.147756 
-0.938798 0.341695 0.043619 0.142080 
-0.965006 0.258573 0.043619 0.134768 
-0.983870 0.173483 0.043619 0.126490 
-0.995247 0.087073 0.043619 0.121878 
-0.999048 0.000000 0.043619 0.121469 
-0.995247 -0.087073 0.043619 0.124626 
-0.983870 -0.173483 0.043619 0.128908 
-0.965006 -0.258573 0.043619 0.132480 
-0.938798 -0.341695 0.043619 0.136102 
-0.905445 -0.422216 0.043619 0.137928 
-0.865201 -0.499524 0.043619 0.137514 
-0.818372 -0.573031 0.043619 0.134577 
-0.765315 -0.642176 0.043619 0.129353 
-0.706434 -0.706434 0.043619 0.122779 
-0.642176 -0.765315 0.043619 0.114614 
-0.573031 -0.818372 0.043619 0.106901 
-0.499524 -0.865201 0.043619 0.099910 
-0.422216 -0.905445 0.043619 0.094538 
-0.341695 -0.938798 0.043619 0.090232 
-0.258573 -0.965006 0.043619 0.088417 
-0.173483 -0.983870 0.043619 0.088275 
-0.087073 -0.995247 0.043619 0.090452 
-0.000000 -0.999048 0.043619 0.093786 
0.087073 -0.995247 0.043619 0.097025 
0.173483 -0.983870 0.043619 0.099853 
0.258573 -0.965006 0.043619 0.101445 
0.341695 -0.938798 0.043619 0.102192 
0.422216 -0.905445 0.043619 0.102888 
0.499524 -0.865201 0.043619 0.102409 
0.573031 -0.818372 0.043619 0.101283 
0.642176 -0.765315 0.043619 0.099891 
0.706434 -0.706434 0.043619 0.099000 
0.765315 -0.642176 0.043619 0.098605 
0.818372 -0.573031 0.043619 0.098701 
0.865201 -0.499524 0.043619 0.099373 
0.905445 -0.422216 0.043619 0.099431 
0.938798 -0.341695 0.043619 0.097433 
0.965006 -0.258573 0.043619 0.094774 
0.983870 -0.173483 0.043619 0.093435 
0.999048 0.000000 -0.043619 0.101381 
0.995247 0.087073 -0.043619 0.106102 
0.983870 0.173483 -0.043619 0.111478 
0.965006 0.258573 -0.043619 0.118095 
0.938798 0.341695 -0.043619 0.125147 
0.905445 0.422216 -0.043619 0.131895 
0.865201 0.499524 -0.043619 0.138037 
0.818372 0.573031 -0.043619 0.142513 
0.765315 0.642176 -0.043619 0.144964 
0.706434 0.706434 -0.043619 0.146408 
0.642176 0.765315 -0.043619 0.148456 
0.573031 0.818372 -0.043619 0.151749 
0.499524 0.865201 -0.043619 0.156202 
0.422216 0.905445 -0.043619 0.160394 
0.341695 0.938798 -0.043619 0.164983 
0.258573 0.965006 -0.043619 0.169075 
0.173483 0.983870 -0.043619 0.173343 
0.087073 0.995247 -0.043619 0.177768 
0.000000 0.999048 -0.043619 0.180986 
-0.087073 0.995247 -0.043619 0.181682 
-0.173483 0.983870 -0.043619 0.178794 
-0.258573 0.965006 -0.043619 0.175023 
-0.341695 0.938798 -0.043619 0.171514 
-0.422216 0.905445 -0.043619 0.168254 
-0.499524 0.865201 -0.043619 0.164899 
-0.573031 0.818372 -0.043619 0.160897 
-0.642176 0.765315 -0.043619 0.157735 
-0.706434 0.706434 -0.043619 0.154830 
-0.765315 0.642176 -0.043619 0.152080 
-0.818372 0.573031 -0.043619 0.149591 
-0.865201 0.499524 -0.043619 0.146814 
-0.905445 0.422216 -0.043619 0.142976 
-0.938798 0.341695 -0.043619 0.137453 
-0.965006 0.258573 -0.043619 0.130751 
-0.983870 0.173483 -0.043619 0.123503 
-0.995247 0.087073 -0.043619 0.120270 
-0.999048 0.000000 -0.043619 0.121536 
-0.995247 -0.087073 -0.043619 0.126878 
-0.983870 -0.173483 -0.043619 0.133977 
-0.965006 -0.258573 -0.043619 0.140721 
-0.938798 -0.341695 -0.043619 0.147002 
-0.905445 -0.422216 -0.043619 0.150808 
-0.865201 -0.499524 -0.043619 0.151527 
-0.818372 -0.573031 -0.043619 0.149124 
-0.765315 -0.642176 -0.043619 0.143916 
-0.706434 -0.706434 -0.043619 0.136716 
-0.642176 -0.765315 -0.043619 0.127754 
-0.573031 -0.818372 -0.043619 0.119206 
-0.499524 -0.865201 -0.043619 0.111454 
-0.422216 -0.905445 -0.043619 0.105735 
-0.341695 -0.938798 -0.043619 0.101125 
-0.258573 -0.965006 -0.043619 0.099304 
-0.173483 -0.983870 -0.043619 0.099543 
-0.087073 -0.995247 -0.043619 0.102457 
-0.000000 -0.999048 -0.043619 0.106401 
0.087073 -0.995247 -0.043619 0.109727 
0.173483 -0.983870 -0.043619 0.111669 
0.258573 -0.965006 -0.043619 0.111602 
0.341695 -0.938798 -0.043619 0.110162 
0.422216 -0.905445 -0.043619 0.108654 
0.499524 -0.865201 -0.043619 0.106024 
0.573031 -0.818372 -0.043619 0.103246 
0.642176 -0.765315 -0.043619 0.100604 
0.706434 -0.706434 -0.043619 0.099306 
0.765315 -0.642176 -0.043619 0.099106 
0.818372 -0.573031 -0.043619 0.099920 
0.865201 -0.499524 -0.043619 0.101945 
0.905445 -0.422216 -0.043619 0.103264 
0.938798 -0.341695 -0.043619 0.102416 
0.965006 -0.258573 -0.043619 0.100646 
0.983870 -0.173483 -0.043619 0.099875 
0.991445 0.000000 -0.130526 0.109396 
0.987565 0.087624 -0.130526 0.114169 
0.975956 0.174562 -0.130526 0.119187 
0.956710 0.260134 -0.130526 0.124852 
0.929975 0.343670 -0.130526 0.131005 
0.895962 0.424517 -0.130526 0.136892 
0.854937 0.502041 -0.130526 0.142599 
0.807221 0.575636 -0.130526 0.146798 
0.753188 0.644725 -0.130526 0.149395 
0.693260 0.708769 -0.130526 0.151171 
0.627906 0.767266 -0.130526 0.154046 
0.557637 0.819758 -0.130526 0.158291 
0.483005 0.865834 -0.130526 0.163592 
0.404592 0.905134 -0.130526 0.168703 
0.323013 0.937350 -0.130526 0.173744 
0.238906 0.962230 -0.130526 0.178014 
0.152929 0.979579 -0.130526 0.182570 
0.065756 0.989262 -0.130526 0.186230 
-0.021933 0.991202 -0.130526 0.187900 
-0.109450 0.985385 -0.130526 0.186362 
-0.196110 0.971856 -0.130526 0.181455 
-0.281235 0.950721 -0.130526 0.176129 
-0.364159 0.922145 -0.130526 0.171438 
-0.444234 0.886352 -0.130526 0.167079 
-0.520831 0.843622 -0.130526 0.162816 
-0.593352 0.794290 -0.130526 0.158448 
-0.661230 0.738741 -0.130526 0.154708 
-0.723932 0.677410 -0.130526 0.151232 
-0.780969 0.610778 -0.130526 0.147921 
-0.831894 0.539366 -0.130526 0.144677 
-0.876308 0.463733 -0.130526 0.140957 
-0.913863 0.384470 -0.130526 0.136094 
-0.944266 0.302198 -0.130526 0.130406 
-0.967280 0.217561 -0.130526 0.123886 
-0.982723 0.131222 -0.130526 0.119256 
-0.990474 0.043855 -0.130526 0.120273 
-0.990474 -0.043855 -0.130526 0.125438 
-0.982723 -0.131222 -0.130526 0.134824 
-0.967280 -0.217561 -0.130526 0.144406 
-0.944266 -0.302198 -0.130526 0.153820 
-0.913863 -0.384470 -0.130526 0.161412 
-0.876308 -0.463733 -0.130526 0.165025 
-0.831894 -0.539366 -0.130526 0.165113 
-0.780969 -0.610778 -0.130526 0.161581 
-0.723932 -0.677410 -0.130526 0.154998 
-0.661230 -0.738741 -0.130526 0.146425 
-0.593352 -0.794290 -0.130526 0.137432 
-0.520831 -0.843622 -0.130526 0.128909 
-0.444234 -0.886352 -0.130526 0.121987 
-0.364159 -0.922145 -0.130526 0.116468 
-0.281235 -0.950721 -0.130526 0.113418 
-0.196110 -0.971856 -0.130526 0.113262 
-0.109450 -0.985385 -0.130526 0.115969 
-0.021933 -0.991202 -0.130526 0.119789 
0.065756 -0.989262 -0.130526 0.123320 
0.152929 -0.979579 -0.130526 0.124513 
0.238906 -0.962230 -0.130526 0.123442 
0.323013 -0.937350 -0.130526 0.120113 
0.404592 -0.905134 -0.130526 0.116729 
0.483005 -0.865834 -0.130526 0.112587 
0.557637 -0.819758 -0.130526 0.108192 
0.627906 -0.767266 -0.130526 0.104205 
0.693260 -0.708769 -0.130526 0.102074 
0.753188 -0.644725 -0.130526 0.101852 
0.807221 -0.575636 -0.130526 0.102922 
0.854937 -0.502041 -0.130526 0.105984 
0.895962 -0.424517 -0.130526 0.108395 
0.929975 -0.343670 -0.130526 0.108707 
0.956710 -0.260134 -0.130526 0.107771 
0.975956 -0.174562 -0.130526 0.107305 
0.976296 0.000000 -0.216440 0.118039 
0.972366 0.087514 -0.216440 0.122454 
0.960607 0.174324 -0.216440 0.126849 
0.941113 0.259731 -0.216440 0.131090 
0.914042 0.343046 -0.216440 0.135893 
0.879612 0.423599 -0.216440 0.140437 
0.838100 0.500742 -0.216440 0.145792 
0.789840 0.573852 -0.216440 0.149929 
0.735221 0.642343 -0.216440 0.153189 
0.674682 0.705662 -0.216440 0.155945 
0.608711 0.763299 -0.216440 0.160295 
0.537839 0.814791 -0.216440 0.165776 
0.462636 0.859722 -0.216440 0.171833 
0.383709 0.897731 -0.216440 0.177721 
0.301692 0.928513 -0.216440 0.183063 
0.217246 0.951818 -0.216440 0.187794 
0.131051 0.967460 -0.216440 0.191933 
0.043801 0.975313 -0.216440 0.193790 
-0.043801 0.975313 -0.216440 0.193516 
-0.131051 0.967460 -0.216440 0.188948 
-0.217246 0.951818 -0.216440 0.182125 
-0.301692 0.928513 -0.216440 0.175345 
-0.383709 0.897731 -0.216440 0.169690 
-0.462636 0.859722 -0.216440 0.164393 
-0.537839 0.814791 -0.216440 0.159147 
-0.608711 0.763299 -0.216440 0.154410 
-0.674682 0.705662 -0.216440 0.149932 
-0.735221 0.642343 -0.216440 0.145876 
-0.789840 0.573852 -0.216440 0.142128 
-0.838100 0.500742 -0.216440 0.138281 
-0.879612 0.423599 -0.216440 0.133498 
-0.914042 0.343046 -0.216440 0.128145 
-0.941113 0.259731 -0.216440 0.122928 
-0.960607 0.174324 -0.216440 0.118591 
-0.972366 0.087514 -0.216440 0.118640 
-0.976296 0.000000 -0.216440 0.123448 
-0.972366 -0.087514 -0.216440 0.133200 
-0.960607 -0.174324 -0.216440 0.145294 
-0.941113 -0.259731 -0.216440 0.157698 
-0.914042 -0.343046 -0.216440 0.168426 
-0.879612 -0.423599 -0.216440 0.175859 
-0.838100 -0.500742 -0.216440 0.178779 
-0.789840 -0.573852 -0.216440 0.177186 
-0.735221 -0.642343 -0.216440 0.171946 
-0.674682 -0.705662 -0.216440 0.164384 
-0.608711 -0.763299 -0.216440 0.155913 
-0.537839 -0.814791 -0.216440 0.147459 
-0.462636 -0.859722 -0.216440 0.139879 
-0.383709 -0.897731 -0.216440 0.133670 
-0.301692 -0.928513 -0.216440 0.129326 
-0.217246 -0.951818 -0.216440 0.128332 
-0.131051 -0.967460 -0.216440 0.130191 
-0.043801 -0.975313 -0.216440 0.133621 
0.043801 -0.975313 -0.216440 0.137178 
0.131051 -0.967460 -0.216440 0.137689 
0.217246 -0.951818 -0.216440 0.135610 
0.301692 -0.928513 -0.216440 0.130757 
0.383709 -0.897731 -0.216440 0.125752 
0.462636 -0.859722 -0.216440 0.120760 
0.537839 -0.814791 -0.216440 0.115228 
0.608711 -0.763299 -0.216440 0.110271 
0.674682 -0.705662 -0.216440 0.107138 
0.735221 -0.642343 -0.216440 0.106732 
0.789840 -0.573852 -0.216440 0.107789 
0.838100 -0.500742 -0.216440 0.111486 
0.879612 -0.423599 -0.216440 0.114666 
0.914042 -0.343046 -0.216440 0.116003 
0.941113 -0.259731 -0.216440 0.115856 
0.960607 -0.174324 -0.216440 0.115616 
0.953717 0.000000 -0.300706 0.126850 
0.949766 0.086726 -0.300706 0.130970 
0.937944 0.172734 -0.300706 0.134778 
0.918351 0.257310 -0.300706 0.137654 
0.891147 0.339754 -0.300706 0.141137 
0.856560 0.419382 -0.300706 0.144313 
0.814874 0.495536 -0.300706 0.149209 
0.766437 0.567583 -0.300706 0.153353 
0.711648 0.634928 -0.300706 0.157150 
0.650963 0.697011 -0.300706 0.160964 
0.584883 0.753318 -0.300706 0.166473 
0.513957 0.803383 -0.300706 0.172674 
0.438772 0.846791 -0.300706 0.178645 
0.359951 0.883182 -0.300706 0.184500 
0.278148 0.912255 -0.300706 0.190154 
0.194039 0.933769 -0.300706 0.195236 
0.108323 0.947545 -0.300706 0.197878 
0.021710 0.953470 -0.300706 0.197850 
-0.065084 0.951494 -0.300706 0.195730 
-0.151338 0.941633 -0.300706 0.188964 
-0.236338 0.923970 -0.300706 0.181058 
-0.319380 0.898650 -0.300706 0.173377 
-0.399776 0.865884 -0.300706 0.167539 
-0.476858 0.825943 -0.300706 0.161731 
-0.549990 0.779158 -0.300706 0.155932 
-0.618564 0.725917 -0.300706 0.150839 
-0.682012 0.666660 -0.300706 0.145801 
-0.739809 0.601879 -0.300706 0.141586 
-0.791476 0.532111 -0.300706 0.137295 
-0.836584 0.457934 -0.300706 0.132529 
-0.874760 0.379962 -0.300706 0.127318 
-0.905687 0.298841 -0.300706 0.122445 
-0.929110 0.215245 -0.300706 0.118168 
-0.944834 0.129864 -0.300706 0.116827 
-0.952729 0.043408 -0.300706 0.121226 
-0.952729 -0.043408 -0.300706 0.129898 
-0.944834 -0.129864 -0.300706 0.142957 
-0.929110 -0.215245 -0.300706 0.156688 
-0.905687 -0.298841 -0.300706 0.169995 
-0.874760 -0.379962 -0.300706 0.180715 
-0.836584 -0.457934 -0.300706 0.186940 
-0.791476 -0.532111 -0.300706 0.188338 
-0.739809 -0.601879 -0.300706 0.185125 
-0.682012 -0.666660 -0.300706 0.178963 
-0.618564 -0.725917 -0.300706 0.171861 
-0.549990 -0.779158 -0.300706 0.164334 
-0.476858 -0.825943 -0.300706 0.156654 
-0.399776 -0.865884 -0.300706 0.150021 
-0.319380 -0.898650 -0.300706 0.144500 
-0.236338 -0.923970 -0.300706 0.142565 
-0.151338 -0.941633 -0.300706 0.143007 
-0.065084 -0.951494 -0.300706 0.145779 
0.021710 -0.953470 -0.300706 0.149194 
0.108323 -0.947545 -0.300706 0.149356 
0.194039 -0.933769 -0.300706 0.146730 
0.278148 -0.912255 -0.300706 0.141234 
0.359951 -0.883182 -0.300706 0.135198 
0.438772 -0.846791 -0.300706 0.130181 
0.513957 -0.803383 -0.300706 0.124162 
0.584883 -0.753318 -0.300706 0.119133 
0.650963 -0.697011 -0.300706 0.115087 
0.711648 -0.634928 -0.300706 0.114039 
0.766437 -0.567583 -0.300706 0.114646 
0.814874 -0.495536 -0.300706 0.117995 
0.856560 -0.419382 -0.300706 0.121285 
0.891147 -0.339754 -0.300706 0.122936 
0.918351 -0.257310 -0.300706 0.123479 
0.937944 -0.172734 -0.300706 0.123457 
0.923880 0.000000 -0.382683 0.135142 
0.919820 0.086513 -0.382683 0.138705 
0.907677 0.172267 -0.382683 0.141680 
0.887557 0.256506 -0.382683 0.143201 
0.859638 0.338491 -0.382683 0.145619 
0.824164 0.417501 -0.382683 0.147717 
0.781447 0.492843 -0.382683 0.152262 
0.731863 0.563853 -0.382683 0.156582 
0.675847 0.629908 -0.382683 0.160590 
0.613892 0.690428 -0.382683 0.165758 
0.546541 0.744880 -0.382683 0.171913 
0.474388 0.792786 -0.382683 0.178114 
0.398066 0.833725 -0.382683 0.183690 
0.318246 0.867337 -0.382683 0.189506 
0.235629 0.893327 -0.382683 0.194897 
0.150941 0.911466 -0.382683 0.198889 
0.064927 0.921595 -0.382683 0.199743 
-0.021658 0.923626 -0.382683 0.198120 
-0.108053 0.917539 -0.382683 0.193355 
-0.193498 0.903389 -0.382683 0.184953 
-0.277242 0.881300 -0.382683 0.176957 
-0.358550 0.851467 -0.382683 0.169647 
-0.436707 0.814150 -0.382683 0.163830 
-0.511027 0.769679 -0.382683 0.157949 
-0.580855 0.718443 -0.382683 0.151644 
-0.645579 0.660894 -0.382683 0.146157 
-0.704629 0.597537 -0.382683 0.141581 
-0.757487 0.528929 -0.382683 0.136786 
-0.803689 0.455673 -0.382683 0.131444 
-0.842827 0.378412 -0.382683 0.125963 
-0.874559 0.297826 -0.382683 0.121198 
-0.898605 0.214622 -0.382683 0.117411 
-0.914754 0.129532 -0.382683 0.116987 
-0.922864 0.043304 -0.382683 0.122153 
-0.922864 -0.043304 -0.382683 0.131805 
-0.914754 -0.129532 -0.382683 0.145861 
-0.898605 -0.214622 -0.382683 0.160772 
-0.874559 -0.297826 -0.382683 0.175190 
-0.842827 -0.378412 -0.382683 0.186900 
-0.803689 -0.455673 -0.382683 0.194088 
-0.757487 -0.528929 -0.382683 0.195848 
-0.704629 -0.597537 -0.382683 0.193223 
-0.645579 -0.660894 -0.382683 0.188084 
-0.580855 -0.718443 -0.382683 0.182452 
-0.511027 -0.769679 -0.382683 0.175422 
-0.436707 -0.814150 -0.382683 0.168394 
-0.358550 -0.851467 -0.382683 0.161086 
-0.277242 -0.881300 -0.382683 0.156589 
-0.193498 -0.903389 -0.382683 0.154836 
-0.108053 -0.917539 -0.382683 0.156139 
-0.021658 -0.923626 -0.382683 0.158321 
0.064927 -0.921595 -0.382683 0.159803 
0.150941 -0.911466 -0.382683 0.157285 
0.235629 -0.893327 -0.382683 0.152200 
0.318246 -0.867337 -0.382683 0.145388 
0.398066 -0.833725 -0.382683 0.140151 
0.474388 -0.792786 -0.382683 0.134722 
0.546541 -0.744880 -0.382683 0.129713 
0.613892 -0.690428 -0.382683 0.125565 
0.675847 -0.629908 -0.382683 0.123162 
0.731863 -0.563853 -0.382683 0.123081 
0.781447 -0.492843 -0.382683 0.125817 
0.824164 -0.417501 -0.382683 0.128600 
0.859638 -0.338491 -0.382683 0.130171 
0.887557 -0.256506 -0.382683 0.131111 
0.907677 -0.172267 -0.382683 0.131175 
0.887011 0.000000 -0.461749 0.141317 
0.882740 0.086942 -0.461749 0.144083 
0.869967 0.173047 -0.461749 0.146347 
0.848816 0.257486 -0.461749 0.147092 
0.819491 0.339444 -0.461749 0.148923 
0.782274 0.418134 -0.461749 0.150559 
0.737523 0.492797 -0.461749 0.155098 
0.685669 0.562714 -0.461749 0.159538 
0.627211 0.627211 -0.461749 0.164736 
0.562714 0.685669 -0.461749 0.170410 
0.492797 0.737523 -0.461749 0.176757 
0.418134 0.782274 -0.461749 0.181974 
0.339444 0.819491 -0.461749 0.187217 
0.257486 0.848816 -0.461749 0.192648 
0.173047 0.869967 -0.461749 0.196832 
0.086942 0.882740 -0.461749 0.197861 
0.000000 0.887011 -0.461749 0.196477 
-0.086942 0.882740 -0.461749 0.192579 
-0.173047 0.869967 -0.461749 0.184716 
-0.257486 0.848816 -0.461749 0.176751 
-0.339444 0.819491 -0.461749 0.169098 
-0.418134 0.782274 -0.461749 0.163691 
-0.492797 0.737523 -0.461749 0.158050 
-0.562714 0.685669 -0.461749 0.151494 
-0.627211 0.627211 -0.461749 0.146100 
-0.685669 0.562714 -0.461749 0.141028 
-0.737523 0.492797 -0.461749 0.135437 
-0.782274 0.418134 -0.461749 0.129303 
-0.819491 0.339444 -0.461749 0.123440 
-0.848816 0.257486 -0.461749 0.118706 
-0.869967 0.173047 -0.461749 0.116626 
-0.882740 0.086942 -0.461749 0.119321 
-0.887011 0.000000 -0.461749 0.126739 
-0.882740 -0.086942 -0.461749 0.139350 
-0.869967 -0.173047 -0.461749 0.154634 
-0.848816 -0.257486 -0.461749 0.170592 
-0.819491 -0.339444 -0.461749 0.184116 
-0.782274 -0.418134 -0.461749 0.194701 
-0.737523 -0.492797 -0.461749 0.199708 
-0.685669 -0.562714 -0.461749 0.199825 
-0.627211 -0.627211 -0.461749 0.197521 
-0.562714 -0.685669 -0.461749 0.193269 
-0.492797 -0.737523 -0.461749 0.187025 
-0.418134 -0.782274 -0.461749 0.180020 
-0.339444 -0.819491 -0.461749 0.172103 
-0.257486 -0.848816 -0.461749 0.167252 
-0.173047 -0.869967 -0.461749 0.164825 
-0.086942 -0.882740 -0.461749 0.165333 
-0.000000 -0.887011 -0.461749 0.166488 
0.086942 -0.882740 -0.461749 0.165573 
0.173047 -0.869967 -0.461749 0.161414 
0.257486 -0.848816 -0.461749 0.154874 
0.339444 -0.819491 -0.461749 0.148291 
0.418134 -0.782274 -0.461749 0.143903 
0.492797 -0.737523 -0.461749 0.139366 
0.562714 -0.685669 -0.461749 0.135867 
0.627211 -0.627211 -0.461749 0.132836 
0.685669 -0.562714 -0.461749 0.131331 
0.737523 -0.492797 -0.461749 0.133600 
0.782274 -0.418134 -0.461749 0.135585 
0.819491 -0.339444 -0.461749 0.136737 
0.848816 -0.257486 -0.461749 0.137638 
0.869967 -0.173047 -0.461749 0.137472 
0.843391 0.000000 -0.537300 0.146245 
0.838921 0.086718 -0.537300 0.147896 
0.825559 0.172517 -0.537300 0.149246 
0.803445 0.256488 -0.537300 0.149285 
0.772814 0.337739 -0.537300 0.150933 
0.733991 0.415411 -0.537300 0.152485 
0.687388 0.488679 -0.537300 0.156912 
0.633498 0.556767 -0.537300 0.162437 
0.572893 0.618953 -0.537300 0.168275 
0.506216 0.674578 -0.537300 0.174095 
0.434172 0.723052 -0.537300 0.179242 
0.357526 0.763862 -0.537300 0.184628 
0.277090 0.796574 -0.537300 0.189535 
0.193717 0.820843 -0.537300 0.193632 
0.108290 0.836410 -0.537300 0.194885 
0.021716 0.843112 -0.537300 0.193645 
-0.065089 0.840876 -0.537300 0.190701 
-0.151204 0.829727 -0.537300 0.183409 
-0.235716 0.809782 -0.537300 0.175363 
-0.317729 0.781254 -0.537300 0.167551 
-0.396374 0.744444 -0.537300 0.162206 
-0.470818 0.699742 -0.537300 0.156543 
-0.540271 0.647624 -0.537300 0.150502 
-0.603997 0.588640 -0.537300 0.145022 
-0.661320 0.523417 -0.537300 0.139054 
-0.711633 0.452645 -0.537300 0.132687 
-0.754403 0.377075 -0.537300 0.126742 
-0.789176 0.297508 -0.537300 0.121233 
-0.815583 0.214787 -0.537300 0.117497 
-0.833345 0.129790 -0.537300 0.117573 
-0.842273 0.043417 -0.537300 0.122746 
-0.842273 -0.043417 -0.537300 0.132581 
-0.833345 -0.129790 -0.537300 0.146767 
-0.815583 -0.214787 -0.537300 0.162119 
-0.789176 -0.297508 -0.537300 0.176939 
-0.754403 -0.377075 -0.537300 0.189560 
-0.711633 -0.452645 -0.537300 0.198172 
-0.661320 -0.523417 -0.537300 0.201569 
-0.603997 -0.588640 -0.537300 0.202155 
-0.540271 -0.647624 -0.537300 0.200016 
-0.470818 -0.699742 -0.537300 0.195318 
-0.396374 -0.744444 -0.537300 0.188067 
-0.317729 -0.781254 -0.537300 0.180231 
-0.235716 -0.809782 -0.537300 0.174951 
-0.151204 -0.829727 -0.537300 0.172068 
-0.065089 -0.840876 -0.537300 0.171270 
0.021716 -0.843112 -0.537300 0.171308 
0.108290 -0.836410 -0.537300 0.168196 
0.193717 -0.820843 -0.537300 0.162905 
0.277090 -0.796574 -0.537300 0.156014 
0.357526 -0.763862 -0.537300 0.150154 
0.434172 -0.723052 -0.537300 0.146663 
0.506216 -0.674578 -0.537300 0.143889 
0.572893 -0.618953 -0.537300 0.141585 
0.633498 -0.556767 -0.537300 0.139642 
0.687388 -0.488679 -0.537300 0.140778 
0.733991 -0.415411 -0.537300 0.142462 
0.772814 -0.337739 -0.537300 0.142988 
0.803445 -0.256488 -0.537300 0.143784 
0.825559 -0.172517 -0.537300 0.143184 
0.793353 0.000000 -0.608761 0.149817 
0.788538 0.087275 -0.608761 0.150340 
0.774151 0.173491 -0.608761 0.150794 
0.750367 0.257601 -0.608761 0.150402 
0.717475 0.338585 -0.608761 0.152116 
0.675873 0.415458 -0.608761 0.153903 
0.626067 0.487288 -0.608761 0.159344 
0.568662 0.553203 -0.608761 0.165549 
0.504354 0.612403 -0.608761 0.171791 
0.433923 0.664169 -0.608761 0.176676 
0.358225 0.707873 -0.608761 0.181646 
0.278179 0.742984 -0.608761 0.186489 
0.194757 0.769077 -0.608761 0.190089 
0.108970 0.785834 -0.608761 0.190848 
0.021860 0.793052 -0.608761 0.189508 
-0.065515 0.790644 -0.608761 0.186661 
-0.152094 0.778638 -0.608761 0.179578 
-0.236828 0.757180 -0.608761 0.171840 
-0.318686 0.726532 -0.608761 0.164289 
-0.396677 0.687064 -0.608761 0.158998 
-0.469852 0.639256 -0.608761 0.153817 
-0.537324 0.583689 -0.608761 0.147945 
-0.598273 0.521036 -0.608761 0.141142 
-0.651960 0.452059 -0.608761 0.133974 
-0.697733 0.377594 -0.608761 0.127651 
-0.735037 0.298546 -0.608761 0.122031 
-0.763419 0.215874 -0.608761 0.118254 
-0.782533 0.130582 -0.608761 0.118336 
-0.792149 0.043704 -0.608761 0.123485 
-0.792149 -0.043704 -0.608761 0.133055 
-0.782533 -0.130582 -0.608761 0.146528 
-0.763419 -0.215874 -0.608761 0.161157 
-0.735037 -0.298546 -0.608761 0.175604 
-0.697733 -0.377594 -0.608761 0.187915 
-0.651960 -0.452059 -0.608761 0.196658 
-0.598273 -0.521036 -0.608761 0.201292 
-0.537324 -0.583689 -0.608761 0.202538 
-0.469852 -0.639256 -0.608761 0.200426 
-0.396677 -0.687064 -0.608761 0.194641 
-0.318686 -0.726532 -0.608761 0.186844 
-0.236828 -0.757180 -0.608761 0.180912 
-0.152094 -0.778638 -0.608761 0.177192 
-0.065515 -0.790644 -0.608761 0.175320 
0.021860 -0.793052 -0.608761 0.174346 
0.108970 -0.785834 -0.608761 0.170435 
0.194757 -0.769077 -0.608761 0.164699 
0.278179 -0.742984 -0.608761 0.157863 
0.358225 -0.707873 -0.608761 0.152609 
0.433923 -0.664169 -0.608761 0.150521 
0.504354 -0.612403 -0.608761 0.148603 
0.568662 -0.553203 -0.608761 0.147398 
0.626067 -0.487288 -0.608761 0.147794 
0.675873 -0.415458 -0.608761 0.148390 
0.717475 -0.338585 -0.608761 0.148385 
0.750367 -0.257601 -0.608761 0.148763 
0.774151 -0.173491 -0.608761 0.147752 
0.737277 0.000000 -0.675590 0.153008 
0.732102 0.087200 -0.675590 0.152548 
0.716650 0.173176 -0.675590 0.152205 
0.691138 0.256721 -0.675590 0.151419 
0.655924 0.336662 -0.675590 0.153224 
0.611502 0.411878 -0.675590 0.155726 
0.558496 0.481311 -0.675590 0.161035 
0.497650 0.543988 -0.675590 0.167148 
0.429818 0.599028 -0.675590 0.172452 
0.355952 0.645660 -0.675590 0.177175 
0.277089 0.683227 -0.675590 0.181534 
0.194337 0.711204 -0.675590 0.184697 
0.108856 0.729197 -0.675590 0.185585 
0.021848 0.736954 -0.675590 0.184695 
-0.065467 0.734365 -0.675590 0.182343 
-0.151863 0.721468 -0.675590 0.175907 
-0.236128 0.698442 -0.675590 0.168738 
-0.317077 0.665612 -0.675590 0.161824 
-0.393576 0.623439 -0.675590 0.156949 
-0.464549 0.572513 -0.675590 0.151581 
-0.529002 0.513551 -0.675590 0.144237 
-0.586028 0.447380 -0.675590 0.136252 
-0.634828 0.374928 -0.675590 0.129067 
-0.674716 0.297214 -0.675590 0.122926 
-0.705133 0.215327 -0.675590 0.119550 
-0.725651 0.130417 -0.675590 0.120147 
-0.735982 0.043677 -0.675590 0.125330 
-0.735982 -0.043677 -0.675590 0.134456 
-0.725651 -0.130417 -0.675590 0.146802 
-0.705133 -0.215327 -0.675590 0.159833 
-0.674716 -0.297214 -0.675590 0.172857 
-0.634828 -0.374928 -0.675590 0.184555 
-0.586028 -0.447380 -0.675590 0.193736 
-0.529002 -0.513551 -0.675590 0.198647 
-0.464549 -0.572513 -0.675590 0.199396 
-0.393576 -0.623439 -0.675590 0.196056 
-0.317077 -0.665612 -0.675590 0.189754 
-0.236128 -0.698442 -0.675590 0.184053 
-0.151863 -0.721468 -0.675590 0.180044 
-0.065467 -0.734365 -0.675590 0.177571 
0.021848 -0.736954 -0.675590 0.175931 
0.108856 -0.729197 -0.675590 0.171619 
0.194337 -0.711204 -0.675590 0.165915 
0.277089 -0.683227 -0.675590 0.159613 
0.355952 -0.645660 -0.675590 0.155170 
0.429818 -0.599028 -0.675590 0.153768 
0.497650 -0.543988 -0.675590 0.153568 
0.558496 -0.481311 -0.675590 0.154481 
0.611502 -0.411878 -0.675590 0.154877 
0.655924 -0.336662 -0.675590 0.154181 
0.691138 -0.256721 -0.675590 0.153889 
0.716650 -0.173176 -0.675590 0.152248 
0.675590 0.000000 -0.737277 0.155687 
0.670044 0.086393 -0.737277 0.154528 
0.653495 0.171367 -0.737277 0.153626 
0.626216 0.253527 -0.737277 0.152839 
0.588654 0.331524 -0.737277 0.154808 
0.541427 0.404078 -0.737277 0.157301 
0.485310 0.469996 -0.737277 0.161706 
0.421224 0.528198 -0.737277 0.166822 
0.350221 0.577726 -0.737277 0.171847 
0.273468 0.617768 -0.737277 0.176232 
0.192224 0.647667 -0.737277 0.179100 
0.107824 0.666930 -0.737277 0.179811 
0.021654 0.675243 -0.737277 0.179166 
-0.064872 0.672468 -0.737277 0.177464 
-0.150333 0.658652 -0.737277 0.172218 
-0.233325 0.634020 -0.737277 0.166204 
-0.312486 0.598978 -0.737277 0.159802 
-0.386516 0.554100 -0.737277 0.154416 
-0.454200 0.500125 -0.737277 0.147753 
-0.514425 0.437937 -0.737277 0.139755 
-0.566204 0.368558 -0.737277 0.131832 
-0.608686 0.293128 -0.737277 0.124722 
-0.641173 0.212884 -0.737277 0.120982 
-0.663132 0.129145 -0.737277 0.121756 
-0.674202 0.043285 -0.737277 0.127033 
-0.674202 -0.043285 -0.737277 0.135684 
-0.663132 -0.129145 -0.737277 0.146716 
-0.641173 -0.212884 -0.737277 0.158233 
-0.608686 -0.293128 -0.737277 0.170020 
-0.566204 -0.368558 -0.737277 0.181597 
-0.514425 -0.437937 -0.737277 0.190668 
-0.454200 -0.500125 -0.737277 0.194335 
-0.386516 -0.554100 -0.737277 0.193204 
-0.312486 -0.598978 -0.737277 0.189047 
-0.233325 -0.634020 -0.737277 0.184446 
-0.150333 -0.658652 -0.737277 0.180765 
-0.064872 -0.672468 -0.737277 0.177881 
0.021654 -0.675243 -0.737277 0.175834 
0.107824 -0.666930 -0.737277 0.171486 
0.192224 -0.647667 -0.737277 0.166039 
0.273468 -0.617768 -0.737277 0.160489 
0.350221 -0.577726 -0.737277 0.156919 
0.421224 -0.528198 -0.737277 0.156822 
0.485310 -0.469996 -0.737277 0.158316 
0.541427 -0.404078 -0.737277 0.159248 
0.588654 -0.331524 -0.737277 0.158485 
0.626216 -0.253527 -0.737277 0.158049 
0.653495 -0.171367 -0.737277 0.156084 
0.608761 0.000000 -0.793353 0.157014 
0.602565 0.086636 -0.793353 0.155598 
0.584102 0.171508 -0.793353 0.154504 
0.553749 0.252889 -0.793353 0.153765 
0.512123 0.329121 -0.793353 0.155411 
0.460071 0.398654 -0.793353 0.157600 
0.398654 0.460071 -0.793353 0.161684 
0.329121 0.512123 -0.793353 0.166421 
0.252889 0.553749 -0.793353 0.171028 
0.171508 0.584102 -0.793353 0.173242 
0.086636 0.602565 -0.793353 0.173816 
0.000000 0.608761 -0.793353 0.173834 
-0.086636 0.602565 -0.793353 0.171663 
-0.171508 0.584102 -0.793353 0.167112 
-0.252889 0.553749 -0.793353 0.161502 
-0.329121 0.512123 -0.793353 0.154724 
-0.398654 0.460071 -0.793353 0.148032 
-0.460071 0.398654 -0.793353 0.140528 
-0.512123 0.329121 -0.793353 0.132319 
-0.553749 0.252889 -0.793353 0.125292 
-0.584102 0.171508 -0.793353 0.123127 
-0.602565 0.086636 -0.793353 0.126018 
-0.608761 0.000000 -0.793353 0.132297 
-0.602565 -0.086636 -0.793353 0.141441 
-0.584102 -0.171508 -0.793353 0.151927 
-0.553749 -0.252889 -0.793353 0.163041 
-0.512123 -0.329121 -0.793353 0.173972 
-0.460071 -0.398654 -0.793353 0.183117 
-0.398654 -0.460071 -0.793353 0.187187 
-0.329121 -0.512123 -0.793353 0.186263 
-0.252889 -0.553749 -0.793353 0.183292 
-0.171508 -0.584102 -0.793353 0.180170 
-0.086636 -0.602565 -0.793353 0.177199 
-0.000000 -0.608761 -0.793353 0.174458 
0.086636 -0.602565 -0.793353 0.171029 
0.171508 -0.584102 -0.793353 0.166174 
0.252889 -0.553749 -0.793353 0.161420 
0.329121 -0.512123 -0.793353 0.158729 
0.398654 -0.460071 -0.793353 0.159177 
0.460071 -0.398654 -0.793353 0.160569 
0.512123 -0.329121 -0.793353 0.160509 
0.553749 -0.252889 -0.793353 0.160241 
0.584102 -0.171508 -0.793353 0.158310 
0.537300 0.000000 -0.843391 0.156999 
0.530342 0.086189 -0.843391 0.155613 
0.509648 0.170146 -0.843391 0.154336 
0.475755 0.249696 -0.843391 0.153170 
0.429540 0.322779 -0.843391 0.154509 
0.372201 0.387502 -0.843391 0.157010 
0.305221 0.442189 -0.843391 0.161186 
0.230336 0.485424 -0.843391 0.165083 
0.149486 0.516086 -0.843391 0.167127 
0.064764 0.533382 -0.843391 0.168017 
-0.021635 0.536864 -0.843391 0.168547 
-0.107474 0.526441 -0.843391 0.166185 
-0.190529 0.502384 -0.843391 0.161992 
-0.268650 0.465315 -0.843391 0.155599 
-0.339813 0.416195 -0.843391 0.148153 
-0.402175 0.356296 -0.843391 0.140890 
-0.454120 0.287168 -0.843391 0.133219 
-0.494305 0.210604 -0.843391 0.128131 
-0.521687 0.128584 -0.843391 0.127393 
-0.535557 0.043235 -0.843391 0.131851 
-0.535557 -0.043235 -0.843391 0.139043 
-0.521687 -0.128584 -0.843391 0.147812 
-0.494305 -0.210604 -0.843391 0.156944 
-0.454120 -0.287168 -0.843391 0.166013 
-0.402175 -0.356296 -0.843391 0.173729 
-0.339813 -0.416195 -0.843391 0.178040 
-0.268650 -0.465315 -0.843391 0.178361 
-0.190529 -0.502384 -0.843391 0.176849 
-0.107474 -0.526441 -0.843391 0.174622 
-0.021635 -0.536864 -0.843391 0.171870 
0.064764 -0.533382 -0.843391 0.169468 
0.149486 -0.516086 -0.843391 0.165413 
0.230336 -0.485424 -0.843391 0.161677 
0.305221 -0.442189 -0.843391 0.160207 
0.372201 -0.387502 -0.843391 0.159724 
0.429540 -0.322779 -0.843391 0.159800 
0.475755 -0.249696 -0.843391 0.160288 
0.509648 -0.170146 -0.843391 0.158778 
0.461749 0.000000 -0.887011 0.154528 
0.453404 0.087386 -0.887011 0.153195 
0.428673 0.171615 -0.887011 0.152006 
0.388448 0.249640 -0.887011 0.151451 
0.334183 0.318643 -0.887011 0.153567 
0.267840 0.376129 -0.887011 0.157058 
0.191817 0.420021 -0.887011 0.159840 
0.108861 0.448733 -0.887011 0.161717 
0.021971 0.461226 -0.887011 0.162752 
-0.065714 0.457049 -0.887011 0.162530 
-0.151023 0.436353 -0.887011 0.159112 
-0.230874 0.399886 -0.887011 0.153305 
-0.302381 0.348966 -0.887011 0.145567 
-0.362959 0.285434 -0.887011 0.137898 
-0.410419 0.211585 -0.887011 0.132734 
-0.443045 0.130090 -0.887011 0.131455 
-0.459658 0.043892 -0.887011 0.135343 
-0.459658 -0.043892 -0.887011 0.141431 
-0.443045 -0.130090 -0.887011 0.148627 
-0.410419 -0.211585 -0.887011 0.155811 
-0.362959 -0.285434 -0.887011 0.162238 
-0.302381 -0.348966 -0.887011 0.167093 
-0.230874 -0.399886 -0.887011 0.169561 
-0.151023 -0.436353 -0.887011 0.169884 
-0.065714 -0.457049 -0.887011 0.168353 
0.021971 -0.461226 -0.887011 0.166919 
0.108861 -0.448733 -0.887011 0.164250 
0.191817 -0.420021 -0.887011 0.161444 
0.267840 -0.376129 -0.887011 0.159447 
0.334183 -0.318643 -0.887011 0.158070 
0.388448 -0.249640 -0.887011 0.157810 
0.428673 -0.171615 -0.887011 0.156653 
0.382683 0.000000 -0.923880 0.150974 
0.373089 0.085155 -0.923880 0.150043 
0.344786 0.166040 -0.923880 0.149192 
0.299194 0.238599 -0.923880 0.149717 
0.238599 0.299194 -0.923880 0.152269 
0.166040 0.344786 -0.923880 0.154116 
0.085155 0.373089 -0.923880 0.155980 
0.000000 0.382683 -0.923880 0.157033 
-0.085155 0.373089 -0.923880 0.155516 
-0.166040 0.344786 -0.923880 0.151257 
-0.238599 0.299194 -0.923880 0.145149 
-0.299194 0.238599 -0.923880 0.138645 
-0.344786 0.166040 -0.923880 0.134810 
-0.373089 0.085155 -0.923880 0.135962 
-0.382683 0.000000 -0.923880 0.139786 
-0.373089 -0.085155 -0.923880 0.144847 
-0.344786 -0.166040 -0.923880 0.150403 
-0.299194 -0.238599 -0.923880 0.155098 
-0.238599 -0.299194 -0.923880 0.158623 
-0.166040 -0.344786 -0.923880 0.161267 
-0.085155 -0.373089 -0.923880 0.161978 
-0.000000 -0.382683 -0.923880 0.161581 
0.085155 -0.373089 -0.923880 0.160615 
0.166040 -0.344786 -0.923880 0.158084 
0.238599 -0.299194 -0.923880 0.155755 
0.299194 -0.238599 -0.923880 0.155345 
0.344786 -0.166040 -0.923880 0.153649 
0.300706 0.000000 -0.953717 0.147525 
0.288525 0.084719 -0.953717 0.146905 
0.252970 0.162574 -0.953717 0.146549 
0.196920 0.227258 -0.953717 0.146990 
0.124918 0.273532 -0.953717 0.148689 
0.042795 0.297645 -0.953717 0.150148 
-0.042795 0.297645 -0.953717 0.150104 
-0.124918 0.273532 -0.953717 0.146264 
-0.196920 0.227258 -0.953717 0.141952 
-0.252970 0.162574 -0.953717 0.137883 
-0.288525 0.084719 -0.953717 0.137951 
-0.300706 0.000000 -0.953717 0.140393 
-0.288525 -0.084719 -0.953717 0.144131 
-0.252970 -0.162574 -0.953717 0.148191 
-0.196920 -0.227258 -0.953717 0.151638 
-0.124918 -0.273532 -0.953717 0.153449 
-0.042795 -0.297645 -0.953717 0.154519 
0.042795 -0.297645 -0.953717 0.154734 
0.124918 -0.273532 -0.953717 0.153389 
0.196920 -0.227258 -0.953717 0.152021 
0.252970 -0.162574 -0.953717 0.150173 
0.216440 0.000000 -0.976296 0.143535 
0.199964 0.082828 -0.976296 0.143216 
0.153046 0.153046 -0.976296 0.143220 
0.082828 0.199964 -0.976296 0.144245 
0.000000 0.216440 -0.976296 0.144413 
-0.082828 0.199964 -0.976296 0.142629 
-0.153046 0.153046 -0.976296 0.139659 
-0.199964 0.082828 -0.976296 0.139221 
-0.216440 0.000000 -0.976296 0.140410 
-0.199964 -0.082828 -0.976296 0.143004 
-0.153046 -0.153046 -0.976296 0.145764 
-0.082828 -0.199964 -0.976296 0.147970 
-0.000000 -0.216440 -0.976296 0.149002 
0.082828 -0.199964 -0.976296 0.149013 
0.153046 -0.153046 -0.976296 0.146775 
0.130526 0.000000 -0.991445 0.141067 
0.099989 0.083901 -0.991445 0.141091 
0.022666 0.128543 -0.991445 0.140569 
-0.065263 0.113039 -0.991445 0.139947 
-0.122654 0.044643 -0.991445 0.139221 
-0.122654 -0.044643 -0.991445 0.140607 
-0.065263 -0.113039 -0.991445 0.142835 
0.022666 -0.128543 -0.991445 0.143898 
