0.151212
0.144173
0.159321
0.161298
0.168669
0.179292
0.176310
0.149997
0.148296
0.171706
0.178238
0.193267
0.201124
0.190721
0.201052
0.179326
0.187648
0.194690
0.190683
0.154572
0.129504
0.119568
0.122250
0.121822
0.132093
0.135913
0.120091
0.122754
0.140905
0.140917
0.148078
0.142440
0.127772
0.151859
0.145837
0.140629
0.132112
0.150580
0.156890
0.164057
0.155297
0.153889
0.157216
0.152271
0.162079
0.153307
0.147529
0.143465
0.140805
0.152176
0.149596
0.162866
0.162969
0.166723
0.165869
0.156436
0.153740
0.156744
0.161121
0.148639
0.134818
0.142555
0.156109
0.152525
0.170805
0.183811
0.186000
0.178564
0.165648
0.174608
0.170640
0.182915
0.178790
0.191956
0.186822
0.195857
0.181504
0.184777
0.194315
0.183512
0.164254
0.155558
0.155287
0.166159
0.175253
0.162890
0.181937
0.189915
0.187297
0.186011
0.195236
0.179498
0.172455
0.180116
0.193089
0.183155
0.178552
0.158543
0.163759
0.145386
0.152620
0.159873
0.146621
0.138655
0.140858
0.149152
0.131210
0.128401
0.135641
0.135352
0.141266
0.121854
0.132961
0.150224
0.158365
0.177966
0.162185
0.182273
0.162940
0.147522
0.137285
0.140171
0.140214
0.142270
0.126916
0.122774
0.101579
0.118788
0.115834
0.102117
0.116740
0.110994
0.095176
0.088298
0.098872
0.119881
0.111152
0.096688
0.122539
0.133088
0.144187
0.156364
0.153576
0.145792
0.137426
0.131868
0.137564
0.138517
0.143421
0.137546
0.131450
0.123435
0.106412
0.121327
0.138701
0.121056
0.114841
0.112914
0.111901
0.122044
0.108282
0.095745
0.111471
0.124396
0.117837
0.127412
0.141748
0.142187
0.143162
0.129018
0.144836
0.143724
0.128938
0.125684
0.125127
0.124101
0.129768
0.122982
0.112855
0.128653
0.133499
0.131489
0.144280
0.145970
0.152950
0.141251
0.138745
0.126988
0.119423
0.103757
0.100489
0.102949
0.091738
0.097859
0.089498
0.105786
0.102400
0.104845
0.093016
0.089355
0.095944
0.089239
0.081342
0.083786
0.093384
0.090688
0.094144
0.093323
0.089522
0.091249
0.093382
0.081597
0.086621
0.101720
0.102231
0.105242
0.101563
0.101748
0.100950
0.098997
0.093462
0.084299
0.080747
0.082514
0.092733
0.095787
0.095070
0.093444
0.098338
0.105419
0.098384
0.100814
0.103460
0.093613
0.082937
0.088466
0.088740
0.073697
0.065415
0.071753
0.067230
0.064882
0.070276
0.064415
0.068469
0.081979
0.074258
0.085229
0.079302
0.079731
0.087495
0.096017
0.095708
0.093454
0.092304
0.095564
0.099817
0.095387
0.092879
0.076731
0.085165
0.072148
0.083721
0.093168
0.098874
0.093140
0.089941
0.102449
0.099665
0.110995
0.131410
0.112497
0.125087
0.113407
0.113260
0.118453
0.096828
0.096641
0.104701
0.118176
0.099493
0.114665
0.111471
0.105768
0.096400
0.079723
0.071362
0.092832
0.090918
0.073690
0.089109
0.078854
0.066859
0.069500
0.084368
0.081475
0.087480
0.077385
0.083460
0.090935
0.117223
0.133620
0.130371
0.135271
0.130548
0.127190
0.107704
0.094193
0.087673
0.089594
0.108273
0.123311
0.111557
0.100977
0.093851
0.094164
0.119373
0.124825
0.142284
0.123766
0.125246
0.114737
0.126697
0.130088
0.144321
0.140149
0.133125
0.136297
0.148431
0.151810
0.153344
0.156630
0.153608
0.150248
0.156782
0.157802
0.159444
0.161296
0.157275
0.162474
0.173745
0.163605
0.163383
0.172832
0.153572
0.184068
0.193550
0.182033
0.183576
0.197068
0.200059
0.197101
0.188463
0.169014
0.166779
0.134794
0.125061
0.119856
0.120712
0.120152
0.129447
0.150010
0.125853
0.132932
0.127924
0.117572
0.099438
0.099227
0.114697
0.120905
0.147304
0.164447
0.198135
0.199687
0.193994
0.170804
0.198857
0.187020
0.161628
0.165892
0.185188
0.178785
0.128518
0.096479
0.094732
0.089804
0.115773
0.130943
0.146716
0.134312
0.125388
0.154199
0.131269
0.123102
0.102411
0.111223
0.112799
0.129659
0.158907
0.150260
0.132539
0.116486
0.094252
0.102338
0.087077
0.109901
0.112486
0.142154
0.165668
0.173738
0.159022
0.168357
0.175558
0.175228
0.174037
0.156665
0.147147
0.149976
0.136846
0.124325
0.118960
0.138704
0.111611
0.117433
0.101847
0.098198
0.105927
0.098059
0.098417
0.111338
0.121645
0.114898
0.110831
0.100953
0.101070
0.106927
0.114385
0.131219
0.133877
0.136345
0.147624
0.167010
0.173826
0.152669
0.157958
0.159134
0.157414
0.154032
0.138764
0.136304
0.137723
0.131471
0.113126
0.130036
0.119424
0.112077
0.141825
0.154243
0.144067
0.127387
0.118695
0.095410
0.080932
0.084937
0.091982
0.104813
0.093571
0.089082
0.074390
0.084091
0.073969
0.081079
0.084531
0.119982
0.135365
0.137409
0.129280
0.126376
0.116784
0.109838
0.107830
0.124582
0.131540
0.134314
0.129381
0.141977
0.135400
0.148428
0.140860
0.143709
0.140377
0.130556
0.113618
0.115866
0.132919
0.117530
0.117107
0.141939
0.144409
0.147621
0.146916
0.146609
0.137078
0.118827
0.116330
0.139486
0.148262
0.146531
0.167680
0.173532
0.174982
0.170707
0.173475
0.180944
0.169221
0.184752
0.187873
0.169194
0.168912
0.167820
0.170376
0.180183
0.180472
0.186087
0.187366
0.196682
0.195693
0.187341
0.186980
0.192872
0.195712
0.187647
0.180110
0.169352
0.173080
0.181002
0.191140
0.185514
0.178046
0.184154
0.173972
0.171391
0.189656
0.197092
0.194393
0.194757
0.185989
0.183438
0.193852
0.198169
0.191759
0.196636
0.196149
0.195745
0.197645
0.191679
0.195527
0.192016
0.180892
0.177123
0.162182
0.166255
0.161914
0.168608
0.174121
0.180218
0.178263
0.188460
0.188801
0.189279
0.176685
0.166978
0.157476
0.174071
0.178083
0.191790
0.182602
0.190843
0.197248
0.192031
0.184209
0.188260
0.186777
0.198471
0.197498
0.184954
0.181068
0.167416
0.180336
0.178203
0.160349
0.155664
0.165409
0.157651
0.164266
0.167342
0.152349
0.152293
0.152068
0.145020
0.148756
0.150660
0.156078
0.158332
0.158915
0.161987
0.157740
0.165426
0.175344
0.184773
0.181037
0.175419
0.170352
0.174472
0.159880
0.168829
0.172739
0.178982
0.179693
0.183651
0.189538
0.178833
0.180218
0.190753
0.197508
0.198279
0.194324
0.182094
0.170709
0.161344
0.174495
0.171379
0.167103
0.147925
0.126058
0.109052
0.102786
0.095273
0.107200
0.103203
0.113889
0.107903
0.116063
0.106659
0.091899
0.088769
0.090481
0.089972
0.085318
0.091026
0.088262
0.082171
0.079747
0.090167
0.098706
0.107014
0.113240
0.116903
0.118989
0.128119
0.133963
0.153911
0.192795
0.196736
0.196924
0.185375
0.180708
0.174383
0.174736
0.162507
0.154466
0.166822
0.159280
0.150144
0.146820
0.154279
0.150099
0.160967
0.165658
0.154030
0.150555
0.156500
0.148638
0.149366
0.143461
0.162312
0.158985
0.142289
0.135494
0.141075
0.137210
0.139496
0.136299
0.143863
0.127441
0.129056
0.127829
0.132063
0.150917
0.148399
0.128572
0.128610
0.136810
0.142713
0.121643
0.134993
0.139183
0.142639
0.148160
0.137059
0.120042
0.131896
0.123802
0.129142
0.147203
0.145981
0.171629
0.166016
0.193361
0.183072
0.197340
0.199150
0.187998
0.175284
0.196426
0.181575
0.183713
0.167588
0.162883
0.152417
0.181955
0.180769
0.150496
0.169154
0.138530
0.157709
0.152396
0.128037
0.154234
0.144558
0.151488
0.188170
0.198248
0.184116
0.150609
0.156793
0.190496
0.188306
0.168920
0.172705
0.179773
0.166491
0.157420
0.165772
0.136856
0.119569
0.116137
0.118585
0.117960
0.119555
0.122537
0.121691
0.116330
0.120077
0.121992
0.120623
0.119656
0.135294
0.141763
0.158461
0.144044
0.139187
0.149957
0.137220
0.138646
0.129803
0.129022
0.140766
0.137751
0.145225
0.152843
0.161079
0.160146
0.155370
0.171711
0.168747
0.152988
0.139938
0.146574
0.145844
0.155361
0.159365
0.160910
0.160825
0.158454
0.154233
0.162262
0.154622
0.167959
0.169739
0.185151
0.174314
0.170064
0.157371
0.171762
0.158653
0.148335
0.141204
0.158025
0.151893
0.154079
0.150399
0.151769
0.163105
0.163255
0.163850
0.162228
0.167190
0.167393
0.166067
0.162827
0.150937
0.143159
0.132529
0.129176
0.143886
0.141436
0.161398
0.153845
0.143395
0.141414
0.127301
0.113012
0.114369
0.117677
0.110954
0.125077
0.116774
0.104466
0.108669
0.097429
0.091308
0.106999
0.107764
0.114599
0.124834
0.126483
0.144931
0.168961
0.129540
0.112064
0.106707
0.096980
0.097020
0.090532
0.092040
0.090954
0.084792
0.075293
0.083550
0.085530
0.088142
0.082499
0.083987
0.092914
0.085581
0.087356
0.091353
0.094428
0.091640
0.081438
0.084691
0.076518
0.081280
0.122001
0.126019
0.128168
0.116262
0.132087
0.110588
0.103937
0.100641
0.089674
0.114481
0.117887
0.149682
0.132874
0.091827
0.109581
0.118537
0.092613
0.107212
0.148281
0.146563
0.144571
0.116253
0.138876
0.114976
0.135337
0.143002
0.118732
0.094866
0.080670
0.117167
0.129903
0.148894
0.165385
0.165721
0.162996
0.166518
0.166828
0.159458
0.156799
0.169128
0.163400
0.146968
0.131463
0.144997
0.139568
0.145102
0.132368
0.151714
0.168691
0.177271
0.193685
0.180092
0.174475
0.191099
0.177454
0.183980
0.197068
0.195393
0.193742
0.196692
0.191909
0.194256
0.196406
0.196127
0.195789
0.184876
0.165336
0.151347
0.141626
0.146766
0.153941
0.152024
0.155248
0.142543
0.147242
0.152809
0.142811
0.156806
0.166422
0.180727
0.188038
0.186117
0.175738
0.170766
0.172296
0.173589
0.176700
0.195035
0.185074
0.183963
0.184131
0.198312
0.193162
0.177132
0.169031
0.186332
0.186841
0.182209
0.187093
0.175459
0.163094
0.153158
0.143876
0.143668
0.160109
0.155778
0.155945
0.167970
0.179402
0.195232
0.190836
0.192813
0.195700
0.187837
0.178438
0.177756
0.179783
0.183615
0.190226
0.194209
0.194536
0.189303
0.188920
0.179137
0.165442
0.173636
0.172936
0.159159
0.159887
0.174822
0.152781
0.142502
0.148937
0.162860
0.168615
0.157044
0.165195
0.159915
0.175077
0.160261
0.159868
0.165201
0.169194
0.163682
0.173347
0.177005
0.172633
0.169946
0.168588
0.172460
0.171801
0.164360
0.149020
0.164314
0.175398
0.158270
0.152358
0.139494
0.163799
0.164667
0.168899
0.172080
0.176305
0.190897
0.184098
0.189521
0.174821
0.188925
0.191480
0.189562
0.193274
0.180665
0.180016
0.170890
0.172382
0.167480
0.167585
0.169506
0.168006
0.147903
0.149633
0.162004
0.165646
0.151889
0.140899
0.136755
0.134996
0.114260
0.106047
0.091437
0.116993
0.132756
0.129626
0.123629
0.138936
0.163356
0.161015
0.167270
0.166527
0.153946
0.155425
0.160502
0.154947
0.154686
0.126302
0.155925
0.163595
0.161972
0.164711
0.166845
0.156459
0.134818
0.155327
0.167381
0.169412
0.164691
0.164443
0.146086
0.157063
0.163401
0.150790
0.154694
0.159827
0.163766
0.166257
0.161836
0.162400
0.165832
0.150726
0.152180
0.161078
0.153882
0.161135
0.167251
0.156106
0.151671
0.148765
0.164135
0.166320
0.167149
0.166670
0.162643
0.165755
0.167051
0.151707
0.153437
0.120565
0.117134
0.122508
0.098623
0.133295
0.109689
0.090752
0.107541
0.136127
0.148510
0.124286
0.144235
0.145920
0.126039
0.141599
0.141861
0.118205
0.094749
0.112922
0.149703
0.154841
0.136292
0.114677
0.086477
0.130246
0.118359
0.129237
0.134343
0.127103
0.121226
0.109321
0.105450
0.144518
0.165812
0.160342
0.150680
0.150443
0.141827
0.149599
0.140857
0.147210
0.164542
0.144536
0.162585
0.147192
0.154916
0.135529
0.128267
0.113429
0.110714
0.082698
0.082443
0.082335
0.099199
0.101183
0.099910
0.081937
0.067969
0.075576
0.080358
0.088015
0.071536
0.089519
0.087843
0.099289
0.089439
0.079852
0.068384
0.065580
0.068168
0.075067
0.082087
0.088304
0.081441
0.075683
0.079392
0.087588
0.090004
0.092113
0.091604
0.091791
0.090414
0.089820
0.094453
0.087605
0.090914
0.087402
0.090344
0.093859
0.094930
0.091819
0.100338
0.094329
0.090231
0.094550
0.093920
0.103876
0.101547
0.093678
0.095328
0.090312
0.099871
0.100596
0.102223
0.103986
0.101791
0.092871
0.077637
0.086636
0.080258
0.088527
0.099013
0.088792
0.084711
0.093958
0.087633
0.093460
0.096516
0.095719
0.099133
0.099632
0.094237
0.093101
0.089726
0.092684
0.107447
0.104846
0.097094
0.095646
0.072272
0.081845
0.080815
0.088467
0.086805
0.093988
0.108519
0.105144
0.118388
0.111534
0.087487
0.107843
0.108584
0.107404
0.093498
0.110874
0.091626
0.088967
0.102239
0.115715
0.129318
0.126497
0.139391
0.126134
0.125143
0.136085
0.151592
0.136560
0.139989
0.137982
0.128802
0.139679
0.146025
0.156534
0.168015
0.165482
0.171424
0.164844
0.166343
0.156672
0.157483
0.166479
0.152653
0.162312
0.152764
0.153923
0.152752
0.150507
0.149799
0.151845
0.151224
0.144348
0.144895
0.148410
0.146203
0.139920
0.126943
0.112706
0.109083
0.098602
0.106233
0.101690
0.092414
0.097853
0.111868
0.122778
0.122716
0.104307
0.111620
0.117230
0.105208
0.117647
0.127364
0.140453
0.141635
0.147325
0.149440
0.139103
0.150331
0.158751
0.156571
0.157126
0.154245
0.170314
0.162862
0.161306
0.170934
0.155590
0.153623
0.151073
0.167152
0.149039
0.143424
0.128848
0.141866
0.138859
0.148651
0.131150
0.141586
0.139353
0.147548
0.138839
0.142983
0.151132
0.141367
0.150485
0.146155
0.136517
0.114553
0.100303
0.108470
0.098317
0.099613
0.098514
0.092758
0.083767
0.096561
0.097054
0.104385
0.094013
0.089885
0.081256
0.068200
0.068603
0.069968
0.080629
0.074735
0.071389
0.080348
0.091954
0.098125
0.093287
0.094337
0.092324
0.094060
0.094293
0.089230
0.093710
0.089946
0.098833
0.091820
0.092167
0.073070
0.075571
0.066639
0.074079
0.090025
0.093039
0.089820
0.093797
0.091712
0.090515
0.089046
0.093216
0.090116
0.087600
0.085514
0.084877
0.083175
0.084160
0.077395
0.077351
0.078058
0.076052
0.082311
0.076862
0.079266
0.076392
0.078394
0.085829
0.089341
0.088455
0.094786
0.090636
0.100472
0.090865
0.085806
0.097731
0.092889
0.105198
0.105794
0.108758
0.106054
0.103896
0.097771
0.101709
0.101996
0.107264
0.108317
0.103528
0.093647
0.084364
0.089743
0.100587
0.108199
0.108429
0.103180
0.094907
0.086518
0.102800
0.098665
0.106764
0.109641
0.142231
0.118543
0.146894
0.111076
0.110078
0.121832
0.135978
0.143227
0.150092
0.134279
0.147872
0.133864
0.126860
0.118813
0.123276
0.108474
0.125748
0.122458
0.132595
0.142039
0.146002
0.139942
0.128580
0.109932
0.098621
0.093277
0.083694
0.068312
0.073364
0.078497
0.073839
0.085613
0.090672
0.092483
0.091239
0.088245
0.078631
0.078721
0.073628
0.080368
0.090744
0.087941
0.097041
0.096555
0.111634
0.113970
0.120494
0.137935
0.134225
0.148328
0.138106
0.143587
0.145485
0.136544
0.114118
0.125251
0.145756
0.136856
0.124637
0.148706
0.154673
0.149154
0.146469
0.137664
0.134392
0.147326
0.130369
0.144306
0.117312
0.143012
0.137401
0.144867
0.143560
0.157351
0.146935
0.152706
0.149406
0.137939
0.121476
0.129195
0.105936
0.136133
0.121244
0.128008
0.134918
0.142474
0.142793
0.149769
0.160834
0.153988
0.150485
0.153178
0.150722
0.153178
0.151645
0.155373
0.158116
0.153583
0.153150
0.151726
0.156023
0.156687
0.152839
0.149378
0.147108
0.152697
0.152355
0.147946
0.137311
0.125914
0.126616
0.128834
0.119042
0.105098
0.112591
0.114683
0.123640
0.103176
0.089843
0.097336
0.074942
0.105956
0.096944
0.113798
0.100107
0.106345
0.114775
0.114930
0.131855
0.144362
0.135684
0.132971
0.127918
0.134390
0.140541
0.140956
0.127297
0.139209
0.125691
0.112854
0.115293
0.132032
0.133799
0.133285
0.145120
0.149836
0.167167
0.170167
0.162209
0.154225
0.175491
0.158350
0.169856
0.185350
0.177816
0.164846
0.153959
0.186232
0.163542
0.182006
0.183029
0.194635
0.196370
0.189403
0.169315
0.156178
0.155291
0.153116
0.138266
0.143577
0.143675
0.138867
0.152967
0.168002
0.160404
0.157229
0.171527
0.179102
0.184479
0.172064
0.181396
0.177201
0.160425
0.154238
0.155839
0.156311
0.151401
0.155883
0.165524
0.163256
0.164499
0.164562
0.175349
0.184178
0.177122
0.167050
0.156810
0.162278
0.158969
0.154300
0.158292
0.151760
0.146688
0.147305
0.144614
0.126692
0.116629
0.132538
0.147679
0.154430
0.150552
0.155566
0.154039
0.158625
0.156426
0.154642
0.151114
0.147183
0.146761
0.148814
0.150387
0.151971
0.154520
0.146855
0.154066
0.159528
0.157467
0.156524
0.157230
0.151745
0.157308
0.160791
0.160267
0.166960
0.176410
0.173266
0.180046
0.179592
0.176377
0.174994
0.174536
0.172071
0.159807
0.161216
0.164193
0.159132
0.156641
0.149918
0.145264
0.140192
0.143561
0.145445
0.148899
0.151002
0.148465
0.146630
0.147086
0.154618
0.150704
0.156877
0.149383
0.150114
0.140922
0.140648
0.138570
0.138749
0.141530
0.148606
0.138909
0.137438
0.140908
0.144501
0.170493
0.180800
0.181843
0.182202
0.185686
0.175589
0.178272
0.184788
0.178650
0.183628
0.190215
0.177797
0.155519
0.160755
0.154632
0.145101
0.135245
0.097290
0.113873
0.090610
0.079473
0.075651
0.078088
0.078810
0.091661
0.112873
0.119339
0.156671
0.156046
0.151772
0.190234
0.183384
0.198345
0.201291
0.199875
0.190952
0.166474
0.180707
0.150378
0.133775
0.150353
0.183321
0.162058
0.161831
0.194029
0.184871
0.167954
0.190078
0.174633
0.185190
0.164876
0.175710
0.184390
0.184003
0.150760
0.163306
0.163696
0.175578
0.191114
0.187522
0.146911
0.135003
0.139797
0.171124
0.141698
0.163591
0.197196
0.191212
0.168890
0.188320
0.178396
0.176669
0.178618
0.169570
0.167356
0.167165
0.159393
0.174672
0.169339
0.160652
0.148455
0.167788
0.177356
0.160194
0.153817
0.142086
0.164641
0.177534
0.161890
0.145259
0.107541
0.099911
0.078327
0.076026
0.086224
0.075907
0.088101
0.089472
0.126662
0.154886
0.166214
0.160705
0.150972
0.178918
0.177478
0.180041
0.168945
0.181239
0.184185
0.175428
0.179123
0.183796
0.199475
0.197410
0.201142
0.174716
0.180038
0.158887
0.179897
0.189114
0.190978
0.192497
0.191528
0.201589
0.190105
0.164262
0.178574
0.188168
0.169743
0.142072
0.124705
0.122126
0.118491
0.121683
0.141184
0.125846
0.127950
0.145902
0.123588
0.136665
0.140834
0.150363
0.123989
0.100134
0.107224
0.125776
0.134550
0.156805
0.153018
0.188882
0.172565
0.162291
0.120333
0.157022
0.134578
0.112166
0.095404
0.087788
0.087553
0.112766
0.160174
0.171687
0.163007
0.147574
0.187870
0.199619
0.196027
0.175862
0.194456
0.173776
0.180041
0.173277
0.140199
0.174542
0.188870
0.187189
0.183016
0.190366
0.197989
0.188702
0.165975
0.162984
0.135759
0.140914
0.171291
0.142169
0.139277
0.164678
0.163501
0.149676
0.144274
0.137646
0.141429
0.149563
0.147987
0.138663
0.144629
0.152917
0.140653
0.155360
0.140950
0.142503
0.138770
0.142174
0.146097
0.152139
0.138744
0.139264
0.141337
0.151733
0.151133
0.165471
0.147974
0.154599
0.158977
0.151189
0.152019
0.153444
0.154998
0.153401
0.151033
0.152536
0.155232
0.149612
0.148389
0.144915
0.142381
0.142025
0.143385
0.139011
0.139751
0.143125
0.141152
0.150010
0.160991
0.154363
0.156907
0.152460
0.160873
0.153545
0.150293
0.154595
0.150157
0.149869
0.149400
0.150979
0.154754
0.154496
0.154315
0.143508
0.151549
0.153361
0.153938
0.151460
0.152030
0.153966
0.157034
0.156076
0.148858
0.148363
0.151040
0.149406
0.151618
0.156779
0.155182
0.162259
0.155605
0.153985
0.173262
0.175854
0.170534
0.167469
0.167814
0.159624
0.147349
0.156359
0.171809
0.163873
0.146904
0.148538
0.140009
0.149530
0.138535
0.140781
0.139833
0.150588
0.150497
0.142915
0.150935
0.144669
0.140148
0.143201
0.146856
0.160452
0.153248
0.148244
0.150104
0.168284
0.165395
0.180715
0.171884
0.172829
0.180635
0.191586
0.187468
0.185858
0.184131
0.182631
0.174244
0.159070
0.144814
0.125537
0.128852
0.129598
0.132908
0.134167
0.140714
0.137133
0.139490
0.140364
0.151980
0.141476
0.133038
0.137621
0.131027
0.120939
0.120917
0.118119
0.124296
0.132773
0.139038
0.144039
0.137254
0.130777
0.131206
0.127939
0.164590
0.183168
0.161103
0.136715
0.155250
0.143573
0.141246
0.152062
0.171225
0.140887
0.173428
0.199797
0.196996
0.201042
0.188867
0.194553
0.183188
0.200622
0.196050
0.187705
0.185480
0.196699
0.199946
0.195831
0.199909
0.198389
0.194994
0.196738
0.195261
0.201323
0.189653
0.194504
0.193940
0.197110
0.169896
0.195492
0.187766
0.179367
0.190462
0.181535
0.191960
0.199369
0.196409
0.186839
0.175787
0.177422
0.174061
0.161920
0.164114
0.161131
0.158561
0.179584
0.160573
0.169219
0.165668
0.187796
0.198744
0.194062
0.200872
0.187794
0.186195
0.198667
0.188337
0.157518
0.153282
0.150457
0.141160
0.162217
0.144237
0.143106
0.154929
0.191005
0.179467
0.167751
0.179047
0.196725
0.192525
0.183567
0.186593
0.178672
0.166287
0.172890
0.165132
0.169930
0.162268
0.175631
0.165179
0.158524
0.161660
0.171098
0.173709
0.174244
0.159972
0.157914
0.159463
0.156633
0.157737
0.156690
0.147583
0.129781
0.141837
0.150918
0.131278
0.125303
0.140822
0.144738
0.145324
0.147785
0.110237
0.136501
0.132223
0.140668
0.166135
0.146384
0.154889
0.175292
0.181109
0.181574
0.184833
0.192602
0.201261
0.187831
0.174739
0.158987
0.173078
0.171947
0.165526
0.183689
0.176223
0.170308
0.169378
0.154539
0.164005
0.169625
0.159047
0.152903
0.156442
0.146323
0.148657
0.155438
0.148519
0.158765
0.156131
0.158125
0.158811
0.148802
0.149803
0.153200
0.152964
0.158343
0.158102
0.150669
0.141518
0.152302
0.152994
0.160480
0.174914
0.170007
0.161287
0.167710
0.175118
0.162583
0.160901
0.177956
0.190675
0.192672
0.191964
0.191930
0.194534
0.181511
0.193453
0.188030
0.182928
0.163904
0.171377
0.189295
0.165828
0.161509
0.160305
0.175476
0.167531
0.157278
0.150109
0.142388
0.139661
0.138427
0.137082
0.134092
0.136287
0.139418
0.135946
0.142059
0.142723
0.126917
0.117689
0.145150
0.138893
0.116750
0.116275
0.124199
0.137914
0.119501
0.108187
0.104864
0.127973
0.141216
0.133915
0.122113
0.122009
0.122059
0.124415
0.107396
0.105790
0.107376
0.093690
0.099318
0.090084
0.095646
0.094124
0.098201
0.104203
0.110385
0.108344
0.095590
0.101338
0.098993
0.085791
0.099559
0.120563
0.133557
0.143980
0.131965
0.131856
0.131577
0.122129
0.144101
0.151321
0.148357
0.151680
0.153556
0.153123
0.156786
0.157378
0.155389
0.150145
0.153117
0.149923
0.153269
0.154117
0.151597
0.155274
0.149555
0.137394
0.147709
0.152155
0.147463
0.137112
0.136072
0.134939
0.136498
0.133454
0.135151
0.134759
0.129062
0.146071
0.158218
0.159029
0.158141
0.157373
0.155514
0.158607
0.159128
0.157747
0.146211
0.145601
0.145230
0.141201
0.150253
0.154171
0.153339
0.153083
0.161120
0.149653
0.151261
0.149570
0.145002
0.147894
0.135208
0.139560
0.121268
0.138753
0.143549
0.129272
0.137881
0.150219
0.154996
0.160572
0.164436
0.157636
0.150150
0.137731
0.148171
0.133320
0.141506
0.138291
0.131895
0.134170
0.119136
0.092913
0.132482
0.132548
0.131561
0.139844
0.139274
0.151933
0.168000
0.189998
0.177305
0.182698
0.177878
0.172119
0.157660
0.167423
0.174124
0.168625
0.157005
0.144717
0.156462
0.167270
0.169449
0.188524
0.196671
0.174771
0.192872
0.198254
0.195655
0.189790
0.196223
0.193379
0.181488
0.164106
0.164147
0.152437
0.142363
0.127434
0.145752
0.155988
0.160976
0.155079
0.170214
0.168847
0.163577
0.165784
0.166656
0.177933
0.189141
0.194913
0.191612
0.198309
0.183274
0.165473
0.151368
0.146110
0.153466
0.159900
0.170018
0.182225
0.181796
0.171767
0.175442
0.184424
0.177249
0.186842
0.191073
0.191295
0.198247
0.182685
0.195253
0.189006
0.178068
0.163983
0.156275
0.170396
0.169372
0.155317
0.160702
0.159277
0.167642
0.161120
0.149539
0.160530
0.160927
0.149321
0.130217
0.107827
0.114784
0.123074
0.114605
0.124438
0.134687
0.143038
0.129936
0.138765
0.134591
0.128260
0.136562
0.146352
0.147479
0.144083
0.164317
0.174309
0.173529
0.175866
0.170639
0.163840
0.169722
0.187211
0.190693
0.180634
0.168157
0.183238
0.171522
0.154965
0.155716
0.175560
0.169318
0.161217
0.176126
0.162561
0.174063
0.166179
0.172406
0.181264
0.170246
0.170184
0.158973
0.136412
0.141914
0.139956
0.141472
0.164532
0.152963
0.172374
0.181957
0.171872
0.185850
0.185398
0.174101
0.169712
0.165047
0.152268
0.151295
0.169209
0.176769
0.173536
0.168765
0.176048
0.173047
0.171417
0.181333
0.169650
0.169356
0.188737
0.175284
0.187747
0.188880
0.196248
0.192321
0.183583
0.195585
0.196873
0.191074
0.168737
0.166404
0.171005
0.185555
0.187217
0.187361
0.185518
0.175152
0.183384
0.191781
0.191865
0.189301
0.185712
0.172141
0.169624
0.183930
0.183528
0.193414
0.189327
0.194301
0.197917
0.195838
0.184665
0.185525
0.172477
0.162291
0.165642
0.149887
0.160680
0.154142
0.159822
0.163099
0.158761
0.152752
0.154986
0.148810
0.139844
0.151429
0.133530
0.150141
0.156304
0.148107
0.156471
0.156146
0.156476
0.146145
0.154598
0.156341
0.156927
0.158329
0.157986
0.159712
0.149451
0.154694
0.159555
0.159530
0.159290
0.159120
0.156887
0.166762
0.160693
0.164192
0.150857
0.150736
0.144580
0.147104
0.145926
0.147300
0.137719
0.133458
0.108700
0.116728
0.101437
0.100512
0.098757
0.117909
0.122437
0.143417
0.149737
0.159335
0.159653
0.156800
0.159433
0.154739
0.148460
0.157393
0.150675
0.136836
0.147832
0.156729
0.156441
0.156767
0.157269
0.159472
0.156316
0.159327
0.157042
0.153844
0.143263
0.126487
0.143576
0.143668
0.131745
0.134053
0.109384
0.101308
0.097900
0.113583
0.100006
0.104433
0.103455
0.125804
0.118181
0.107222
0.102129
0.114690
0.095983
0.092159
0.073021
0.081054
0.069367
0.070184
0.072243
0.081737
0.086510
0.075425
0.085218
0.082288
0.085418
0.090714
0.100792
0.092608
0.099768
0.095793
0.097306
0.106760
0.097528
0.093534
0.102530
0.101117
0.099142
0.104425
0.107597
0.106604
0.100163
0.107422
0.103122
0.104685
0.107519
0.108472
0.105909
0.103994
0.098621
0.093302
0.096598
0.090678
0.092675
0.094839
0.094142
0.093421
0.093025
0.093120
0.094533
0.092030
0.089520
0.087928
0.082696
0.087482
0.084527
0.096124
0.106173
0.112347
0.110860
0.127977
0.135921
0.121267
0.119819
0.139573
0.160894
0.152229
0.178808
0.170059
0.155100
0.157460
0.150066
0.159376
0.195154
0.201101
0.200467
0.188107
0.193576
0.178973
0.162129
0.163060
0.167342
0.160054
0.163639
0.163823
0.174645
0.176367
0.173278
0.177700
0.168890
0.185671
0.201048
0.194631
0.186027
0.193240
0.165801
0.172496
0.168300
0.160417
0.165536
0.170066
0.155959
0.166266
0.145256
0.152759
0.162527
0.142457
0.122280
0.129246
0.152964
0.161788
0.182585
0.185648
0.166654
0.153946
0.174649
0.172998
0.166421
0.156469
0.144199
0.144212
0.130808
0.158102
0.136217
0.128714
0.155398
0.140411
0.142793
0.152875
0.139531
0.111448
0.118022
0.143654
0.120193
0.121556
0.144773
0.142711
0.121778
0.109270
0.131662
0.129287
0.124465
0.127149
0.124949
0.138012
0.133296
0.152126
0.148273
0.146120
0.163300
0.145035
0.142433
0.130225
0.107258
0.106693
0.111773
0.132497
0.147014
0.143437
0.151042
0.156491
0.151165
0.146630
0.139233
0.138653
0.145651
0.152558
0.150334
0.142805
0.143962
0.143447
0.151258
0.156332
0.157663
0.148918
0.150211
0.151840
0.153439
0.159224
0.158976
0.161331
0.170334
0.180165
0.167980
0.181064
0.179400
0.155386
0.133257
0.119764
0.100677
0.101758
0.121824
0.100307
0.105794
0.098516
0.099474
0.095827
0.103132
0.107722
0.107449
0.107489
0.101530
0.091620
0.100528
0.091990
0.080142
0.080441
0.091238
0.093688
0.096173
0.090763
0.091264
0.086281
0.097383
0.079794
0.102407
0.120760
0.137336
0.164492
0.134511
0.125665
0.124393
0.100103
0.086497
0.088995
0.091582
0.120237
0.095391
0.089940
0.080870
0.085921
0.088496
0.096332
0.105946
0.097133
0.099330
0.105275
0.098808
0.100429
0.098852
0.099269
0.106156
0.104219
0.098513
0.104682
0.106612
0.108357
0.102800
0.093577
0.095162
0.104064
0.106449
0.102700
0.105522
0.103363
0.101438
0.096878
0.102430
0.093417
0.072554
0.064412
0.070697
0.082124
0.091466
0.076819
0.068386
0.086544
0.083103
0.084904
0.101103
0.106107
0.105870
0.105040
0.097322
0.098806
0.099613
0.090758
0.079787
0.090311
0.088480
0.088977
0.094149
0.088096
0.088583
0.092653
0.092416
0.089141
0.081915
0.085657
0.099963
0.089721
0.087464
0.070190
0.079116
0.074939
0.086248
0.094140
0.100719
0.112369
0.099892
0.119970
0.104105
0.109675
0.097983
0.106867
0.108342
0.126483
0.135656
0.116514
0.143382
0.131330
0.160860
0.164642
0.164322
0.169186
0.167285
0.151173
0.169539
0.168684
0.173991
0.171620
0.176119
0.176177
0.177228
0.184223
0.189035
0.182696
0.189581
0.180163
0.178152
0.174542
0.167579
0.164183
0.165855
0.171295
0.172353
0.176453
0.167050
0.175088
0.178362
0.186450
0.173784
0.184010
0.161292
0.189098
0.166376
0.158359
0.167692
0.157464
0.171195
0.184745
0.195069
0.174540
0.184403
0.161623
0.152432
0.153590
0.172753
0.153586
0.177171
0.191762
0.179329
0.162239
0.169649
0.172045
0.174018
0.174931
0.169703
0.181791
0.173116
0.155260
0.165557
0.156965
0.158218
0.156329
0.152873
0.161355
0.160504
0.152859
0.149057
0.147694
0.152457
0.151482
0.148883
0.140758
0.137456
0.145558
0.127033
0.135780
0.136596
0.143679
0.141668
0.156509
0.164137
0.158513
0.153041
0.152087
0.150589
0.148095
0.142912
0.148088
0.152011
0.151941
0.148532
0.148986
0.152967
0.150108
0.148147
0.128860
0.137916
0.140915
0.125501
0.135778
0.149981
0.142714
0.130717
0.127234
0.145285
0.149274
0.149460
0.151952
0.153726
0.154474
0.153910
0.159907
0.159549
0.148621
0.127371
0.135691
0.136136
0.143352
0.147738
0.158663
0.159398
0.161691
0.158500
0.160188
0.154132
0.159811
0.159816
0.152759
0.159804
0.156557
0.155056
0.151220
0.162277
0.152024
0.141356
0.146169
0.141483
0.141040
0.148797
0.159456
0.159648
0.163956
0.175805
0.160029
0.148263
0.153648
0.152840
0.140538
0.138537
0.138404
0.142464
0.138919
0.134746
0.139124
0.125433
0.125048
0.138965
0.135046
0.117817
0.134876
0.120158
0.126896
0.122361
0.117157
0.135444
0.132433
0.133415
0.156998
0.176644
0.197159
0.188930
0.158163
0.183114
0.181425
0.192146
0.169828
0.158018
0.160017
0.137574
0.138339
0.130446
0.150789
0.151873
0.146014
0.155700
0.164674
0.142727
0.153901
0.150457
0.156945
0.163929
0.152069
0.163395
0.161109
0.156080
0.153857
0.149618
0.161685
0.148599
0.137041
0.118169
0.138670
0.123708
0.100119
0.110306
0.097883
0.099499
0.088646
0.090398
0.081076
0.079776
0.088026
0.096159
0.095863
0.088565
0.092511
0.083223
0.084631
0.083256
0.086640
0.090446
0.086275
0.090126
0.089794
0.092438
0.085086
0.079065
0.087943
0.093207
0.094909
0.093101
0.086141
0.091293
0.091744
0.085881
0.077624
0.076366
0.075591
0.079465
0.090473
0.100573
0.116619
0.136167
0.120502
0.137502
0.134953
0.127627
0.155292
0.149227
0.152081
0.153584
0.132833
0.131820
0.125162
0.107390
0.125697
0.120629
0.126938
0.121364
0.123518
0.124140
0.138836
0.131286
0.121482
0.139097
0.160748
0.142086
0.146575
0.129473
0.122391
0.123185
0.121895
0.127045
0.139313
0.175547
0.140983
0.152635
0.152775
0.139438
0.161303
0.183251
0.186878
0.189440
0.171262
0.160636
0.145360
0.133032
0.120216
0.159134
0.119445
0.080900
0.096875
0.095727
0.103124
0.080817
0.082612
0.101236
0.103002
0.134236
0.125487
0.161265
0.174434
0.197810
0.182100
0.177400
0.168752
0.175568
0.178650
0.180467
0.171893
0.138513
0.150931
0.161195
0.143554
0.165731
0.137432
0.108900
0.078657
0.093570
0.088834
0.081187
0.111136
0.097079
0.112974
0.124716
0.124232
0.150990
0.137281
0.152850
0.134319
0.109596
0.114195
0.132774
0.115507
0.110165
0.132967
0.140941
0.110979
0.117825
0.127995
0.101543
0.112928
0.107098
0.109525
0.109971
0.128150
0.156821
0.137087
0.115221
0.117621
0.131904
0.116168
0.103350
0.100185
0.091639
0.079709
0.089686
0.100269
0.106664
0.095281
0.106829
0.099756
0.096725
0.105191
0.107162
0.102554
0.093737
0.103034
0.106033
0.101780
0.100580
0.105225
0.121228
0.118971
0.100753
0.101164
0.111572
0.103477
0.107241
0.097509
0.132033
0.160333
0.138318
0.132565
0.117919
0.131039
0.159356
0.153179
0.110356
0.079402
0.088595
0.119455
0.143031
0.148074
0.139226
0.164373
0.198965
0.185216
0.165177
0.171666
0.140478
0.165694
0.151137
0.096706
0.146674
0.138052
0.141822
0.123173
0.117623
0.119447
0.103225
0.111925
0.115241
0.099777
0.116363
0.127688
0.120028
0.109209
0.107088
0.122652
0.122886
0.093970
0.096318
0.102387
0.112288
0.109691
0.098154
0.108408
0.115029
0.128524
0.109271
0.099277
0.091177
0.086577
0.087299
0.091479
0.089484
0.089728
0.090795
0.085117
0.089545
0.087616
0.080211
0.093774
0.096395
0.091182
0.094839
0.096857
0.113469
0.092911
0.102328
0.103383
0.092546
0.084674
0.089630
0.095433
0.094686
0.110540
0.099872
0.097027
0.099729
0.092178
0.090418
0.085335
0.084734
0.096190
0.089170
0.090494
0.089884
0.092911
0.087532
0.094665
0.102161
0.091740
0.095700
0.091257
0.091049
0.102844
0.094594
0.094848
0.101202
0.113139
0.111089
0.105623
0.091948
0.106771
0.134885
0.156621
0.156657
0.154573
0.177543
0.182590
0.174488
0.137139
0.138735
0.168292
0.196097
0.200734
0.202041
0.201109
0.199039
0.192567
0.167221
0.127518
0.149293
0.191443
0.169415
0.172256
0.158319
0.146818
0.117996
0.123113
0.108350
0.114292
0.118206
0.121034
0.105400
0.118910
0.121742
0.125695
0.121513
0.126238
0.119791
0.117495
0.119774
0.134159
0.146367
0.154068
0.153648
0.153888
0.154878
0.145677
0.141561
0.138637
0.124420
0.116688
0.116673
0.124977
0.128954
0.135366
0.137695
0.143464
0.138026
0.144249
0.152830
0.153249
0.157557
0.158213
0.151870
0.153357
0.161026
0.151674
0.135953
0.144518
0.141862
0.130617
0.149188
0.150182
0.143528
0.142536
0.160165
0.149844
0.164760
0.166523
0.153015
0.154067
0.154480
0.158867
0.161481
0.153313
0.167210
0.158617
0.132882
0.152935
0.144809
0.148142
0.149113
0.133865
0.117495
0.146030
0.164631
0.159979
0.159711
0.156248
0.164232
0.140674
0.157119
0.167664
0.165292
0.157402
0.161221
0.154646
0.165791
0.170061
0.168299
0.175179
0.189117
0.178670
0.168387
0.155936
0.151406
0.142100
0.135828
0.146054
0.146412
0.156385
0.152250
0.147404
0.144401
0.154019
0.160518
0.157667
0.166080
0.160982
0.165648
0.168037
0.176030
0.175321
0.186473
0.179524
0.163560
0.161594
0.153598
0.153085
0.152856
0.156197
0.164157
0.171188
0.170944
0.176417
0.177701
0.172510
0.180544
0.181851
0.188063
0.198458
0.187348
0.167314
0.174253
0.180659
0.183797
0.184683
0.189760
0.182636
0.189056
0.197764
0.192724
0.176613
0.160364
0.147181
0.148462
0.139541
0.155588
0.166152
0.168294
0.157984
0.148248
0.154741
0.146693
0.147141
0.144133
0.144402
0.154862
0.158520
0.154265
0.142692
0.138980
0.150452
0.155513
0.139269
0.137625
0.135932
0.140833
0.138695
0.141064
0.138655
0.137413
0.136623
0.132573
0.120855
0.120915
0.119591
0.116842
0.139441
0.165887
0.192392
0.199304
0.197046
0.197825
0.197886
0.181576
0.161127
0.133111
0.151310
0.148086
0.188513
0.151543
0.134003
0.132232
0.116643
0.121387
0.118227
0.121733
0.119394
0.128845
0.117641
0.126815
0.129483
0.133706
0.134841
0.126547
0.123009
0.123936
0.117802
0.129150
0.136518
0.134203
0.141213
0.133234
0.138686
0.148710
0.141211
0.149249
0.154748
0.164813
0.169117
0.156343
0.152000
0.141367
0.143109
0.127223
0.136975
0.123635
0.134737
0.132653
0.137304
0.129007
0.132856
0.128236
0.119053
0.116539
0.117045
0.122252
0.136773
0.140857
0.126296
0.131287
0.122736
0.123967
0.120136
0.122019
0.126084
0.108228
0.099739
0.098420
0.107945
0.105268
0.113006
0.117384
0.149711
0.146398
0.141361
0.127075
0.117683
0.124659
0.153075
0.156128
0.175194
0.188586
0.192055
0.198103
0.193925
0.199592
0.183842
0.176386
0.176572
0.178437
0.177978
0.179397
0.179163
0.167861
0.175978
0.185117
0.180245
0.170052
0.183015
0.172129
0.165139
0.159055
0.169568
0.167734
0.159654
0.153822
0.144780
0.140183
0.132837
0.149768
0.157886
0.159130
0.163458
0.153848
0.165370
0.157840
0.154637
0.159634
0.158537
0.158998
0.148208
0.158873
0.158394
0.158077
0.150050
0.155375
0.154584
0.155279
0.151021
0.148692
0.148132
0.150806
0.150374
0.140587
0.145501
0.152180
0.157624
0.159525
0.159392
0.162764
0.160544
0.152190
0.150764
0.153516
0.156808
0.159193
0.158911
0.150392
0.158905
0.159942
0.158341
0.158835
0.159892
0.156267
0.148093
0.141414
0.122776
0.129977
0.115452
0.098917
0.106042
0.105752
0.124144
0.107879
0.125079
0.123229
0.130520
0.130611
0.125104
0.132477
0.133170
0.130453
0.116921
0.119780
0.128475
0.146564
0.157896
0.165393
0.154068
0.153221
0.153273
0.153838
0.153028
0.154488
0.152505
0.154007
0.154201
0.154692
0.152964
0.155137
0.156129
0.150164
0.149167
0.152949
0.148817
0.162842
0.160253
0.168915
0.170601
0.164374
0.168456
0.166449
0.174811
0.164185
0.167413
0.174261
0.169655
0.160946
0.150950
0.155120
0.155917
0.152943
0.148172
0.145455
0.129140
0.100855
0.083045
0.068638
0.076268
0.069162
0.069456
0.078984
0.079796
0.091969
0.098893
0.094892
0.082835
0.073775
0.076946
0.077262
0.079244
0.079185
0.086625
0.088074
0.081153
0.082325
0.080363
0.087311
0.090547
0.092912
0.089948
0.090415
0.088542
0.087108
0.091436
0.088185
0.089355
0.093137
0.091750
0.091098
0.087642
0.090368
0.092651
0.103969
0.122844
0.122480
0.130729
0.165174
0.175888
0.155704
0.125950
0.117178
0.122565
0.126575
0.116311
0.129526
0.143228
0.133165
0.165784
0.183690
0.163467
0.138088
0.147398
0.156164
0.155650
0.163861
0.181851
0.174935
0.158389
0.146298
0.149822
0.142784
0.152857
0.145334
0.139749
0.135568
0.136911
0.153856
0.160653
0.158325
0.155383
0.149907
0.128250
0.130727
0.133590
0.136423
0.139427
0.139607
0.139425
0.140652
0.139273
0.146040
0.162650
0.164238
0.171869
0.170132
0.167753
0.151133
0.139452
0.142077
0.152989
0.161681
0.174046
0.150301
0.150029
0.157924
0.149682
0.168584
0.180748
0.185886
0.181049
0.179506
0.171155
0.162186
0.170469
0.169351
0.169765
0.155420
0.153442
0.172859
0.169891
0.155185
0.190117
0.179320
0.174923
0.162784
0.156694
0.152096
0.159504
0.169729
0.165498
0.156673
0.143810
0.145556
0.140964
0.145642
0.142117
0.150065
0.161758
0.165230
0.161136
0.156814
0.164333
0.157105
0.171307
0.141343
0.160796
0.160475
0.181210
0.165429
0.183570
0.186934
0.201749
0.187977
0.172983
0.185149
0.193524
0.200409
0.202154
0.191601
0.178683
0.196340
0.181960
0.199352
0.191008
0.158005
0.152253
0.124814
0.118255
0.128307
0.122064
0.122958
0.122269
0.117471
0.119767
0.134176
0.148921
0.149381
0.159672
0.160092
0.148553
0.164198
0.167411
0.167047
0.161263
0.166253
0.163165
0.166961
0.163682
0.163536
0.153415
0.166594
0.160571
0.133029
0.120757
0.112839
0.135693
0.134726
0.154529
0.150731
0.132963
0.121881
0.134419
0.116326
0.112536
0.125086
0.136215
0.102382
0.100387
0.097536
0.089164
0.075522
0.098772
0.085850
0.082532
0.076145
0.077629
0.083694
0.080515
0.069830
0.065048
0.064975
0.066983
0.065736
0.064878
0.071301
0.069535
0.070289
0.067042
0.069818
0.077137
0.075964
0.076520
0.077132
0.082661
0.089880
0.088950
0.090265
0.087820
0.090686
0.087772
0.087192
0.085660
0.092263
0.091827
0.087043
0.084469
0.086369
0.089929
0.089687
0.092551
0.090609
0.093662
0.092380
0.090732
0.087037
0.089014
0.086601
0.087244
0.081628
0.084501
0.088093
0.081915
0.082940
0.089373
0.088778
0.090275
0.082880
0.082527
0.085717
0.093010
0.103075
0.106781
0.106426
0.101158
0.101611
0.104333
0.107005
0.106813
0.108344
0.104667
0.096494
0.098956
0.104747
0.104490
0.098864
0.091318
0.086187
0.089678
0.090713
0.080254
0.074258
0.091446
0.089195
0.093466
0.092309
0.092273
0.104735
0.102511
0.097822
0.098371
0.102845
0.103490
0.103856
0.104546
0.104242
0.108044
0.104538
0.101942
0.097769
0.099555
0.104814
0.099021
0.099736
0.098284
0.100994
0.108285
0.101488
0.109551
0.105735
0.115087
0.123402
0.125251
0.143596
0.143591
0.146607
0.154857
0.168502
0.164621
0.165190
0.155341
0.152611
0.156347
0.163755
0.141297
0.163400
0.170204
0.155497
0.172086
0.165971
0.173588
0.171541
0.167505
0.164904
0.168726
0.158928
0.151512
0.166860
0.169145
0.170812
0.164529
0.161769
0.137166
0.122335
0.110386
0.079310
0.077292
0.084032
0.109706
0.112456
0.102699
0.100131
0.103923
0.146295
0.172166
0.176988
0.146029
0.186513
0.188668
0.160598
0.192128
0.171412
0.136531
0.120864
0.133492
0.131308
0.125820
0.133904
0.123971
0.129433
0.125655
0.132410
0.140189
0.120437
0.147971
0.131019
0.135231
0.153200
0.164028
0.168698
0.168608
0.166511
0.166827
0.163733
0.170139
0.173562
0.172198
0.166070
0.175433
0.172079
0.163136
0.171306
0.179083
0.168622
0.170350
0.164296
0.165751
0.169263
0.179769
0.176095
0.172394
0.184384
0.176686
0.174156
0.165397
0.177445
0.193545
0.198318
0.198317
0.196367
0.199006
0.192758
0.198655
0.191316
0.193684
0.185954
0.172705
0.172678
0.175216
0.176943
0.165580
0.167442
0.152684
0.163492
0.169074
0.176576
0.156695
0.144947
0.159557
0.168391
0.175176
0.160607
0.159456
0.147406
0.140313
0.139051
0.142678
0.142667
0.140889
0.146847
0.145875
0.153142
0.159617
0.155762
0.140074
0.150427
0.140531
0.138919
0.138251
0.142666
0.136158
0.142511
0.153577
0.153933
0.146273
0.156967
0.155588
0.138878
0.145922
0.156667
0.172511
0.165929
0.162337
0.142432
0.159204
0.165306
0.162194
0.146559
0.160971
0.168451
0.184679
0.182296
0.193763
0.197960
0.183876
0.185651
0.182985
0.185924
0.198746
0.192972
0.182551
0.193437
0.185814
0.179955
0.193763
0.196323
0.178777
0.161720
0.160504
0.158775
0.169443
0.169716
0.170134
0.161357
0.160448
0.169952
0.169611
0.165985
0.169365
0.167115
0.157269
0.137955
0.131316
0.107916
0.120524
0.128894
0.131074
0.125206
0.128074
0.143083
0.141100
0.151504
0.167636
0.168116
0.156034
0.166527
0.156233
0.165004
0.152495
0.117663
0.130459
0.146126
0.114181
0.131654
0.101990
0.121313
0.105824
0.116315
0.131070
0.146577
0.152178
0.136736
0.139747
0.145352
0.142677
0.132983
0.128417
0.149934
0.127454
0.152402
0.159506
0.155706
0.171117
0.179089
0.172178
0.166933
0.176682
0.172125
0.160774
0.169901
0.182156
0.184811
0.176003
0.171836
0.177202
0.172557
0.176563
0.170280
0.157287
0.163217
0.182652
0.166642
0.163257
0.163859
0.169674
0.166333
0.171218
0.170965
0.159595
0.168415
0.177161
0.178407
0.174863
0.168246
0.166606
0.152129
0.142414
0.149923
0.140836
0.148621
0.165020
0.168661
0.166573
0.157532
0.167125
0.164789
0.161136
0.156433
0.159649
0.166174
0.155955
0.161618
0.146955
0.165366
0.161928
0.166708
0.160793
0.153338
0.133835
0.160836
0.168764
0.169855
0.165501
0.166751
0.148484
0.163644
0.157616
0.136093
0.127579
0.128925
0.155103
0.147162
0.152724
0.152404
0.150255
0.125743
0.105663
0.089883
0.085457
0.099429
0.102574
0.108253
0.137026
0.121606
0.120409
0.129525
0.121138
0.120544
0.124751
0.143509
0.154632
0.158553
0.158543
0.147684
0.153577
0.146789
0.144011
0.127399
0.138318
0.132288
0.133807
0.125968
0.123325
0.116291
0.116907
0.134754
0.174287
0.152474
0.161605
0.144876
0.127092
0.118341
0.133011
0.132107
0.112278
0.121004
0.138062
0.147913
0.168483
0.174034
0.167564
0.192567
0.179100
0.162956
0.175705
0.143305
0.115364
0.101714
0.115200
0.091968
0.086998
0.078648
0.078440
0.076241
0.077984
0.082891
0.084141
0.081734
0.077847
0.076434
0.077452
0.081246
0.088655
0.101539
0.088582
0.080333
0.082100
0.075840
0.075875
0.079019
0.076768
0.080503
0.081061
0.076059
0.079759
0.102037
0.100767
0.102446
0.100429
0.104137
0.106175
0.100066
0.108599
0.107300
0.106959
0.104350
0.104707
0.102563
0.095349
0.105378
0.108805
0.107937
0.108174
0.107726
0.106183
0.107287
0.107366
0.106307
0.102487
0.106916
0.108265
0.107052
0.096411
0.097958
0.094488
0.108405
0.103438
0.101430
0.090187
0.094242
0.095189
0.102152
0.103350
0.102113
0.098065
0.101679
0.098783
0.099810
0.103976
0.104474
0.097900
0.103758
0.100869
0.094757
0.093632
0.098362
0.094380
0.091613
0.094175
0.091487
0.106791
0.096220
0.084492
0.089868
0.105720
0.099415
0.089639
0.097901
0.103809
0.108182
0.107154
0.103207
0.103873
0.103644
0.102050
0.108704
0.108284
0.106289
0.107820
0.105677
0.105945
0.098516
0.091261
0.102056
0.098980
0.087220
0.090894
0.087050
0.095629
0.094643
0.097833
0.099985
0.083588
0.078215
0.075796
0.067591
0.080937
0.104889
0.104093
0.081097
0.075920
0.094884
0.091659
0.100371
0.101908
0.097825
0.081122
0.078851
0.094460
0.094837
0.094114
0.094585
0.093418
0.093265
0.084728
0.092721
0.083165
0.089786
0.084880
0.088734
0.093091
0.094057
0.085186
0.093153
0.087784
0.098289
0.090277
0.083183
0.088191
0.095754
0.097050
0.120836
0.115613
0.129663
0.152210
0.147491
0.141505
0.142325
0.161773
0.150912
0.167582
0.154151
0.167228
0.176473
0.161640
0.152105
0.161115
0.174312
0.166358
0.159021
0.158380
0.151592
0.161128
0.162108
0.142399
0.119111
0.100626
0.106543
0.119570
0.109019
0.106378
0.100572
0.130535
0.112706
0.104934
0.107712
0.095842
0.087704
0.084349
0.093756
0.103571
0.092784
0.087105
0.082760
0.099681
0.079953
0.080291
0.103853
0.114552
0.129986
0.122312
0.137046
0.134830
0.131442
0.128339
0.098818
0.104538
0.128627
0.104643
0.125800
0.138651
0.135494
0.148875
0.142720
0.132889
0.129738
0.124967
0.093964
0.129953
0.148138
0.134042
0.136090
0.120820
0.141104
0.125896
0.118103
0.094847
0.091328
0.080526
0.084895
0.086925
0.090680
0.097824
0.103773
0.114150
0.125204
0.120178
0.128922
0.115789
0.122154
0.130495
0.119645
0.108049
0.117074
0.114189
0.101053
0.116616
0.128218
0.128887
0.138186
0.151865
0.161703
0.165669
0.172565
0.171289
0.159271
0.175263
0.190108
0.184420
0.197201
0.182008
0.196216
0.177357
0.189323
0.174888
0.170044
0.167438
0.168722
0.162017
0.168782
0.179176
0.170738
0.170011
0.173177
0.177258
0.170560
0.165194
0.160503
0.174783
0.162926
0.153196
0.149985
0.135631
0.124126
0.123383
0.124511
0.128365
0.151486
0.158767
0.153696
0.159077
0.144258
0.146906
0.147914
0.153552
0.166588
0.166981
0.168100
0.162506
0.159735
0.143110
0.160354
0.139131
0.141469
0.146058
0.155486
0.130959
0.122089
0.107619
0.114977
0.144117
0.158882
0.141887
0.133735
0.145351
0.146017
0.136400
0.126547
0.148653
0.141839
0.122653
0.122159
0.119044
0.121345
0.131361
0.154363
0.167439
0.165194
0.166548
0.167765
0.153535
0.161406
0.166542
0.161826
0.164191
0.154318
0.166512
0.153142
0.160151
0.166560
0.166522
0.162208
0.154982
0.151246
0.136293
0.136559
0.127884
0.125430
0.129689
0.121175
0.117713
0.136298
0.119714
0.118745
0.138071
0.153067
0.152715
0.131951
0.163939
0.182031
0.187560
0.196182
0.189760
0.165358
0.162836
0.152873
0.139674
0.165496
0.163461
0.161814
0.130017
0.156201
0.127938
0.126844
0.121743
0.124523
0.120843
0.128920
0.127775
0.143702
0.150265
0.142043
0.122743
0.141195
0.128126
0.119822
0.122375
0.129169
0.132602
0.163224
0.180802
0.180222
0.152861
0.149328
0.168151
0.199215
0.199942
0.200810
0.179145
0.197069
0.181215
0.175813
0.160900
0.178733
0.163521
0.175486
0.166134
0.173491
0.171874
0.188401
0.183110
0.153515
0.137949
0.127291
0.121585
0.132025
0.151996
0.150790
0.165143
0.185615
0.178764
0.159570
0.193906
0.198967
0.193540
0.199716
0.199651
0.202130
0.197153
0.197040
0.198172
0.174099
0.149352
0.122193
0.119632
0.128310
0.117394
0.128493
0.124199
0.131887
0.125240
0.125013
0.139331
0.131218
0.140375
0.133395
0.117951
0.116448
0.115965
0.124585
0.123355
0.138084
0.134860
0.137547
0.125724
0.116054
0.127014
0.125031
0.130274
0.129693
0.121544
0.131466
0.137642
0.119677
0.133009
