167
187
162
174
18
194
161
192
173
167
184
185
225
161
192
174
196
228
181
181
181
214
138
193
188
177
207
171
169
162
198
206
173
18
199
219
203
188
186
173
186
234
214
190
189
175
177
140
180
183
189
181
183
144
173
209
205
183
207
18
208
185
193
217
18
18
203
18
173
187
190
181
210
181
7
212
197
183
194
176
186
190
210
171
180
183
207
209
181
18
193
199
18
226
204
176
190
212
155
7
198
189
176
171
184
190
18
167
160
207
209
18
194
18
220
179
180
179
147
221
186
202
201
155
18
198
160
18
196
159
187
205
200
211
186
