0.078459 0.000000 0.996917 0.141380 
-0.039230 0.067948 0.996917 0.135455 
0.233445 0.000000 0.972370 0.161360 
0.178830 0.150056 0.972370 0.146678 
0.040537 0.229899 0.972370 0.129980 
-0.116723 0.202170 0.972370 0.127625 
-0.219367 0.079843 0.972370 0.134934 
-0.219367 -0.079843 0.972370 0.141462 
-0.116723 -0.202170 0.972370 0.141334 
0.040537 -0.229899 0.972370 0.144617 
0.382683 0.000000 0.923880 0.186242 
0.349599 0.155651 0.923880 0.175201 
0.256065 0.284389 0.923880 0.155093 
0.118256 0.363954 0.923880 0.132320 
-0.040001 0.380587 0.923880 0.119650 
-0.191342 0.331414 0.923880 0.116683 
-0.309597 0.224936 0.923880 0.122347 
-0.374321 0.079564 0.923880 0.133995 
-0.374321 -0.079564 0.923880 0.141993 
-0.309597 -0.224936 0.923880 0.141233 
-0.191342 -0.331414 0.923880 0.137991 
-0.040001 -0.380587 0.923880 0.136823 
0.118256 -0.363954 0.923880 0.149406 
0.256065 -0.284389 0.923880 0.174137 
0.522499 0.000000 0.852640 0.200354 
0.499285 0.154009 0.852640 0.192917 
0.431709 0.294334 0.852640 0.179950 
0.325773 0.408506 0.852640 0.158666 
0.190890 0.486380 0.852640 0.136195 
0.039046 0.521038 0.852640 0.119150 
-0.116267 0.509398 0.852640 0.109705 
-0.261249 0.452497 0.852640 0.106784 
-0.383019 0.355389 0.852640 0.110985 
-0.470755 0.226704 0.852640 0.120965 
-0.516663 0.077874 0.852640 0.135165 
-0.516663 -0.077874 0.852640 0.145644 
-0.470755 -0.226704 0.852640 0.145983 
-0.383019 -0.355389 0.852640 0.140807 
-0.261249 -0.452497 0.852640 0.132943 
-0.116267 -0.509398 0.852640 0.127908 
0.039046 -0.521038 0.852640 0.132720 
0.190890 -0.486380 0.852640 0.154504 
0.325773 -0.408506 0.852640 0.182335 
0.431709 -0.294334 0.852640 0.201338 
0.649448 0.000000 0.760406 0.207421 
0.630576 0.155423 0.760406 0.200908 
0.575058 0.301814 0.760406 0.190135 
0.486119 0.430664 0.760406 0.172746 
0.368929 0.534485 0.760406 0.154427 
0.230297 0.607244 0.760406 0.137965 
0.078282 0.644713 0.760406 0.122161 
-0.078282 0.644713 0.760406 0.109945 
-0.230297 0.607244 0.760406 0.103768 
-0.368929 0.534485 0.760406 0.104136 
-0.486119 0.430664 0.760406 0.106427 
-0.575058 0.301814 0.760406 0.114006 
-0.630576 0.155423 0.760406 0.127545 
-0.649448 -0.000000 0.760406 0.142934 
-0.630576 -0.155423 0.760406 0.152179 
-0.575058 -0.301814 0.760406 0.154173 
-0.486119 -0.430664 0.760406 0.147134 
-0.368929 -0.534485 0.760406 0.133182 
-0.230297 -0.607244 0.760406 0.122019 
-0.078282 -0.644713 0.760406 0.117318 
0.078282 -0.644713 0.760406 0.126815 
0.230297 -0.607244 0.760406 0.151407 
0.368929 -0.534485 0.760406 0.179727 
0.486119 -0.430664 0.760406 0.200551 
0.575058 -0.301814 0.760406 0.212061 
0.760406 0.000000 0.649448 0.209203 
0.743789 0.158097 0.649448 0.202688 
0.694665 0.309285 0.649448 0.190835 
0.615181 0.446955 0.649448 0.174149 
0.508811 0.565092 0.649448 0.157783 
0.380203 0.658531 0.649448 0.145674 
0.234978 0.723189 0.649448 0.134411 
0.079484 0.756240 0.649448 0.123594 
-0.079484 0.756240 0.649448 0.113714 
-0.234978 0.723189 0.649448 0.108536 
-0.380203 0.658531 0.649448 0.108100 
-0.508811 0.565092 0.649448 0.107218 
-0.615181 0.446955 0.649448 0.107837 
-0.694665 0.309285 0.649448 0.112528 
-0.743789 0.158097 0.649448 0.123531 
-0.760406 0.000000 0.649448 0.138506 
-0.743789 -0.158097 0.649448 0.152147 
-0.694665 -0.309285 0.649448 0.159511 
-0.615181 -0.446955 0.649448 0.156161 
-0.508811 -0.565092 0.649448 0.142595 
-0.380203 -0.658531 0.649448 0.125142 
-0.234978 -0.723189 0.649448 0.111307 
-0.079484 -0.756240 0.649448 0.106122 
0.079484 -0.756240 0.649448 0.115116 
0.234978 -0.723189 0.649448 0.139919 
0.380203 -0.658531 0.649448 0.170632 
0.508811 -0.565092 0.649448 0.193350 
0.615181 -0.446955 0.649448 0.207440 
0.694665 -0.309285 0.649448 0.217632 
0.852640 0.000000 0.522499 0.202298 
0.838122 0.156672 0.522499 0.195484 
0.795063 0.308009 0.522499 0.181687 
0.724929 0.448857 0.522499 0.163788 
0.630109 0.574420 0.522499 0.147257 
0.513830 0.680422 0.522499 0.137014 
0.380054 0.763252 0.522499 0.128899 
0.233336 0.820091 0.522499 0.124547 
0.078672 0.849003 0.522499 0.121730 
-0.078672 0.849003 0.522499 0.118071 
-0.233336 0.820091 0.522499 0.116545 
-0.380054 0.763252 0.522499 0.117274 
-0.513830 0.680422 0.522499 0.115321 
-0.630109 0.574420 0.522499 0.111892 
-0.724929 0.448857 0.522499 0.109499 
-0.795063 0.308009 0.522499 0.109965 
-0.838122 0.156672 0.522499 0.116857 
-0.852640 0.000000 0.522499 0.130281 
-0.838122 -0.156672 0.522499 0.146081 
-0.795063 -0.308009 0.522499 0.156794 
-0.724929 -0.448857 0.522499 0.157482 
-0.630109 -0.574420 0.522499 0.149416 
-0.513830 -0.680422 0.522499 0.134884 
-0.380054 -0.763252 0.522499 0.117368 
-0.233336 -0.820091 0.522499 0.102993 
-0.078672 -0.849003 0.522499 0.098098 
0.078672 -0.849003 0.522499 0.105892 
0.233336 -0.820091 0.522499 0.128207 
0.380054 -0.763252 0.522499 0.158147 
0.513830 -0.680422 0.522499 0.183052 
0.630109 -0.574420 0.522499 0.198635 
0.724929 -0.448857 0.522499 0.207930 
0.795063 -0.308009 0.522499 0.214464 
0.923880 0.000000 0.382683 0.188205 
0.910590 0.156136 0.382683 0.180495 
0.871105 0.307781 0.382683 0.164586 
0.806560 0.450571 0.382683 0.145317 
0.718811 0.580400 0.382683 0.126373 
0.610384 0.693531 0.382683 0.115665 
0.484397 0.786710 0.382683 0.108078 
0.344474 0.857258 0.382683 0.106062 
0.194642 0.903143 0.382683 0.110236 
0.039211 0.923047 0.382683 0.115664 
-0.117349 0.916397 0.382683 0.119157 
-0.270533 0.883383 0.382683 0.121626 
-0.415934 0.824956 0.382683 0.124123 
-0.549369 0.742796 0.382683 0.121010 
-0.667000 0.639268 0.382683 0.114735 
-0.765443 0.517349 0.382683 0.107750 
-0.841865 0.380547 0.382683 0.103188 
-0.894069 0.232797 0.382683 0.103583 
-0.920551 0.078350 0.382683 0.110222 
-0.920551 -0.078350 0.382683 0.125602 
-0.894069 -0.232797 0.382683 0.141609 
-0.841865 -0.380547 0.382683 0.150647 
-0.765443 -0.517349 0.382683 0.151475 
-0.667000 -0.639268 0.382683 0.145168 
-0.549369 -0.742796 0.382683 0.133638 
-0.415934 -0.824956 0.382683 0.117866 
-0.270533 -0.883383 0.382683 0.102679 
-0.117349 -0.916397 0.382683 0.096148 
0.039211 -0.923047 0.382683 0.099740 
0.194642 -0.903143 0.382683 0.116027 
0.344474 -0.857258 0.382683 0.140553 
0.484397 -0.786710 0.382683 0.163174 
0.610384 -0.693531 0.382683 0.179753 
0.718811 -0.580400 0.382683 0.191300 
0.806560 -0.450571 0.382683 0.197556 
0.871105 -0.307781 0.382683 0.201141 
0.972370 0.000000 0.233445 0.169187 
0.959778 0.155979 0.233445 0.161087 
0.922328 0.307918 0.233445 0.144660 
0.860991 0.451883 0.233445 0.124653 
0.777354 0.584144 0.233445 0.104416 
0.673584 0.701276 0.233445 0.090738 
0.552369 0.800245 0.233445 0.082651 
0.416848 0.878488 0.233445 0.081462 
0.270530 0.933979 0.233445 0.087713 
0.117206 0.965280 0.233445 0.099325 
-0.039153 0.971581 0.233445 0.110773 
-0.194499 0.952719 0.233445 0.119043 
-0.344807 0.909182 0.233445 0.125276 
-0.486185 0.842097 0.233445 0.126396 
-0.614971 0.753203 0.233445 0.121340 
-0.727829 0.644801 0.233445 0.112354 
-0.821837 0.519698 0.233445 0.102134 
-0.894560 0.381137 0.233445 0.093976 
-0.944115 0.232703 0.233445 0.090384 
-0.969217 0.078243 0.233445 0.094140 
-0.969217 -0.078243 0.233445 0.108061 
-0.944115 -0.232703 0.233445 0.125466 
-0.894560 -0.381137 0.233445 0.138312 
-0.821837 -0.519698 0.233445 0.142898 
-0.727829 -0.644801 0.233445 0.140164 
-0.614971 -0.753203 0.233445 0.132308 
-0.486185 -0.842097 0.233445 0.119995 
-0.344807 -0.909182 0.233445 0.105618 
-0.194499 -0.952719 0.233445 0.096793 
-0.039153 -0.971581 0.233445 0.096904 
0.117206 -0.965280 0.233445 0.105696 
0.270530 -0.933979 0.233445 0.123710 
0.416848 -0.878488 0.233445 0.142087 
0.552369 -0.800245 0.233445 0.155125 
0.673584 -0.701276 0.233445 0.164399 
0.777354 -0.584144 0.233445 0.172630 
0.860991 -0.451883 0.233445 0.177421 
0.922328 -0.307918 0.233445 0.179696 
0.996917 0.000000 0.078459 0.158915 
0.984644 0.155952 0.078459 0.148619 
0.948125 0.308064 0.078459 0.131117 
0.888260 0.452591 0.078459 0.108683 
0.806523 0.585973 0.078459 0.087376 
0.704927 0.704927 0.078459 0.072141 
0.585973 0.806523 0.078459 0.063332 
0.452591 0.888260 0.078459 0.062238 
0.308064 0.948125 0.078459 0.069358 
0.155952 0.984644 0.078459 0.083254 
0.000000 0.996917 0.078459 0.100874 
-0.155952 0.984644 0.078459 0.115529 
-0.308064 0.948125 0.078459 0.126451 
-0.452591 0.888260 0.078459 0.131279 
-0.585973 0.806523 0.078459 0.127066 
-0.704927 0.704927 0.078459 0.117207 
-0.806523 0.585973 0.078459 0.103538 
-0.888260 0.452591 0.078459 0.089822 
-0.948125 0.308064 0.078459 0.078542 
-0.984644 0.155952 0.078459 0.074471 
-0.996917 0.000000 0.078459 0.082675 
-0.984644 -0.155952 0.078459 0.097793 
-0.948125 -0.308064 0.078459 0.116652 
-0.888260 -0.452591 0.078459 0.127697 
-0.806523 -0.585973 0.078459 0.129858 
-0.704927 -0.704927 0.078459 0.125457 
-0.585973 -0.806523 0.078459 0.117554 
-0.452591 -0.888260 0.078459 0.107945 
-0.308064 -0.948125 0.078459 0.099014 
-0.155952 -0.984644 0.078459 0.098649 
-0.000000 -0.996917 0.078459 0.104075 
0.155952 -0.984644 0.078459 0.115410 
0.308064 -0.948125 0.078459 0.128991 
0.452591 -0.888260 0.078459 0.139102 
0.585973 -0.806523 0.078459 0.143934 
0.704927 -0.704927 0.078459 0.148212 
0.806523 -0.585973 0.078459 0.154870 
0.888260 -0.452591 0.078459 0.161569 
0.948125 -0.308064 0.078459 0.166129 
0.996917 0.000000 -0.078459 0.160563 
0.984644 0.155952 -0.078459 0.148862 
0.948125 0.308064 -0.078459 0.131328 
0.888260 0.452591 -0.078459 0.106706 
0.806523 0.585973 -0.078459 0.085406 
0.704927 0.704927 -0.078459 0.070203 
0.585973 0.806523 -0.078459 0.060851 
0.452591 0.888260 -0.078459 0.059579 
0.308064 0.948125 -0.078459 0.065971 
0.155952 0.984644 -0.078459 0.079225 
0.000000 0.996917 -0.078459 0.098607 
-0.155952 0.984644 -0.078459 0.115262 
-0.308064 0.948125 -0.078459 0.128392 
-0.452591 0.888260 -0.078459 0.133746 
-0.585973 0.806523 -0.078459 0.129603 
-0.704927 0.704927 -0.078459 0.119184 
-0.806523 0.585973 -0.078459 0.103718 
-0.888260 0.452591 -0.078459 0.086636 
-0.948125 0.308064 -0.078459 0.071338 
-0.984644 0.155952 -0.078459 0.063799 
-0.996917 0.000000 -0.078459 0.069112 
-0.984644 -0.155952 -0.078459 0.081374 
-0.948125 -0.308064 -0.078459 0.100673 
-0.888260 -0.452591 -0.078459 0.113279 
-0.806523 -0.585973 -0.078459 0.116255 
-0.704927 -0.704927 -0.078459 0.113558 
-0.585973 -0.806523 -0.078459 0.109613 
-0.452591 -0.888260 -0.078459 0.106140 
-0.308064 -0.948125 -0.078459 0.104562 
-0.155952 -0.984644 -0.078459 0.111394 
-0.000000 -0.996917 -0.078459 0.120562 
0.155952 -0.984644 -0.078459 0.130123 
0.308064 -0.948125 -0.078459 0.136921 
0.452591 -0.888260 -0.078459 0.139378 
0.585973 -0.806523 -0.078459 0.138396 
0.704927 -0.704927 -0.078459 0.139831 
0.806523 -0.585973 -0.078459 0.145645 
0.888260 -0.452591 -0.078459 0.155153 
0.948125 -0.308064 -0.078459 0.163621 
0.972370 0.000000 -0.233445 0.166765 
0.959778 0.155979 -0.233445 0.156458 
0.922328 0.307918 -0.233445 0.141779 
0.860991 0.451883 -0.233445 0.119051 
0.777354 0.584144 -0.233445 0.100488 
0.673584 0.701276 -0.233445 0.086723 
0.552369 0.800245 -0.233445 0.077218 
0.416848 0.878488 -0.233445 0.075630 
0.270530 0.933979 -0.233445 0.080731 
0.117206 0.965280 -0.233445 0.093646 
-0.039153 0.971581 -0.233445 0.112927 
-0.194499 0.952719 -0.233445 0.129459 
-0.344807 0.909182 -0.233445 0.141080 
-0.486185 0.842097 -0.233445 0.142377 
-0.614971 0.753203 -0.233445 0.135196 
-0.727829 0.644801 -0.233445 0.121967 
-0.821837 0.519698 -0.233445 0.103813 
-0.894560 0.381137 -0.233445 0.084271 
-0.944115 0.232703 -0.233445 0.068882 
-0.969217 0.078243 -0.233445 0.063518 
-0.969217 -0.078243 -0.233445 0.067775 
-0.944115 -0.232703 -0.233445 0.079544 
-0.894560 -0.381137 -0.233445 0.095260 
-0.821837 -0.519698 -0.233445 0.103643 
-0.727829 -0.644801 -0.233445 0.105658 
-0.614971 -0.753203 -0.233445 0.106909 
-0.486185 -0.842097 -0.233445 0.110011 
-0.344807 -0.909182 -0.233445 0.114361 
-0.194499 -0.952719 -0.233445 0.123556 
-0.039153 -0.971581 -0.233445 0.135324 
0.117206 -0.965280 -0.233445 0.142246 
0.270530 -0.933979 -0.233445 0.144110 
0.416848 -0.878488 -0.233445 0.141635 
0.552369 -0.800245 -0.233445 0.138272 
0.673584 -0.701276 -0.233445 0.138255 
0.777354 -0.584144 -0.233445 0.143118 
0.860991 -0.451883 -0.233445 0.154016 
0.922328 -0.307918 -0.233445 0.165098 
0.923880 0.000000 -0.382683 0.175079 
0.910590 0.156136 -0.382683 0.169162 
0.871105 0.307781 -0.382683 0.158883 
0.806560 0.450571 -0.382683 0.140065 
0.718811 0.580400 -0.382683 0.125456 
0.610384 0.693531 -0.382683 0.114710 
0.484397 0.786710 -0.382683 0.107566 
0.344474 0.857258 -0.382683 0.106635 
0.194642 0.903143 -0.382683 0.112223 
0.039211 0.923047 -0.382683 0.126915 
-0.117349 0.916397 -0.382683 0.142499 
-0.270533 0.883383 -0.382683 0.155045 
-0.415934 0.824956 -0.382683 0.158089 
-0.549369 0.742796 -0.382683 0.152599 
-0.667000 0.639268 -0.382683 0.140411 
-0.765443 0.517349 -0.382683 0.122996 
-0.841865 0.380547 -0.382683 0.101767 
-0.894069 0.232797 -0.382683 0.083778 
-0.920551 0.078350 -0.382683 0.073828 
-0.920551 -0.078350 -0.382683 0.071988 
-0.894069 -0.232797 -0.382683 0.076965 
-0.841865 -0.380547 -0.382683 0.087947 
-0.765443 -0.517349 -0.382683 0.095315 
-0.667000 -0.639268 -0.382683 0.099822 
-0.549369 -0.742796 -0.382683 0.106065 
-0.415934 -0.824956 -0.382683 0.115636 
-0.270533 -0.883383 -0.382683 0.125724 
-0.117349 -0.916397 -0.382683 0.138579 
0.039211 -0.923047 -0.382683 0.146866 
0.194642 -0.903143 -0.382683 0.147484 
0.344474 -0.857258 -0.382683 0.142523 
0.484397 -0.786710 -0.382683 0.138825 
0.610384 -0.693531 -0.382683 0.139426 
0.718811 -0.580400 -0.382683 0.143728 
0.806560 -0.450571 -0.382683 0.154439 
0.871105 -0.307781 -0.382683 0.167156 
0.852640 0.000000 -0.522499 0.177865 
0.838122 0.156672 -0.522499 0.176948 
0.795063 0.308009 -0.522499 0.171562 
0.724929 0.448857 -0.522499 0.158216 
0.630109 0.574420 -0.522499 0.146820 
0.513830 0.680422 -0.522499 0.138856 
0.380054 0.763252 -0.522499 0.134340 
0.233336 0.820091 -0.522499 0.134848 
0.078672 0.849003 -0.522499 0.143627 
-0.078672 0.849003 -0.522499 0.156438 
-0.233336 0.820091 -0.522499 0.167070 
-0.380054 0.763252 -0.522499 0.169363 
-0.513830 0.680422 -0.522499 0.164208 
-0.630109 0.574420 -0.522499 0.152494 
-0.724929 0.448857 -0.522499 0.133960 
-0.795063 0.308009 -0.522499 0.111752 
-0.838122 0.156672 -0.522499 0.093142 
-0.852640 0.000000 -0.522499 0.082614 
-0.838122 -0.156672 -0.522499 0.076648 
-0.795063 -0.308009 -0.522499 0.080606 
-0.724929 -0.448857 -0.522499 0.088305 
-0.630109 -0.574420 -0.522499 0.096104 
-0.513830 -0.680422 -0.522499 0.106678 
-0.380054 -0.763252 -0.522499 0.119819 
-0.233336 -0.820091 -0.522499 0.131471 
-0.078672 -0.849003 -0.522499 0.141985 
0.078672 -0.849003 -0.522499 0.146899 
0.233336 -0.820091 -0.522499 0.143004 
0.380054 -0.763252 -0.522499 0.137758 
0.513830 -0.680422 -0.522499 0.137914 
0.630109 -0.574420 -0.522499 0.142569 
0.724929 -0.448857 -0.522499 0.152643 
0.795063 -0.308009 -0.522499 0.165713 
0.760406 0.000000 -0.649448 0.174859 
0.743789 0.158097 -0.649448 0.179528 
0.694665 0.309285 -0.649448 0.178704 
0.615181 0.446955 -0.649448 0.170462 
0.508811 0.565092 -0.649448 0.161702 
0.380203 0.658531 -0.649448 0.154430 
0.234978 0.723189 -0.649448 0.150976 
0.079484 0.756240 -0.649448 0.155530 
-0.079484 0.756240 -0.649448 0.164127 
-0.234978 0.723189 -0.649448 0.169613 
-0.380203 0.658531 -0.649448 0.168873 
-0.508811 0.565092 -0.649448 0.162276 
-0.615181 0.446955 -0.649448 0.147816 
-0.694665 0.309285 -0.649448 0.126851 
-0.743789 0.158097 -0.649448 0.105654 
-0.760406 0.000000 -0.649448 0.090959 
-0.743789 -0.158097 -0.649448 0.080611 
-0.694665 -0.309285 -0.649448 0.081752 
-0.615181 -0.446955 -0.649448 0.090309 
-0.508811 -0.565092 -0.649448 0.102535 
-0.380203 -0.658531 -0.649448 0.117441 
-0.234978 -0.723189 -0.649448 0.128892 
-0.079484 -0.756240 -0.649448 0.136011 
0.079484 -0.756240 -0.649448 0.138765 
0.234978 -0.723189 -0.649448 0.133573 
0.380203 -0.658531 -0.649448 0.129936 
0.508811 -0.565092 -0.649448 0.133174 
0.615181 -0.446955 -0.649448 0.142892 
0.694665 -0.309285 -0.649448 0.156963 
0.649448 0.000000 -0.760406 0.163974 
0.630576 0.155423 -0.760406 0.173231 
0.575058 0.301814 -0.760406 0.176996 
0.486119 0.430664 -0.760406 0.172943 
0.368929 0.534485 -0.760406 0.164138 
0.230297 0.607244 -0.760406 0.156009 
0.078282 0.644713 -0.760406 0.154891 
-0.078282 0.644713 -0.760406 0.159216 
-0.230297 0.607244 -0.760406 0.160044 
-0.368929 0.534485 -0.760406 0.157115 
-0.486119 0.430664 -0.760406 0.147531 
-0.575058 0.301814 -0.760406 0.130596 
-0.630576 0.155423 -0.760406 0.109987 
-0.649448 -0.000000 -0.760406 0.094593 
-0.630576 -0.155423 -0.760406 0.082890 
-0.575058 -0.301814 -0.760406 0.083255 
-0.486119 -0.430664 -0.760406 0.093966 
-0.368929 -0.534485 -0.760406 0.107767 
-0.230297 -0.607244 -0.760406 0.117589 
-0.078282 -0.644713 -0.760406 0.121624 
0.078282 -0.644713 -0.760406 0.122556 
0.230297 -0.607244 -0.760406 0.118532 
0.368929 -0.534485 -0.760406 0.118302 
0.486119 -0.430664 -0.760406 0.125559 
0.575058 -0.301814 -0.760406 0.139717 
0.522499 0.000000 -0.852640 0.146098 
0.499285 0.154009 -0.852640 0.157800 
0.431709 0.294334 -0.852640 0.163510 
0.325773 0.408506 -0.852640 0.158881 
0.190890 0.486380 -0.852640 0.150287 
0.039046 0.521038 -0.852640 0.145515 
-0.116267 0.509398 -0.852640 0.144035 
-0.261249 0.452497 -0.852640 0.139452 
-0.383019 0.355389 -0.852640 0.129697 
-0.470755 0.226704 -0.852640 0.113080 
-0.516663 0.077874 -0.852640 0.096078 
-0.516663 -0.077874 -0.852640 0.084936 
-0.470755 -0.226704 -0.852640 0.078688 
-0.383019 -0.355389 -0.852640 0.086262 
-0.261249 -0.452497 -0.852640 0.096241 
-0.116267 -0.509398 -0.852640 0.100415 
0.039046 -0.521038 -0.852640 0.101577 
0.190890 -0.486380 -0.852640 0.100722 
0.325773 -0.408506 -0.852640 0.104130 
0.431709 -0.294334 -0.852640 0.117117 
0.382683 0.000000 -0.923880 0.121877 
0.349599 0.155651 -0.923880 0.132482 
0.256065 0.284389 -0.923880 0.134851 
0.118256 0.363954 -0.923880 0.128214 
-0.040001 0.380587 -0.923880 0.122305 
-0.191342 0.331414 -0.923880 0.112037 
-0.309597 0.224936 -0.923880 0.098207 
-0.374321 0.079564 -0.923880 0.083291 
-0.374321 -0.079564 -0.923880 0.074305 
-0.309597 -0.224936 -0.923880 0.070814 
-0.191342 -0.331414 -0.923880 0.075924 
-0.040001 -0.380587 -0.923880 0.079246 
0.118256 -0.363954 -0.923880 0.082778 
0.256065 -0.284389 -0.923880 0.090741 
0.233445 0.000000 -0.972370 0.092941 
0.178830 0.150056 -0.972370 0.099711 
0.040537 0.229899 -0.972370 0.096203 
-0.116723 0.202170 -0.972370 0.083798 
-0.219367 0.079843 -0.972370 0.068986 
-0.219367 -0.079843 -0.972370 0.061627 
-0.116723 -0.202170 -0.972370 0.061413 
0.040537 -0.229899 -0.972370 0.067661 
