-0.636675 0.587396 -0.509519 
-0.774611 0.489570 -0.412673 
-0.844654 0.447892 -0.354734 
-0.589553 0.571777 -0.596326 
-0.911244 0.375922 -0.335085 
-0.525775 0.589455 -0.671292 
-0.968637 0.373145 -0.253241 
-0.515432 0.663767 -0.605181 
-0.931296 0.296496 -0.392438 
-0.897404 0.262261 -0.480070 
-0.846856 0.252274 -0.565774 
-0.454975 0.640368 -0.720234 
-0.564927 0.675530 -0.519089 
-0.601795 0.496358 -0.660840 
-0.781087 0.275725 -0.637359 
-0.593220 0.716497 -0.432364 
-0.590683 0.437959 -0.741252 
-0.583125 0.790661 -0.366049 
-0.472027 0.749001 -0.576006 
-1.011047 0.395901 -0.165586 
-0.405552 0.628484 -0.806351 
-0.573988 0.864246 -0.298953 
-0.971540 0.480947 -0.130852 
-0.909899 0.426043 -0.282169 
-0.404708 0.777671 -0.644168 
-0.637099 0.588955 -0.507185 
-0.474999 0.560954 -0.777615 
-0.568808 0.580155 -0.617831 
-0.496517 0.743318 -0.546011 
-0.588654 0.512142 -0.662986 
-0.781445 0.208044 -0.710974 
-0.830823 0.329749 -0.504614 
-0.908778 0.558388 -0.138844 
-0.710634 0.260434 -0.758314 
-0.410015 0.621394 -0.807518 
-0.843320 0.455273 -0.348621 
-0.653485 0.731242 -0.327076 
-0.530348 0.562243 -0.694339 
-0.560156 0.940552 -0.235818 
-0.672452 0.231775 -0.846182 
-0.723575 0.689224 -0.269440 
-1.037626 0.456491 -0.059898 
-0.731552 0.360383 -0.617883 
-0.523286 0.854522 -0.384596 
-0.838011 0.125829 -0.717375 
-0.860488 0.349227 -0.439401 
-0.447126 0.713152 -0.652110 
-0.930483 0.287471 -0.403528 
-0.542416 0.424176 -0.827741 
-0.770736 0.559741 -0.341533 
-0.852303 0.347452 -0.453451 
-1.038122 0.408962 -0.111232 
-1.081237 0.335298 -0.128161 
-0.630106 0.878553 -0.200276 
-0.529887 1.023792 -0.189398 
-0.474167 0.494153 -0.852025 
-0.965366 0.193277 -0.455122 
-0.624304 0.814161 -0.279400 
-0.636933 0.588375 -0.508065 
-0.706675 0.525174 -0.474151 
-0.452922 0.898777 -0.440187 
-1.131387 0.345960 -0.042305 
-0.897027 0.500558 -0.219576 
-0.341493 0.704393 -0.817942 
-0.520676 1.025595 -0.201047 
-0.778325 0.413656 -0.490343 
-0.771565 0.151458 -0.787575 
-0.433947 0.833886 -0.539339 
-0.792160 0.350612 -0.538945 
-0.915454 0.394585 -0.308413 
-0.509389 0.557151 -0.730917 
-0.476292 0.425200 -0.924420 
-0.625139 0.919480 -0.162789 
-0.736474 0.390095 -0.578054 
-0.387554 0.720577 -0.732085 
-0.471373 1.110297 -0.181178 
-0.614241 0.857204 -0.247129 
-0.689417 0.900426 -0.088591 
-0.768291 0.165387 -0.777160 
-1.068150 0.278678 -0.209543 
-0.895620 0.044199 -0.721594 
-0.887662 0.202658 -0.559773 
-0.430247 0.660107 -0.735184 
-0.534301 0.421142 -0.843066 
-0.533445 0.519805 -0.736249 
-0.750711 0.821526 -0.084369 
-0.335635 0.843389 -0.674337 
-0.755763 0.231416 -0.723355 
-0.685439 0.774115 -0.232847 
-1.001715 0.408394 -0.165701 
-0.565973 0.607349 -0.592234 
-0.780947 0.216637 -0.702297 
-1.001600 0.236663 -0.354001 
-0.531005 0.356224 -0.919058 
-0.523182 0.658738 -0.599229 
-0.700023 0.615368 -0.385182 
-0.462156 1.030733 -0.281973 
-0.898615 0.414670 -0.311316 
-0.682939 0.790262 -0.218856 
-1.103173 0.382709 -0.043778 
-0.429442 0.728114 -0.661874 
-0.522470 0.765802 -0.482994 
-0.595932 0.856023 -0.275503 
-0.476695 0.424360 -0.924743 
-0.444902 0.709701 -0.659178 
-0.505924 0.945501 -0.310607 
-0.374609 0.840796 -0.619534 
-0.981887 0.115552 -0.515833 
