0.805466 -0.330294 0.492067 
0.888571 -0.335846 0.312489 
0.924077 -0.308589 0.225509 
0.827758 -0.235254 0.509384 
0.769287 -0.259836 0.583681 
0.705891 -0.303288 0.640105 
0.955138 -0.251541 0.156327 
0.977878 -0.167024 0.125926 
0.865733 -0.421686 0.269608 
0.752668 -0.410247 0.514964 
0.663149 -0.388365 0.639849 
0.711873 -0.213416 0.669097 
0.878673 -0.187992 0.438854 
0.959651 -0.272880 0.067875 
0.881456 -0.094753 0.462664 
0.813061 -0.307453 0.494373 
0.706933 -0.126643 0.695850 
0.829791 -0.505022 0.237485 
0.989966 -0.078267 0.117647 
0.783966 -0.582384 0.215003 
0.981933 -0.019787 0.188192 
0.930837 -0.339157 0.136074 
0.749007 -0.179172 0.637876 
0.965770 0.039358 0.256397 
0.613492 -0.466173 0.637425 
0.839369 -0.497935 0.217992 
0.726546 -0.632173 0.269235 
0.869609 -0.008830 0.493662 
0.862754 0.077350 0.499672 
0.763852 -0.419962 0.490063 
0.623114 -0.532833 0.572554 
0.761580 -0.151942 0.630007 
0.555456 -0.553285 0.620761 
0.488150 -0.580415 0.651788 
0.964343 -0.264159 -0.016236 
0.908111 -0.410809 0.081060 
0.724324 -0.388537 0.569555 
0.920338 -0.391115 -0.002714 
0.782113 -0.061510 0.620094 
0.864722 -0.233923 0.444449 
0.891015 0.007993 0.453903 
0.478726 -0.516838 0.709718 
0.814271 0.072748 0.575908 
0.743612 -0.002672 0.668606 
0.796965 -0.329425 0.506287 
0.722167 -0.665660 0.188071 
0.941018 0.092042 0.325597 
0.697364 -0.327216 0.637662 
0.645192 -0.168210 0.745274 
0.986218 0.055707 0.155789 
0.866666 -0.482783 0.125743 
0.963003 -0.047683 0.265237 
0.807624 -0.190612 0.558042 
0.900171 -0.248111 0.357956 
0.997748 -0.054571 0.038990 
0.993227 -0.113423 -0.025208 
0.533042 -0.455556 0.712976 
0.735800 0.078694 0.672611 
0.829959 0.146621 0.538211 
0.844523 -0.423543 0.327706 
0.876614 -0.331863 0.348447 
0.537479 -0.622647 0.568706 
0.788106 -0.478562 0.387126 
0.838163 -0.483718 0.251993 
0.852413 0.072631 0.517801 
0.960882 -0.010397 0.276762 
0.988792 -0.129543 0.074218 
0.869265 0.171004 0.463828 
0.727071 -0.546857 0.415108 
0.887385 -0.265055 0.377219 
0.958104 -0.278005 0.068918 
0.591561 -0.631621 0.501109 
0.770911 -0.253531 0.584310 
0.817249 -0.123078 0.562988 
0.688243 -0.620336 0.376173 
0.980260 -0.197189 -0.014375 
0.885579 -0.083331 0.456953 
0.473849 -0.442303 0.761469 
0.763052 -0.636423 0.112775 
0.932361 -0.041011 0.359195 
0.988632 -0.111834 -0.100497 
0.619075 -0.469614 0.629451 
0.732506 -0.199636 0.650831 
0.826744 -0.506248 0.245374 
0.865592 0.077844 0.494662 
0.809996 0.217745 0.544513 
0.807969 -0.411678 0.421554 
0.768564 -0.639082 0.029742 
0.772429 0.123218 0.623034 
0.632162 -0.256613 0.731109 
0.680088 -0.718451 0.145975 
0.931366 -0.361959 0.039292 
0.524132 -0.550925 0.649436 
0.852347 0.157170 0.498800 
0.799652 -0.527248 0.287343 
0.724119 -0.389191 0.569370 
0.886243 -0.413877 0.208036 
0.624797 -0.596220 0.504133 
0.774428 0.042184 0.631255 
0.938398 -0.196560 0.284207 
0.702210 -0.391564 0.594625 
0.616439 -0.554807 0.558742 
0.836926 -0.051486 0.544889 
0.962183 -0.193323 0.191914 
0.717053 -0.491681 0.494050 
0.881852 -0.471166 0.018419 
0.786089 -0.575232 0.226214 
0.637851 -0.738095 0.219913 
