-0.638808 0.190709 -0.748702 
-0.625840 0.127145 -0.776835 
-0.677648 0.232889 -0.707322 
-0.528468 0.247099 -0.815269 
-0.492947 0.307545 -0.824461 
-0.643444 0.058970 -0.783338 
-0.608130 0.012538 -0.823300 
-0.733627 0.206940 -0.672781 
-0.790926 0.192839 -0.633820 
-0.595643 0.290067 -0.752377 
-0.632648 -0.053782 -0.824073 
-0.653294 -0.121292 -0.828098 
-0.537685 0.178210 -0.828279 
-0.594928 0.358130 -0.733220 
-0.682916 0.109161 -0.739166 
-0.847589 0.171055 -0.597559 
-0.437222 0.302705 -0.867720 
-0.659541 -0.009451 -0.791044 
-0.405357 0.252625 -0.906147 
-0.374803 0.201274 -0.943957 
-0.696594 0.162508 -0.713455 
-0.603672 0.423506 -0.707735 
-0.659294 0.428856 -0.664405 
-0.675639 0.360471 -0.671914 
-0.722838 0.142392 -0.699561 
-0.358535 0.139403 -0.974079 
-0.716795 -0.024687 -0.752446 
-0.560383 0.476733 -0.724851 
-0.683997 0.291596 -0.685566 
-0.771719 -0.016187 -0.708729 
-0.886883 0.212643 -0.556009 
-0.687988 -0.182331 -0.819699 
-0.684465 0.484838 -0.629299 
-0.828906 -0.022675 -0.667649 
-0.306443 0.178240 -1.001972 
-0.524595 0.536983 -0.734300 
-0.349799 0.074024 -0.999559 
-0.363711 0.307669 -0.921503 
-0.693007 -0.251001 -0.835799 
-0.422509 0.154020 -0.921795 
-0.723904 0.148441 -0.697011 
-0.268067 0.236408 -1.013967 
-0.885540 -0.044670 -0.631472 
-0.936420 0.236920 -0.511774 
-0.778295 0.113998 -0.666120 
-0.622029 0.015097 -0.812119 
-0.577729 0.121561 -0.814590 
-0.659070 0.175716 -0.737820 
-0.504375 0.604599 -0.729924 
-0.758192 0.052533 -0.699005 
-0.834841 0.227708 -0.590743 
-0.309187 0.034217 -1.041583 
-0.729955 0.517067 -0.585803 
-0.331318 0.370213 -0.927739 
-0.468257 0.535634 -0.777010 
-0.896504 0.125801 -0.573910 
-0.211524 0.236453 -1.056427 
-0.297657 -0.030007 -1.068828 
-0.241510 -0.004955 -1.103755 
-0.629538 0.515359 -0.661727 
-0.695701 -0.319391 -0.853564 
-0.786595 0.495113 -0.549610 
-0.721798 0.180691 -0.689261 
-0.677594 0.468664 -0.639140 
-0.659580 -0.017714 -0.793406 
-0.992108 0.209559 -0.477860 
-0.333170 0.437731 -0.906811 
-0.732922 0.352054 -0.631321 
-0.663624 -0.039453 -0.796659 
-0.274071 0.385598 -0.966289 
-0.752551 -0.339664 -0.816726 
-0.614070 -0.162972 -0.869622 
-1.010452 0.270235 -0.446524 
-0.481067 0.671333 -0.728123 
-0.531264 0.694100 -0.683829 
-0.294700 0.495816 -0.918902 
-0.737389 0.470107 -0.593807 
-0.558317 0.061541 -0.846539 
-0.954317 0.267630 -0.489444 
-0.644710 -0.340235 -0.897897 
-0.306656 0.325892 -0.959088 
-0.156232 0.229548 -1.099959 
-0.312664 0.556719 -0.887785 
-0.879144 -0.110888 -0.655436 
-0.324748 0.140148 -0.999243 
-0.841547 0.503495 -0.505906 
-0.960986 0.158752 -0.515939 
-0.525021 0.430355 -0.764833 
-0.404517 0.042739 -0.967509 
-0.944789 0.079480 -0.551043 
-0.785993 -0.084836 -0.717871 
-0.898838 0.489147 -0.467023 
-0.786903 0.221375 -0.628585 
-0.681754 0.331659 -0.675658 
-0.390324 0.351194 -0.888919 
-0.363429 0.514952 -0.861738 
-0.390250 0.419811 -0.869119 
-0.889155 0.284857 -0.533408 
-0.986294 0.214627 -0.480761 
-0.140341 0.297999 -1.092090 
