-0.177554 -0.976834 0.119456 
-0.130349 -0.976486 0.171711 
-0.293694 -0.942836 0.157492 
-0.203688 -0.977531 0.054260 
-0.348527 -0.930098 0.115955 
-0.338866 -0.918197 0.205142 
-0.182134 -0.983211 -0.011104 
-0.114649 -0.993198 -0.020339 
-0.076053 -0.973589 0.215267 
-0.198194 -0.977166 -0.076586 
-0.409983 -0.907038 0.095894 
-0.339680 -0.900207 0.272477 
-0.253099 -0.960886 -0.112425 
-0.015572 -0.969062 0.246326 
-0.392951 -0.868962 0.300825 
-0.231101 -0.957451 -0.172861 
-0.450540 -0.837389 0.309504 
-0.432716 -0.821318 0.371743 
-0.469033 -0.879419 0.081428 
-0.506123 -0.805308 0.308738 
-0.372117 -0.846813 0.380049 
-0.167735 -0.967753 -0.187932 
-0.518571 -0.853615 0.049256 
-0.318963 -0.848651 0.421965 
0.025199 -0.954519 0.297085 
-0.103082 -0.975837 -0.192657 
0.072137 -0.938484 0.337703 
0.133128 -0.937660 0.321046 
-0.570048 -0.820642 0.039904 
0.022065 -0.925007 0.379308 
-0.526418 -0.771658 0.356970 
-0.429609 -0.794270 0.429618 
-0.135826 -0.959110 0.248314 
-0.519422 -0.847489 0.109374 
-0.479093 -0.759617 0.439831 
0.174596 -0.946093 0.272808 
-0.187229 -0.976501 -0.106727 
-0.438411 -0.887629 0.141102 
-0.220542 -0.969082 -0.110637 
-0.114893 -0.943016 0.312284 
0.177758 -0.961392 0.210068 
-0.501526 -0.865028 -0.014062 
-0.023021 -0.905138 0.424495 
-0.617694 -0.785424 0.039546 
-0.047446 -0.998537 -0.025943 
-0.044705 -0.975721 -0.214405 
0.152410 -0.914441 0.374924 
-0.555189 -0.785991 0.271998 
-0.254547 -0.869190 0.423929 
-0.566471 -0.813010 0.134629 
