0.498974 0.211086 0.840516 
0.432375 0.107452 0.895269 
0.368625 0.121149 0.921650 
0.306667 0.146935 0.940407 
0.415304 0.041042 0.908756 
0.512710 0.274226 0.813590 
0.366811 -0.002762 0.930291 
0.490441 0.078557 0.867927 
0.569062 0.244623 0.785065 
0.575262 0.307391 0.758013 
0.452678 0.298823 0.840112 
0.308750 0.215309 0.926453 
0.460085 -0.007777 0.887841 
0.325766 0.051360 0.944054 
0.305986 0.282555 0.909140 
0.541955 0.041519 0.839382 
0.291750 -0.005472 0.956479 
0.374087 0.213823 0.902407 
0.535953 0.363609 0.761934 
0.612290 0.193683 0.766543 
0.598313 0.046264 0.799926 
0.398080 0.340117 0.851970 
0.241349 0.278084 0.929742 
0.303262 -0.071153 0.950247 
0.482009 0.402568 0.778207 
0.337717 0.369321 0.865765 
0.250971 0.113671 0.961297 
0.363702 -0.090855 0.927074 
0.648100 0.024271 0.761169 
0.257990 0.339450 0.904552 
0.576843 0.110981 0.809281 
0.561544 -0.022486 0.827141 
0.186941 0.314652 0.930616 
0.228046 0.178355 0.957175 
0.415056 0.397035 0.818591 
