296
179
271
179
202
206
228
221
308
182
195
198
192
209
195
240
187
185
199
233
179
207
287
172
190
204
206
188
182
177
209
282
271
146
203
187
188
221
204
163
307
200
205
186
210
323
374
176
179
174
181
294
200
174
354
221
184
161
183
223
192
191
179
209
218
203
171
182
214
179
188
201
297
212
200
341
210
349
193
206
340
187
203
161
374
176
327
347
236
206
180
163
341
229
364
255
345
188
177
184
192
282
327
186
181
234
343
344
166
233
326
283
214
286
185
235
255
329
270
311
198
397
259
237
184
182
171
227
187
191
180
341
183
395
198
187
319
212
194
188
363
349
200
328
208
271
172
248
211
199
164
253
183
249
205
259
274
291
250
174
296
200
211
193
320
181
285
281
354
238
297
164
238
202
281
163
250
249
221
169
264
204
271
192
185
182
331
209
185
274
160
201
238
190
181
198
209
182
194
190
213
296
174
287
257
358
341
195
173
352
191
209
328
204
213
247
219
284
187
302
179
182
194
185
332
253
357
259
183
342
263
339
199
205
198
263
338
344
209
171
290
188
180
262
330
227
171
174
281
192
178
198
208
206
195
275
124
278
181
342
265
166
196
195
187
249
188
186
220
186
185
313
198
184
288
203
203
192
353
363
186
190
175
179
167
249
200
188
269
253
209
263
407
226
229
196
212
188
201
324
268
376
199
178
177
184
282
183
194
229
202
308
266
175
172
311
216
199
342
193
332
193
368
334
192
299
297
180
185
363
325
275
213
287
224
280
261
278
188
261
273
237
236
212
197
365
166
213
186
322
231
188
353
191
212
205
178
190
173
229
213
176
323
255
255
241
246
211
360
203
189
173
194
202
310
198
126
200
297
189
247
328
189
325
295
200
333
314
361
218
383
243
207
276
309
280
194
290
196
193
221
238
186
244
334
208
192
278
164
188
178
202
196
280
191
358
214
309
338
186
188
182
186
334
196
177
328
183
189
278
358
345
213
390
183
181
190
204
198
197
185
193
379
290
170
297
177
211
179
194
191
175
178
180
188
349
204
313
312
218
307
210
262
167
192
326
177
170
316
230
197
178
294
210
238
150
193
299
313
202
356
220
198
228
195
283
317
175
194
199
211
201
192
352
189
234
258
340
187
230
