0.153619 0.860989 -0.490000 
0.043225 0.957061 -0.382041 
0.256267 0.794092 -0.555649 
0.465796 0.690453 -0.638695 
0.249662 0.757014 -0.615495 
0.238318 0.693329 -0.718286 
0.103050 0.895749 -0.454865 
0.048470 0.933267 -0.416943 
0.156052 0.911556 -0.410809 
0.251058 0.939891 -0.331840 
0.324363 0.775414 -0.559409 
0.407960 0.752484 -0.564024 
0.138134 0.812799 -0.570331 
0.088983 0.803682 -0.602606 
0.191311 0.746120 -0.653920 
0.130348 0.734738 -0.694065 
0.275840 0.717081 -0.667650 
0.293818 0.689656 -0.703468 
0.238460 0.847134 -0.480105 
0.260476 0.859478 -0.452860 
0.048250 0.881475 -0.497211 
0.012238 0.872094 -0.525040 
0.126230 0.743852 -0.681475 
0.083336 0.742358 -0.699637 
0.058013 0.762188 -0.678290 
-0.000998 0.778049 -0.675535 
0.378303 0.790434 -0.516225 
0.417881 0.801455 -0.484538 
0.344950 0.702381 -0.664875 
0.453148 0.679367 -0.660532 
0.390917 0.826035 -0.456446 
0.394405 0.835879 -0.439916 
0.296974 0.857860 -0.441881 
0.298984 0.858228 -0.440568 
-0.005443 0.788330 -0.661260 
-0.022916 0.795529 -0.656570 
-0.011099 0.751046 -0.721075 
-0.011188 0.750457 -0.722019 
-0.001726 0.916481 -0.461477 
-0.073097 0.966473 -0.410445 
-0.014772 0.876096 -0.528823 
-0.015462 0.876038 -0.529168 
-0.025067 0.956537 -0.408084 
-0.033529 0.971059 -0.388727 
0.262752 0.896987 -0.393945 
0.262734 0.897008 -0.393919 
0.399693 0.862613 -0.396571 
0.401274 0.869198 -0.385791 
0.072797 0.810966 -0.597308 
0.066047 0.810777 -0.600095 
0.111033 0.948314 -0.370532 
0.096432 0.960235 -0.357469 
0.297838 0.924169 -0.338898 
0.336038 0.953761 -0.278968 
0.171302 0.957130 -0.334616 
0.198408 0.961096 -0.318462 
0.402250 0.750398 -0.569362 
0.410482 0.736638 -0.587626 
0.454384 0.716329 -0.602849 
0.461315 0.711800 -0.607301 
0.004373 0.711043 -0.777293 
0.008985 0.699120 -0.794049 
0.073533 0.702095 -0.765596 
0.082301 0.700960 -0.764113 
0.225846 0.698918 -0.714241 
0.222627 0.697748 -0.717241 
0.362064 0.927804 -0.309541 
0.374117 0.928486 -0.304032 
0.162667 0.693757 -0.745573 
0.153439 0.693003 -0.750149 
