0.504536 0.835967 -0.215877 
0.390049 0.896380 -0.210631 
0.339013 0.924941 -0.171914 
0.561952 0.796644 -0.222641 
0.607308 0.774995 -0.174812 
0.478039 0.869987 -0.120834 
0.293591 0.947725 -0.124982 
0.484562 0.873251 -0.051304 
0.628417 0.742592 -0.231623 
0.383940 0.880276 -0.278754 
0.319205 0.901472 -0.292328 
0.541194 0.837804 -0.072063 
0.277321 0.939891 -0.199243 
0.556622 0.778634 -0.289658 
0.335311 0.873298 -0.353435 
0.664085 0.698618 -0.266314 
0.374447 0.837714 -0.397523 
0.457743 0.889026 0.010241 
0.543721 0.760662 -0.354628 
0.428688 0.845040 -0.319584 
0.233951 0.967044 -0.100467 
0.275250 0.960260 -0.046246 
0.395224 0.918562 0.006491 
0.567665 0.823190 -0.010742 
0.323671 0.837394 -0.440464 
0.338972 0.939097 -0.056522 
0.619454 0.720217 -0.312353 
0.648376 0.750785 -0.126218 
0.568300 0.820900 0.056194 
0.485243 0.787915 -0.379116 
0.412740 0.798728 -0.437812 
0.597311 0.798054 -0.079558 
0.482137 0.873219 0.070938 
