0.402945 0.917132 0.038784 
0.442894 0.903075 0.033868 
0.394768 0.916554 0.109018 
0.388787 0.916131 0.160394 
0.403908 0.920312 -0.031849 
0.404864 0.923468 -0.101929 
0.428977 0.901313 0.168997 
0.477819 0.879554 0.254630 
0.281117 0.958350 0.086828 
0.142871 1.002890 0.186066 
0.365722 0.922803 0.192170 
0.333922 0.933606 0.203820 
0.303566 0.943736 0.218598 
0.262817 0.957460 0.235924 
0.237094 0.967677 0.215732 
0.088841 1.021072 0.209341 
0.254973 0.970928 0.022343 
0.213760 0.990756 -0.079312 
0.493882 0.878921 0.152086 
0.520082 0.869882 0.145260 
0.357860 0.939303 -0.082037 
0.279530 0.971607 -0.167409 
0.335135 0.929359 0.280215 
0.347772 0.923604 0.304880 
0.295870 0.962727 -0.106706 
0.221444 0.990851 -0.136324 
0.185484 0.988335 0.172033 
0.109391 1.018792 0.107602 
0.461718 0.901416 -0.067918 
0.506649 0.886730 -0.095952 
0.214954 0.981583 0.095924 
0.210093 0.983289 0.096592 
0.503266 0.889333 -0.123844 
0.527460 0.882297 -0.156410 
0.254608 0.980229 -0.161397 
0.227857 0.991576 -0.196854 
0.190799 1.004023 -0.180431 
0.163055 1.014369 -0.188707 
0.518390 0.879327 -0.031857 
0.564083 0.861518 -0.002784 
0.122207 1.012029 0.151185 
0.090910 1.023748 0.140873 
0.165228 1.009901 -0.114769 
0.145942 1.014334 -0.065246 
0.569285 0.865299 -0.115847 
0.573501 0.863764 -0.115336 
0.400236 0.905371 0.293873 
0.465917 0.881168 0.307652 
0.308333 0.953980 -0.020848 
0.310908 0.953162 -0.022933 
0.509387 0.869956 0.220491 
0.520996 0.863243 0.271714 
0.370004 0.938432 -0.151692 
0.373100 0.938209 -0.169448 
0.155697 1.009816 -0.044704 
0.151742 1.009781 -0.015633 
0.237417 0.981914 -0.071847 
0.232745 0.983447 -0.069061 
0.188048 0.982808 0.264370 
0.185591 0.983566 0.266807 
0.542840 0.863826 0.103349 
0.552228 0.860931 0.094003 
0.429367 0.918828 -0.184734 
0.431497 0.918125 -0.185919 
0.118937 1.020005 0.014836 
0.108503 1.022897 0.031735 
0.083036 1.023167 0.208991 
0.079404 1.024200 0.214350 
0.183447 0.996094 0.031169 
0.183639 0.996023 0.031218 
