0.183484 -0.135885 0.973586 
0.141618 -0.203864 0.968702 
0.075955 -0.229249 0.970400 
0.067905 -0.295984 0.952776 
0.174678 -0.066564 0.982373 
0.247546 -0.157707 0.955955 
0.280587 -0.214981 0.935443 
0.049817 -0.112238 0.992432 
-0.015976 -0.136262 0.990544 
0.222907 -0.017155 0.974689 
0.035906 -0.043752 0.998397 
0.327734 -0.165059 0.930240 
0.251247 -0.277256 0.927364 
0.289169 -0.022757 0.957007 
0.002421 -0.273962 0.961738 
-0.049315 -0.315264 0.947722 
0.308797 0.041178 0.950236 
0.191557 -0.312335 0.930458 
0.062083 0.020735 0.997856 
0.303151 -0.310220 0.901034 
-0.005701 0.033195 0.999433 
0.069392 -0.360177 0.930300 
0.352661 -0.263853 0.897782 
-0.072605 0.019291 0.997174 
0.277271 0.100686 0.955502 
-0.076793 -0.370661 0.925588 
0.121638 0.055584 0.991017 
-0.082811 -0.119965 0.989318 
-0.133463 0.042690 0.990134 
-0.072370 -0.252928 0.964775 
-0.009926 -0.375477 0.926779 
0.211956 0.101201 0.972025 
