-0.231751 -0.882085 -0.410142 
-0.179441 -0.871786 -0.455840 
-0.299460 -0.866612 -0.399132 
-0.330978 -0.881006 -0.338056 
-0.118307 -0.894902 -0.430296 
-0.158405 -0.936706 -0.312234 
-0.164284 -0.955530 -0.244893 
-0.395135 -0.858872 -0.325895 
-0.098566 -0.968894 -0.226999 
-0.041775 -0.980492 -0.192071 
-0.324047 -0.905837 -0.272859 
-0.135118 -0.852360 -0.505199 
-0.335892 -0.919102 -0.205982 
-0.341928 -0.830326 -0.440050 
-0.068212 -0.851750 -0.519489 
-0.192486 -0.824461 -0.532178 
-0.057910 -0.957559 -0.282359 
-0.382950 -0.910019 -0.158792 
-0.430060 -0.862334 -0.267263 
-0.308137 -0.811001 -0.497322 
0.007379 -0.953272 -0.302024 
-0.295119 -0.942734 -0.155429 
-0.404839 -0.812232 -0.419982 
-0.126327 -0.817290 -0.562208 
-0.243126 -0.847466 -0.471902 
-0.121141 -0.979191 -0.162820 
-0.435239 -0.771944 -0.463325 
-0.207963 -0.959362 -0.190726 
-0.022165 -0.879032 -0.476248 
-0.241715 -0.963208 -0.117490 
-0.026537 -0.825815 -0.563316 
-0.032031 -0.909076 -0.415398 
-0.383090 -0.772350 -0.506674 
0.021446 -0.976209 -0.215767 
-0.096492 -0.933549 -0.345218 
