0.237704 0.021644 0.971096 
0.253897 0.142956 0.956609 
0.214191 -0.044032 0.975799 
0.186008 0.135257 0.973194 
0.277766 -0.067496 0.958275 
0.341738 -0.083761 0.936055 
0.405811 -0.081445 0.910321 
0.121591 0.112255 0.986212 
0.303752 0.187108 0.934197 
0.363044 -0.017711 0.931604 
0.227917 0.207611 0.951290 
0.362370 0.151252 0.919680 
0.348728 0.232785 0.907854 
0.306610 -0.142497 0.941108 
0.169965 -0.096248 0.980739 
0.070565 0.066970 0.995257 
0.131134 0.180241 0.974842 
0.419397 0.015814 0.907665 
0.120566 0.246452 0.961626 
0.227697 0.274175 0.934335 
0.102548 -0.097711 0.989917 
0.056780 0.264741 0.962647 
0.387545 0.279721 0.878388 
0.216078 -0.144986 0.965551 
0.445526 0.290183 0.846936 
0.116554 -0.162627 0.979779 
0.480173 0.020489 0.876935 
0.454375 -0.118150 0.882940 
0.424210 0.129405 0.896270 
0.034164 0.202930 0.978597 
0.369816 0.060603 0.927126 
0.498555 -0.043708 0.865756 
0.156129 -0.006913 0.987712 
0.292580 0.284711 0.912873 
0.369857 -0.151576 0.916641 
0.477771 0.156391 0.864452 
0.060759 -0.043964 0.997184 
