-0.950786 -0.100644 0.301457 
-0.967004 -0.080063 0.267281 
-0.973203 -0.118486 0.236811 
-0.993956 -0.135003 0.176966 
-0.897213 -0.152698 0.420347 
-0.844055 -0.188725 0.544191 
-0.977639 -0.180000 0.202222 
-0.985961 -0.295428 0.137314 
-0.870201 -0.175329 0.481651 
-0.844996 -0.196446 0.538856 
-0.953601 -0.230660 0.245300 
-0.945163 -0.248444 0.260422 
-0.857245 -0.244436 0.489154 
-0.852800 -0.268149 0.491729 
-0.962934 -0.031185 0.296176 
-0.981566 0.075352 0.288076 
-0.938492 -0.188660 0.300142 
-0.938175 -0.187779 0.301292 
-0.861407 -0.306290 0.455143 
-0.863190 -0.332790 0.440572 
-0.888101 -0.273438 0.398503 
-0.896904 -0.262605 0.379825 
-0.946139 0.006357 0.353696 
-0.943099 0.013155 0.364111 
-0.891597 -0.092738 0.457405 
-0.886915 -0.042749 0.488302 
-0.987727 0.016194 0.249911 
-0.998919 0.037581 0.229026 
-0.928114 0.040305 0.413048 
-0.917759 0.059806 0.447141 
-0.911523 -0.286469 0.333069 
-0.918236 -0.290203 0.314317 
-0.873962 -0.057617 0.516189 
-0.842793 0.004456 0.620083 
-0.874967 -0.351990 0.402916 
-0.879518 -0.367331 0.385385 
-0.909020 0.070870 0.473886 
-0.899991 0.085325 0.502658 
-0.874430 0.008959 0.540010 
-0.874486 0.017012 0.542891 
-0.838680 -0.212166 0.549271 
-0.836374 -0.208159 0.556737 
-0.833548 -0.296379 0.530872 
-0.826258 -0.312357 0.543705 
-0.924716 -0.067788 0.381188 
-0.924728 -0.066336 0.381703 
-0.986310 -0.235301 0.159018 
-0.991670 -0.269483 0.132315 
-0.991937 -0.295246 0.121938 
-0.993481 -0.311694 0.111764 
-1.008604 -0.008034 0.186846 
-1.010638 -0.010394 0.180701 
-0.858272 0.048242 0.596540 
-0.854450 0.057534 0.609912 
-1.010514 -0.072429 0.157698 
-1.011128 -0.093128 0.148329 
-0.950460 0.096514 0.376424 
-0.953778 0.104858 0.370987 
-0.965406 -0.330274 0.177338 
-0.961841 -0.334981 0.184781 
-1.021706 0.061001 0.178936 
-1.028641 0.097540 0.174750 
-0.942277 -0.315773 0.242566 
-0.941160 -0.315072 0.245718 
-0.818791 -0.364380 0.543447 
-0.818152 -0.367323 0.543991 
-0.847150 -0.088497 0.573874 
-0.846926 -0.088755 0.574357 
-0.905461 -0.356129 0.322546 
-0.903959 -0.373398 0.319937 
-1.008474 -0.178598 0.123054 
-1.011546 -0.170737 0.118069 
-1.006639 0.103108 0.233708 
-0.999312 0.123587 0.260346 
-0.979663 0.083561 0.296079 
-0.976766 0.081461 0.302777 
