-0.963392 -0.255720 -0.107164 
-0.940844 -0.372820 -0.109132 
-0.956213 -0.253356 -0.177469 
-0.944428 -0.249476 -0.292888 
-0.991806 -0.122496 -0.079476 
-1.025871 0.021947 -0.019432 
-0.994364 -0.077897 -0.134289 
-0.996404 -0.042325 -0.178007 
-1.005372 -0.084350 -0.021503 
-1.011199 -0.067966 0.003397 
-1.004824 -0.011161 -0.155190 
-1.009308 0.017447 -0.164149 
-0.992068 -0.042801 -0.217126 
-0.989882 -0.048223 -0.227738 
-0.970842 -0.256661 -0.036853 
-0.984539 -0.258391 0.092402 
-1.004908 -0.121140 0.038882 
-1.004125 -0.183288 0.140889 
-0.941577 -0.320407 -0.194498 
-0.919002 -0.423823 -0.220763 
-0.928834 -0.351946 -0.256489 
-0.919273 -0.375612 -0.303004 
-0.977212 -0.094719 -0.262776 
-0.972499 -0.111191 -0.277259 
-0.979463 -0.051223 -0.318480 
-0.979881 -0.043142 -0.328828 
-0.965052 -0.311911 0.006896 
-0.953083 -0.426125 0.097334 
-0.919228 -0.362944 -0.325676 
-0.915824 -0.366841 -0.350194 
-0.952597 -0.381168 0.013847 
-0.943907 -0.429494 0.018698 
-0.994323 0.014512 -0.297075 
-0.999490 0.037367 -0.289632 
-1.020491 -0.022032 0.008294 
-1.025761 -0.000314 0.018679 
-0.958032 -0.211433 -0.234383 
-0.958111 -0.209631 -0.236830 
-0.962979 -0.365525 0.082020 
-0.970242 -0.354581 0.129714 
-0.980200 -0.253022 0.042988 
-0.985960 -0.230632 0.056710 
-0.949170 -0.218168 -0.304212 
-0.943533 -0.222451 -0.348631 
-1.031724 -0.001016 0.074869 
-1.041354 0.017000 0.131940 
-0.952728 -0.340367 -0.056652 
-0.948668 -0.349742 -0.077588 
-0.941508 -0.361300 -0.123255 
-0.940998 -0.362252 -0.126285 
-1.021679 -0.066989 0.098250 
-1.021172 -0.070319 0.099430 
-1.043091 0.020877 0.141137 
-1.045057 0.024663 0.152597 
-1.013028 -0.021157 -0.062016 
-1.011914 -0.021026 -0.072516 
-1.000014 -0.173621 0.086017 
-0.999905 -0.174788 0.087065 
-1.019970 0.047592 -0.118876 
-1.021839 0.054841 -0.114396 
-0.949420 -0.434854 0.078922 
-0.948374 -0.440198 0.078683 
-0.985216 -0.188639 -0.023954 
-0.986003 -0.184912 -0.023248 
-0.987896 -0.252667 0.113277 
-0.988159 -0.252655 0.115682 
-1.027877 0.044662 -0.040867 
-1.028468 0.047284 -0.040024 
