-0.565868 -0.029466 -0.823969 
-0.475470 -0.125040 -0.870800 
-0.619871 -0.008540 -0.784658 
-0.441994 -0.067802 -0.894452 
-0.569287 -0.130584 -0.811702 
-0.440126 0.002188 -0.897934 
-0.618897 0.060801 -0.783116 
-0.624738 -0.134605 -0.769145 
-0.429866 0.070487 -0.900137 
-0.676264 -0.114727 -0.727670 
-0.418565 -0.158096 -0.894321 
-0.619740 -0.203117 -0.758067 
-0.590909 -0.265759 -0.761707 
-0.572757 0.102996 -0.813229 
-0.366629 -0.121539 -0.922394 
-0.542743 -0.241312 -0.804487 
-0.525100 -0.306266 -0.794022 
-0.708373 -0.059216 -0.703350 
-0.375340 -0.210789 -0.902601 
-0.314755 -0.232951 -0.920143 
-0.420970 0.137377 -0.896611 
-0.593997 -0.326809 -0.735094 
-0.305032 -0.140877 -0.941865 
-0.519964 0.078114 -0.850609 
-0.445956 0.195172 -0.873517 
-0.505189 0.183146 -0.843351 
-0.642848 -0.267685 -0.717698 
-0.715909 0.008473 -0.698142 
-0.377096 -0.000964 -0.926174 
-0.520947 -0.176117 -0.835223 
-0.292623 -0.074610 -0.953313 
-0.420825 -0.252555 -0.871276 
-0.250526 -0.175753 -0.952023 
