0.724564 0.324359 -0.608111 
0.753906 0.355433 -0.552534 
0.621178 0.380117 -0.685309 
0.726310 0.419350 -0.544627 
0.735715 0.257425 -0.626463 
0.725830 0.196645 -0.659168 
0.625405 0.315693 -0.713587 
0.770680 0.169740 -0.614199 
0.596560 0.443691 -0.668771 
0.718266 0.476517 -0.506976 
0.794375 0.348912 -0.497221 
0.542937 0.483048 -0.686939 
0.808881 0.133272 -0.572669 
0.785689 0.293895 -0.544352 
0.677338 0.195117 -0.709325 
0.656795 0.138586 -0.741225 
0.571771 0.519164 -0.635254 
0.589039 0.277381 -0.759008 
0.523653 0.434593 -0.732746 
0.532561 0.299917 -0.791472 
0.636005 0.465880 -0.615185 
0.739181 0.502278 -0.448696 
0.780088 0.449221 -0.435503 
0.747300 0.118953 -0.653752 
0.670546 0.522472 -0.526679 
0.505473 0.362923 -0.782805 
0.568248 0.221443 -0.792500 
0.592380 0.157550 -0.790104 
0.486872 0.515331 -0.705259 
0.497378 0.256632 -0.828707 
0.598568 0.551659 -0.580852 
0.820382 0.241055 -0.518522 
0.507528 0.191078 -0.840181 
0.495131 0.565078 -0.659948 
0.688833 0.399181 -0.605114 
0.561797 0.361659 -0.744034 
