-0.299802 0.205328 0.934323 
-0.247368 0.141352 0.972089 
-0.362460 0.317192 0.879211 
-0.394237 0.407384 0.841830 
-0.398349 0.215723 0.894305 
-0.577484 0.093702 0.861282 
-0.344007 0.384390 0.867215 
-0.322448 0.462893 0.853201 
-0.340131 0.147258 0.935513 
-0.364789 0.111754 0.936241 
-0.424112 0.336605 0.850537 
-0.534826 0.371466 0.799044 
-0.395030 0.103474 0.927194 
-0.457797 0.053415 0.917681 
-0.259037 0.263097 0.933381 
-0.222408 0.315007 0.932535 
-0.290114 0.107337 0.965589 
-0.176101 0.016339 1.034147 
-0.479843 0.368238 0.820646 
-0.514940 0.388159 0.801823 
-0.281419 0.413496 0.882566 
-0.199924 0.451393 0.902554 
-0.368717 0.445145 0.840790 
-0.395106 0.510025 0.812572 
-0.461315 0.091711 0.905563 
-0.490359 0.086557 0.896085 
-0.215004 0.416940 0.906590 
-0.085241 0.423671 0.953528 
-0.485655 0.152653 0.879225 
-0.492580 0.169992 0.871732 
-0.261559 0.048682 0.992869 
-0.226768 -0.022779 1.026105 
-0.523387 0.204981 0.850276 
-0.548936 0.240414 0.830673 
-0.541212 0.109811 0.870393 
-0.585059 0.075999 0.863421 
-0.606803 0.092256 0.850656 
-0.627180 0.086802 0.844524 
-0.211474 0.098362 0.997715 
-0.176759 0.132797 1.001073 
-0.174190 0.158375 0.994831 
-0.164577 0.173849 0.994087 
-0.425505 0.474955 0.811016 
-0.478475 0.502762 0.783243 
-0.153061 0.398308 0.935154 
-0.115906 0.387132 0.952287 
-0.139413 0.333040 0.958687 
-0.133549 0.304995 0.968799 
-0.503328 0.429601 0.794512 
-0.508214 0.442366 0.789075 
-0.412303 0.036055 0.939696 
-0.415073 0.025241 0.941702 
-0.289804 0.480187 0.860612 
-0.291326 0.492289 0.856628 
-0.205574 0.333228 0.933734 
-0.207632 0.333234 0.932958 
-0.346738 0.031220 0.965734 
-0.344099 0.031026 0.966782 
-0.218859 0.000712 1.022460 
-0.201597 -0.018680 1.034422 
-0.291158 0.345214 0.898147 
-0.291216 0.344811 0.898239 
-0.459902 0.529817 0.782607 
-0.464610 0.537325 0.778719 
