-0.182290 0.710947 -0.679209 
-0.290877 0.672612 -0.680429 
-0.197630 0.655852 -0.728561 
-0.207767 0.768038 -0.605764 
-0.373323 0.715911 -0.590001 
-0.288752 0.857154 -0.426508 
-0.445220 0.841140 -0.307022 
-0.411070 0.878755 -0.242512 
-0.537513 0.702885 -0.465867 
-0.618422 0.685240 -0.384708 
-0.575746 0.736717 -0.354634 
-0.597653 0.727046 -0.337958 
-0.509723 0.839628 -0.187637 
-0.633949 0.732028 -0.249489 
-0.522855 0.768393 -0.369047 
-0.586634 0.724146 -0.362592 
-0.532760 0.643322 -0.549821 
-0.356414 0.691675 -0.628136 
-0.484960 0.674138 -0.557092 
-0.449279 0.754024 -0.479161 
-0.370129 0.754968 -0.541320 
-0.495839 0.689099 -0.528476 
-0.571103 0.661052 -0.486675 
-0.417172 0.614155 -0.669911 
-0.473679 0.659431 -0.583762 
-0.533904 0.638816 -0.553950 
-0.316240 0.680376 -0.661121 
-0.178483 0.670960 -0.719692 
-0.408847 0.653973 -0.636524 
-0.437817 0.808722 -0.392790 
-0.512719 0.650007 -0.560900 
-0.510708 0.763183 -0.395890 
-0.357895 0.828456 -0.430781 
-0.392413 0.651935 -0.648840 
-0.242195 0.793180 -0.558755 
-0.320466 0.851535 -0.414957 
-0.402312 0.673313 -0.620318 
-0.314682 0.797368 -0.514956 
-0.449669 0.736970 -0.504651 
-0.378861 0.617216 -0.689571 
-0.448852 0.760727 -0.468856 
-0.626282 0.729502 -0.274951 
-0.405732 0.813863 -0.415942 
-0.533122 0.779293 -0.329369 
-0.316920 0.824277 -0.469179 
-0.575153 0.757848 -0.308002 
-0.611546 0.775729 -0.155743 
-0.625153 0.685403 -0.373370 
-0.546682 0.733705 -0.403505 
-0.669767 0.611903 -0.420698 
