0.388176 0.801727 -0.454481 
0.321408 0.855508 -0.405959 
0.465167 0.826074 -0.318154 
0.530689 0.809633 -0.250724 
0.731150 0.664187 -0.155804 
0.685340 0.702684 -0.191164 
0.728338 0.685047 -0.015341 
0.563031 0.816573 -0.127297 
0.501894 0.808969 -0.306060 
0.432236 0.757623 -0.489060 
0.261357 0.846990 -0.462926 
0.399743 0.851498 -0.339348 
0.354698 0.925480 -0.132953 
0.324718 0.942415 0.080077 
0.169283 0.985159 -0.028374 
0.172375 0.960343 -0.219156 
0.408313 0.909643 -0.076353 
0.260058 0.926476 -0.272051 
0.185307 0.931996 -0.311520 
0.287600 0.882142 -0.372977 
0.413540 0.876096 -0.247871 
0.427085 0.900134 -0.085772 
0.235765 0.966167 -0.104578 
0.360025 0.931706 -0.048026 
0.347992 0.937497 -0.000917 
0.356847 0.926976 -0.115653 
0.359403 0.918924 -0.162507 
0.408602 0.836676 -0.364717 
0.404844 0.740540 -0.536379 
0.520682 0.741190 -0.423708 
0.598651 0.650336 -0.467632 
0.414135 0.650525 -0.636639 
0.342717 0.629014 -0.697773 
0.429644 0.642026 -0.634987 
0.577546 0.683985 -0.445653 
0.537339 0.685585 -0.491162 
0.624214 0.686864 -0.372255 
0.662271 0.643799 -0.383301 
0.798069 0.556530 -0.230998 
0.676476 0.709382 -0.197884 
0.472117 0.829297 -0.298951 
0.377143 0.855778 -0.354129 
0.618349 0.758490 -0.205761 
0.519246 0.850713 -0.081677 
0.317503 0.935595 -0.154445 
0.509674 0.823564 -0.248947 
0.558089 0.772737 -0.302349 
0.763920 0.616379 -0.191058 
0.677844 0.728074 -0.102156 
0.518187 0.825979 -0.221903 
