-0.670468 -0.681842 -0.360875 
-0.714111 -0.589990 -0.390776 
-0.689254 -0.636724 -0.351852 
-0.593267 -0.763134 -0.305028 
-0.415224 -0.866219 -0.348225 
-0.270215 -0.831668 -0.543213 
-0.376285 -0.901312 -0.328012 
-0.413982 -0.920711 -0.136246 
-0.210241 -0.988375 -0.158604 
-0.196777 -0.996528 0.021777 
-0.258164 -0.969528 -0.044014 
-0.263516 -0.969837 0.091753 
-0.339663 -0.950655 -0.025154 
-0.201616 -0.990866 0.024944 
-0.352741 -0.943138 0.233970 
-0.166128 -1.021192 0.051473 
-0.140956 -0.981100 0.205703 
-0.353140 -0.905866 0.358631 
-0.360130 -0.874637 0.325736 
-0.379521 -0.772351 0.577737 
-0.219384 -0.746936 0.651417 
-0.216266 -0.781980 0.588786 
-0.154923 -0.693499 0.724637 
-0.164299 -0.817538 0.583042 
-0.262870 -0.625985 0.793324 
-0.214238 -0.830070 0.590245 
-0.146227 -0.861585 0.498633 
-0.388202 -0.830805 0.468439 
-0.348264 -0.842939 0.414631 
-0.503382 -0.846177 0.273230 
-0.529057 -0.881664 0.034521 
-0.693158 -0.742792 0.208130 
-0.635380 -0.744503 0.209708 
-0.682864 -0.678372 0.295916 
-0.707144 -0.560486 0.486299 
-0.606325 -0.566318 0.573426 
-0.687267 -0.484066 0.554043 
-0.737496 -0.628313 0.353377 
-0.793705 -0.572235 0.244470 
-0.782669 -0.483267 0.453250 
-0.717624 -0.363396 0.635794 
-0.489439 -0.487546 0.781561 
-0.238686 -0.622070 0.797130 
-0.118562 -0.744854 0.686552 
-0.402844 -0.741790 0.611204 
-0.390229 -0.804405 0.471632 
-0.293462 -0.714416 0.681962 
-0.497283 -0.594196 0.674369 
-0.644799 -0.457184 0.644888 
-0.505192 -0.637830 0.624567 
