-0.317073 0.518599 0.797195 
-0.360654 0.468321 0.818773 
-0.208295 0.597840 0.777303 
-0.008272 0.685658 0.783241 
-0.331994 0.460488 0.834617 
-0.345660 0.407266 0.868890 
-0.381149 0.526969 0.768487 
-0.511327 0.543973 0.710162 
-0.295691 0.619349 0.730735 
-0.310171 0.651232 0.702222 
-0.298100 0.675902 0.688355 
-0.303211 0.795880 0.598447 
-0.287437 0.733982 0.649457 
-0.278208 0.784253 0.615789 
-0.154506 0.571987 0.815229 
-0.075436 0.533982 0.870980 
-0.440831 0.489597 0.774918 
-0.513228 0.444262 0.782719 
-0.313591 0.782200 0.604837 
-0.316665 0.787867 0.599594 
-0.086862 0.577330 0.835122 
-0.021615 0.582484 0.854311 
-0.079827 0.635199 0.795102 
-0.072597 0.694671 0.753973 
-0.508696 0.474299 0.762256 
-0.531298 0.469204 0.758040 
-0.274258 0.440049 0.869956 
-0.161496 0.400132 0.938974 
-0.512071 0.530655 0.719681 
-0.513901 0.561208 0.696600 
-0.237456 0.398299 0.913574 
-0.217319 0.375455 0.937441 
-0.371023 0.407252 0.859970 
-0.375115 0.401670 0.862628 
-0.379734 0.757779 0.599483 
-0.384065 0.756180 0.599132 
-0.190380 0.447348 0.894129 
-0.164548 0.474264 0.883459 
-0.245633 0.340346 0.953255 
-0.247984 0.323679 0.964667 
-0.362982 0.616392 0.709213 
-0.370720 0.616052 0.706738 
-0.221389 0.731441 0.674579 
-0.168115 0.729393 0.694841 
-0.497443 0.588772 0.682152 
-0.488438 0.624544 0.659053 
-0.018956 0.670866 0.790342 
0.008045 0.686687 0.788231 
-0.412596 0.702357 0.628612 
-0.428640 0.675300 0.642834 
-0.122362 0.459515 0.909144 
-0.098506 0.463782 0.914410 
-0.061023 0.708587 0.747828 
-0.091500 0.735915 0.717028 
-0.127980 0.687282 0.739899 
-0.149795 0.680340 0.737315 
-0.176479 0.383281 0.946074 
-0.159130 0.379008 0.955320 
-0.466210 0.432455 0.807945 
-0.468808 0.426606 0.811326 
-0.206873 0.526815 0.829963 
-0.209657 0.524414 0.830747 
-0.303889 0.359986 0.918319 
-0.306607 0.360902 0.916689 
-0.155724 0.757352 0.678672 
-0.151972 0.758832 0.678905 
-0.574060 0.496772 0.722737 
-0.590996 0.487515 0.723572 
-0.020630 0.601453 0.840728 
-0.013780 0.603948 0.841308 
-0.463018 0.655631 0.645173 
-0.464580 0.654184 0.645686 
-0.234464 0.666454 0.717701 
-0.233158 0.666260 0.718303 
