-0.129794 0.181691 0.974752 
-0.195791 0.199817 0.960072 
-0.040630 0.137652 0.989647 
-0.022770 0.260469 0.965214 
0.025143 0.113615 0.993207 
-0.201577 0.267161 0.942333 
-0.135699 0.289714 0.947445 
-0.027032 0.327238 0.944555 
0.031486 0.361761 0.931739 
-0.243826 0.150104 0.958132 
-0.222543 0.327976 0.918099 
-0.010545 0.053851 0.998493 
0.089264 0.324666 0.941607 
-0.012359 0.410857 0.911616 
-0.226155 0.084232 0.970443 
0.041227 0.009224 0.999107 
0.081043 0.154743 0.984625 
-0.223764 0.016258 0.974508 
0.148879 0.157507 0.976231 
-0.189104 0.386086 0.902872 
0.129929 0.372808 0.918767 
-0.078507 0.069435 0.994493 
-0.151805 0.115454 0.981644 
0.089675 -0.036018 0.995320 
-0.132645 0.026574 0.990807 
0.160735 0.223780 0.961294 
0.102141 0.040885 0.993929 
-0.290529 0.074071 0.953995 
-0.090044 -0.026867 0.995575 
0.155558 0.309615 0.938051 
-0.080404 0.399636 0.913141 
-0.239837 0.418586 0.875936 
0.034478 0.220603 0.974754 
-0.292011 0.193728 0.936589 
-0.290045 0.007180 0.956986 
0.075608 0.412689 0.907728 
