-0.135343 0.778580 0.616843 
-0.146494 0.740963 0.669395 
-0.187213 0.829088 0.531568 
-0.328849 0.851142 0.468139 
-0.239958 0.797351 0.566365 
-0.291520 0.766326 0.600381 
-0.098169 0.858982 0.507457 
-0.058815 0.921325 0.424958 
-0.075263 0.764121 0.651213 
0.011242 0.743301 0.700701 
-0.028225 0.869363 0.507675 
0.057529 0.882091 0.507942 
-0.021724 0.830286 0.566247 
-0.020966 0.825729 0.573078 
-0.198308 0.754502 0.638190 
-0.219569 0.746372 0.645398 
0.046968 0.845485 0.559144 
0.123883 0.862504 0.551190 
-0.198386 0.867348 0.473162 
-0.219724 0.940418 0.361615 
0.092927 0.820037 0.606474 
0.126904 0.801223 0.641465 
0.113290 0.865326 0.544733 
0.130801 0.870564 0.540928 
-0.309141 0.796929 0.551751 
-0.383001 0.796479 0.536150 
-0.216260 0.714074 0.693355 
-0.223046 0.698792 0.714208 
-0.347399 0.759544 0.597996 
-0.349854 0.757145 0.600963 
-0.162220 0.694155 0.734379 
-0.091625 0.668134 0.787970 
0.162836 0.823762 0.616417 
0.199538 0.825717 0.621638 
-0.053747 0.728335 0.708278 
-0.048683 0.719912 0.721709 
-0.220573 0.666000 0.762703 
-0.236391 0.658368 0.770381 
-0.152307 0.902178 0.432374 
-0.140164 0.911357 0.421625 
0.015470 0.905078 0.465069 
0.031950 0.918548 0.449000 
-0.007201 0.940527 0.408242 
-0.033585 0.981784 0.342105 
-0.362903 0.817066 0.510470 
-0.364635 0.817715 0.509140 
0.061617 0.781104 0.656513 
0.054477 0.772225 0.667923 
-0.076684 0.688259 0.761830 
-0.080349 0.681856 0.770387 
-0.278780 0.689536 0.715473 
-0.279840 0.689120 0.715848 
-0.035569 0.974126 0.352867 
-0.053646 0.995534 0.317582 
-0.104083 0.975721 0.335451 
-0.118439 0.976055 0.331802 
-0.401776 0.846309 0.459151 
-0.402678 0.846988 0.457960 
0.057223 0.740816 0.714457 
0.056854 0.737425 0.719333 
-0.193169 0.930437 0.382057 
-0.210730 0.942582 0.360432 
-0.183528 0.635900 0.814873 
-0.180831 0.633709 0.818670 
0.146503 0.783267 0.672036 
0.145766 0.781437 0.674549 
-0.264357 0.846979 0.488424 
-0.268364 0.845742 0.489351 
-0.310135 0.872535 0.440976 
-0.313513 0.874421 0.437475 
-0.004182 0.793438 0.623992 
-0.003954 0.792959 0.624742 
-0.068746 0.915041 0.431961 
-0.068754 0.915037 0.431964 
-0.266885 0.736521 0.649387 
-0.266905 0.736530 0.649370 
