0.067968 -0.425534 -0.905153 
-0.047771 -0.321490 -0.976119 
0.156111 -0.517395 -0.844353 
0.227885 -0.604406 -0.788313 
0.103209 -0.561317 -0.827851 
0.000143 -0.646887 -0.795702 
0.084298 -0.622404 -0.797671 
0.074525 -0.653972 -0.782075 
0.000837 -0.410896 -0.921861 
-0.092392 -0.390567 -0.945065 
0.221914 -0.535572 -0.825927 
0.277831 -0.551017 -0.810270 
0.017433 -0.349400 -0.952566 
0.048864 -0.232937 -1.010715 
0.109140 -0.679356 -0.763918 
0.121839 -0.708471 -0.746662 
0.168781 -0.424686 -0.892275 
0.246308 -0.360487 -0.916368 
0.016003 -0.611607 -0.812478 
-0.115796 -0.590772 -0.841054 
0.238692 -0.414869 -0.888282 
0.318347 -0.403684 -0.883733 
0.304394 -0.389218 -0.893317 
0.398311 -0.352552 -0.900513 
0.284921 -0.559656 -0.804711 
0.325970 -0.575347 -0.790888 
0.370780 -0.365211 -0.897382 
0.413749 -0.349672 -0.900013 
0.166840 -0.362467 -0.925818 
0.165757 -0.327766 -0.944526 
-0.066245 -0.396115 -0.938639 
-0.095519 -0.389665 -0.945961 
0.296803 -0.451619 -0.860937 
0.296599 -0.453293 -0.860069 
-0.050742 -0.634686 -0.808958 
-0.068399 -0.640791 -0.808026 
0.167620 -0.641609 -0.776379 
0.190446 -0.626875 -0.781242 
0.189643 -0.302242 -0.955022 
0.200355 -0.273950 -0.968741 
-0.098631 -0.453221 -0.912371 
-0.133007 -0.513835 -0.884489 
0.193514 -0.698142 -0.742711 
0.211593 -0.737610 -0.719205 
0.345916 -0.493489 -0.832043 
0.362463 -0.507595 -0.822308 
0.050221 -0.292458 -0.978693 
0.056411 -0.281708 -0.983625 
0.274338 -0.621875 -0.772824 
0.271411 -0.639086 -0.764004 
-0.019584 -0.471674 -0.892046 
-0.022412 -0.480091 -0.887917 
-0.109466 -0.603713 -0.833293 
-0.161028 -0.576516 -0.854661 
-0.067202 -0.333824 -0.972090 
-0.067558 -0.310642 -0.984539 
0.145678 -0.256038 -0.985554 
0.139691 -0.249747 -0.989711 
0.259754 -0.294678 -0.949797 
0.291980 -0.291201 -0.947396 
-0.007644 -0.260302 -1.003547 
-0.026138 -0.250025 -1.011491 
-0.082734 -0.513078 -0.878247 
-0.080894 -0.520006 -0.874297 
0.101428 -0.343359 -0.944690 
0.100633 -0.343126 -0.944920 
0.339060 -0.311327 -0.930403 
0.336922 -0.307695 -0.932629 
0.233274 -0.747352 -0.711126 
0.235361 -0.749936 -0.709468 
-0.177385 -0.591570 -0.848771 
-0.201124 -0.587326 -0.854180 
-0.031024 -0.552426 -0.850358 
-0.026042 -0.556217 -0.847671 
-0.161470 -0.529968 -0.879622 
-0.160557 -0.526437 -0.881391 
0.028063 -0.672367 -0.778378 
0.028258 -0.673345 -0.777829 
0.438267 -0.344228 -0.899683 
0.440646 -0.343489 -0.899764 
0.051317 -0.522154 -0.855664 
0.050084 -0.521223 -0.856325 
0.034483 -0.208096 -1.025906 
0.042277 -0.198438 -1.030042 
