-0.302854 0.955316 -0.025521 
-0.286720 0.965400 0.021071 
-0.326869 0.953436 0.040960 
-0.369756 0.950080 0.159684 
-0.243507 0.978786 0.004928 
-0.108706 1.032097 0.074089 
-0.354515 0.925080 -0.153444 
-0.405793 0.896665 -0.263914 
-0.385356 0.908475 -0.214870 
-0.419207 0.890249 -0.282290 
-0.328076 0.924594 -0.253069 
-0.176525 0.967242 -0.354136 
-0.393622 0.930945 0.047139 
-0.431534 0.918171 0.050648 
-0.446101 0.917178 0.092487 
-0.469845 0.910949 0.113004 
-0.451797 0.884947 -0.220529 
-0.567688 0.843909 -0.230402 
-0.286389 0.944199 -0.199423 
-0.278540 0.947890 -0.189324 
-0.491275 0.896682 0.042096 
-0.524965 0.881396 0.004515 
-0.372819 0.944540 0.113339 
-0.367166 0.948234 0.131325 
-0.180199 0.998292 -0.019803 
-0.117969 1.017466 -0.044113 
-0.146229 1.015793 0.039693 
-0.127491 1.025447 0.072511 
-0.236456 0.965834 -0.154272 
-0.217061 0.974238 -0.136733 
-0.429832 0.886048 -0.287733 
-0.416620 0.886710 -0.328157 
-0.232891 0.958450 -0.243411 
-0.155025 0.979193 -0.307436 
-0.404084 0.912660 -0.104570 
-0.432824 0.905459 -0.076233 
-0.306552 0.968152 0.120492 
-0.301687 0.969886 0.121017 
-0.291769 0.931322 -0.313372 
-0.282923 0.932962 -0.328064 
-0.516874 0.861087 -0.234519 
-0.565149 0.843386 -0.244896 
-0.143709 1.005095 -0.079988 
-0.138946 1.005983 -0.087843 
-0.470938 0.889835 -0.101483 
-0.504098 0.878514 -0.099952 
-0.123406 1.005569 -0.147719 
-0.103522 1.006034 -0.214055 
-0.243254 0.987651 0.095728 
-0.235288 0.990106 0.092611 
-0.124018 0.998556 -0.218079 
-0.124135 0.997209 -0.231589 
-0.176135 0.974303 -0.282494 
-0.174330 0.974807 -0.283737 
-0.124380 1.029711 0.105487 
-0.114539 1.035980 0.135121 
-0.139933 0.980988 -0.342866 
-0.133487 0.982178 -0.353617 
-0.521050 0.892570 0.106100 
-0.527174 0.891725 0.119264 
-0.529873 0.872853 -0.066294 
-0.550914 0.866790 -0.053730 
-0.504308 0.904895 0.173686 
-0.504258 0.904932 0.173889 
-0.530149 0.863206 -0.165098 
-0.532181 0.863530 -0.154474 
-0.357849 0.907643 -0.321895 
-0.358410 0.907442 -0.321967 
-0.235397 0.973001 -0.083933 
-0.235394 0.973020 -0.083744 
-0.452696 0.904345 -0.016665 
-0.450769 0.904727 -0.019600 
-0.566581 0.839502 -0.279942 
-0.571965 0.837165 -0.284862 
-0.210821 0.956600 -0.341515 
-0.214891 0.954522 -0.348441 
