0.691509 -0.125000 0.711470 
0.685646 -0.194339 0.701514 
0.662872 -0.260157 0.702082 
0.734492 -0.084902 0.673285 
0.627792 -0.041547 0.777271 
0.597164 -0.154845 0.787032 
0.776704 -0.102144 0.621529 
0.572309 -0.032688 0.819386 
0.514567 -0.044095 0.856315 
0.544506 -0.133266 0.828102 
0.501977 0.022950 0.864576 
0.557402 0.043468 0.829104 
0.610501 -0.259711 0.748223 
0.594239 0.093527 0.798832 
0.557733 -0.247591 0.792233 
0.647980 0.097126 0.755439 
0.672252 0.151755 0.724601 
0.794148 -0.037337 0.606577 
0.577946 -0.319648 0.750869 
0.510247 -0.216449 0.832345 
0.711960 0.105536 0.694244 
0.459373 -0.072425 0.885286 
0.694079 -0.049273 0.718210 
0.821930 -0.081851 0.563677 
0.734726 -0.179004 0.654320 
0.767991 -0.211495 0.604532 
0.670275 0.033617 0.741351 
0.570372 -0.381344 0.727498 
0.411698 -0.033714 0.910696 
0.485694 -0.145523 0.861931 
0.635331 0.202788 0.745139 
0.778873 0.026708 0.626613 
0.827966 -0.145544 0.541562 
0.521449 -0.324715 0.789083 
0.730359 -0.263208 0.630316 
0.623055 -0.349594 0.699705 
0.734887 0.017995 0.677950 
0.425936 -0.152171 0.891865 
