-0.222176 -0.595682 0.775113 
-0.230873 -0.592074 0.776259 
-0.254969 -0.640848 0.731700 
-0.341779 -0.760410 0.616777 
-0.147926 -0.677917 0.723565 
-0.125314 -0.810773 0.620305 
-0.143353 -0.570214 0.811977 
-0.132610 -0.529995 0.846846 
-0.164134 -0.515725 0.851965 
-0.186501 -0.457075 0.895008 
-0.205549 -0.467372 0.882735 
-0.216547 -0.454533 0.890906 
-0.268266 -0.693397 0.686293 
-0.281660 -0.746331 0.640552 
-0.337808 -0.691393 0.673646 
-0.363954 -0.690640 0.668891 
-0.274584 -0.468700 0.867487 
-0.422433 -0.471543 0.834831 
-0.074239 -0.569320 0.826889 
-0.072851 -0.569302 0.827188 
-0.006407 -0.563096 0.845866 
0.071514 -0.555947 0.867666 
-0.141355 -0.452219 0.908218 
-0.090733 -0.440270 0.928314 
-0.134253 -0.733117 0.681540 
-0.120447 -0.788856 0.639104 
-0.317113 -0.609572 0.744346 
-0.363898 -0.586027 0.753866 
-0.088355 -0.493281 0.885747 
-0.081192 -0.498831 0.882711 
-0.343809 -0.468954 0.853072 
-0.349658 -0.468976 0.851854 
-0.265184 -0.748541 0.642139 
-0.263262 -0.782914 0.614617 
-0.071385 -0.715541 0.708719 
-0.028398 -0.703523 0.727302 
-0.027387 -0.472645 0.915022 
0.023109 -0.455553 0.939268 
-0.375132 -0.573200 0.761978 
-0.380182 -0.570034 0.763512 
-0.047231 -0.666467 0.753533 
-0.041035 -0.653878 0.765029 
-0.007965 -0.744883 0.697905 
0.042486 -0.768225 0.689303 
0.049741 -0.719771 0.730145 
0.068822 -0.711467 0.740806 
-0.053129 -0.782209 0.658320 
-0.067347 -0.793960 0.645858 
0.092364 -0.767529 0.700106 
0.100243 -0.776357 0.694553 
-0.260046 -0.523846 0.825684 
-0.258689 -0.528991 0.821783 
-0.304264 -0.790104 0.600361 
-0.311696 -0.798008 0.592416 
-0.134814 -0.787947 0.636893 
-0.134840 -0.790558 0.634768 
0.019957 -0.616571 0.807847 
0.022972 -0.622686 0.803499 
-0.413409 -0.466408 0.840854 
-0.428973 -0.465838 0.838122 
-0.197475 -0.805878 0.609469 
-0.205681 -0.808226 0.605878 
0.023797 -0.440448 0.951677 
0.030082 -0.436495 0.956177 
0.042029 -0.528424 0.883968 
0.046109 -0.525503 0.887177 
0.077988 -0.652930 0.790229 
0.088048 -0.659232 0.787175 
-0.368459 -0.737633 0.629800 
-0.372083 -0.743101 0.624616 
