0.047453 -0.556965 -0.832189 
-0.145891 -0.576863 -0.846456 
0.041559 -0.498672 -0.871777 
0.030255 -0.386879 -0.947697 
-0.021692 -0.571764 -0.832184 
-0.177217 -0.605052 -0.832172 
0.059685 -0.440592 -0.907807 
0.090964 -0.340372 -0.969978 
0.186307 -0.557412 -0.812147 
0.198810 -0.558807 -0.809441 
0.235957 -0.512515 -0.834931 
0.276408 -0.475937 -0.853493 
-0.041385 -0.629579 -0.796552 
-0.045547 -0.641799 -0.789022 
-0.092006 -0.673710 -0.774416 
-0.093722 -0.675206 -0.773665 
0.212232 -0.458646 -0.874113 
0.194279 -0.417885 -0.903761 
0.097971 -0.388717 -0.936845 
0.129911 -0.345442 -0.961070 
-0.010560 -0.680469 -0.758341 
0.005614 -0.707172 -0.738290 
-0.066359 -0.529255 -0.866793 
-0.108149 -0.489483 -0.899174 
0.034377 -0.722773 -0.723830 
0.047002 -0.734658 -0.714134 
0.128555 -0.447570 -0.893375 
0.134159 -0.448138 -0.892200 
0.093415 -0.750784 -0.696815 
0.193647 -0.798339 -0.650949 
0.275991 -0.558270 -0.798823 
0.294852 -0.579827 -0.781811 
0.102252 -0.691785 -0.734776 
0.102277 -0.691620 -0.734883 
0.014037 -0.398838 -0.942053 
-0.016146 -0.371231 -0.964697 
-0.127135 -0.562734 -0.853181 
-0.147472 -0.573937 -0.848626 
-0.035986 -0.443445 -0.919515 
-0.046484 -0.452807 -0.914785 
0.338510 -0.527359 -0.810480 
0.429551 -0.482346 -0.827455 
0.324048 -0.598055 -0.765542 
0.336391 -0.608273 -0.756995 
0.369167 -0.472371 -0.842673 
0.380309 -0.452387 -0.854373 
0.277696 -0.433052 -0.881817 
0.280766 -0.431852 -0.882178 
0.157234 -0.771164 -0.674192 
0.170751 -0.775480 -0.669401 
-0.146917 -0.640606 -0.804230 
-0.148519 -0.639640 -0.805099 
0.072289 -0.335594 -0.975810 
0.058061 -0.306163 -0.997397 
0.155648 -0.650041 -0.754933 
0.166358 -0.641667 -0.758976 
0.223735 -0.659978 -0.738644 
0.248268 -0.663559 -0.732776 
-0.012658 -0.346122 -0.980891 
-0.013539 -0.344384 -0.982172 
0.222874 -0.745940 -0.681625 
0.240586 -0.739134 -0.683630 
0.165513 -0.368183 -0.940891 
0.175582 -0.365122 -0.941494 
0.435952 -0.486188 -0.823992 
0.438567 -0.486729 -0.823260 
0.044097 -0.283509 -1.014442 
0.042972 -0.281430 -1.015984 
0.083507 -0.636264 -0.774349 
0.083023 -0.634830 -0.775371 
0.235731 -0.363073 -0.934302 
0.242269 -0.362597 -0.933689 
