0.096201 0.777067 0.622023 
0.204496 0.796466 0.569055 
0.161489 0.721047 0.673804 
0.040270 0.805593 0.591099 
0.267382 0.799125 0.538429 
0.003489 0.769747 0.638339 
0.095874 0.826914 0.554095 
0.099629 0.863181 0.494968 
0.030713 0.866635 0.497997 
0.190634 0.672603 0.715027 
-0.033059 0.730808 0.681782 
0.219710 0.622123 0.751459 
-0.047149 0.797634 0.601296 
0.153873 0.616843 0.771899 
0.141896 0.884320 0.444796 
0.278947 0.832328 0.478978 
0.015101 0.696371 0.717523 
0.295993 0.858263 0.419253 
0.197540 0.892213 0.406121 
0.033858 0.647115 0.761640 
-0.111744 0.784076 0.610522 
0.283491 0.627477 0.725193 
0.341595 0.638329 0.689818 
0.333149 0.779005 0.531190 
0.138602 0.566385 0.812402 
0.397078 0.646611 0.651325 
0.380137 0.696591 0.608487 
0.229582 0.719258 0.655714 
0.316475 0.717719 0.620261 
-0.077743 0.830977 0.550848 
0.194569 0.855985 0.478991 
0.209557 0.914503 0.346079 
0.443083 0.661777 0.604755 
0.072320 0.562618 0.823548 
0.090078 0.673591 0.733594 
0.065831 0.727572 0.682866 
