0.499025 0.591241 0.637502 
0.582073 0.505635 0.665474 
0.555224 0.593246 0.594635 
0.598173 0.594779 0.561875 
0.406158 0.691523 0.601524 
0.306354 0.804524 0.557469 
0.492813 0.544504 0.690200 
0.476635 0.422771 0.827458 
0.440874 0.535385 0.737308 
0.372597 0.523399 0.799234 
0.399741 0.742826 0.553286 
0.389030 0.828461 0.472769 
0.438199 0.487171 0.788962 
0.437795 0.479901 0.796750 
0.350348 0.688793 0.644856 
0.328996 0.687748 0.661434 
0.455813 0.745073 0.510264 
0.535656 0.748272 0.449001 
0.615343 0.556461 0.588918 
0.719947 0.492457 0.578970 
0.579463 0.528980 0.643300 
0.575106 0.525643 0.649904 
0.351947 0.792315 0.536958 
0.318850 0.826585 0.525651 
0.304896 0.671131 0.696063 
0.254833 0.651677 0.752466 
0.677276 0.524536 0.576872 
0.725442 0.499708 0.567504 
0.636922 0.594894 0.533625 
0.658713 0.633704 0.477790 
0.294600 0.792573 0.578325 
0.272834 0.792670 0.594026 
0.299871 0.623881 0.748429 
0.297179 0.598561 0.776490 
0.602761 0.648682 0.502967 
0.578509 0.686868 0.481202 
0.524356 0.490420 0.723064 
0.543561 0.457492 0.743072 
0.512040 0.747025 0.467431 
0.555750 0.748543 0.434133 
0.550098 0.772488 0.413548 
0.550217 0.772568 0.413379 
0.237079 0.651576 0.765460 
0.236994 0.651613 0.765483 
0.256813 0.720461 0.680108 
0.234810 0.743035 0.672807 
0.241464 0.785291 0.624408 
0.237749 0.784782 0.627630 
0.480291 0.801091 0.434736 
0.475961 0.808463 0.430277 
0.194481 0.735380 0.709978 
0.166271 0.742132 0.723496 
0.378539 0.565682 0.751323 
0.368208 0.570704 0.753646 
0.508953 0.448268 0.777707 
0.507007 0.442943 0.784610 
0.438250 0.597110 0.675571 
0.438031 0.596367 0.676497 
0.731380 0.530248 0.531705 
0.734287 0.530555 0.529278 
0.441904 0.854093 0.407955 
0.439550 0.857343 0.406313 
0.434294 0.439452 0.840998 
0.432303 0.415109 0.867542 
0.491394 0.663911 0.568115 
0.499202 0.668416 0.557801 
0.388160 0.847788 0.453473 
0.383788 0.847275 0.457175 
0.660774 0.483006 0.631671 
0.657207 0.474027 0.643519 
0.586664 0.719097 0.442051 
0.589115 0.715519 0.443961 
0.591664 0.476252 0.688807 
0.592269 0.473641 0.691061 
0.375483 0.504445 0.816682 
0.375399 0.504468 0.816719 
