-0.053578 -0.040692 0.997734 
-0.073920 -0.150223 0.985885 
-0.027727 -0.202870 0.978813 
0.037390 -0.064998 0.997185 
-0.143313 -0.142903 0.979306 
0.089293 -0.018212 0.995839 
0.125584 -0.077629 0.989041 
-0.095044 0.015520 0.995352 
-0.019546 -0.269872 0.962698 
0.048704 -0.281510 0.958321 
-0.207631 -0.162425 0.964628 
-0.094382 -0.222507 0.970352 
-0.146666 -0.263594 0.953419 
-0.190181 -0.309220 0.931780 
0.168662 -0.130490 0.976998 
0.085604 0.050962 0.995025 
0.115691 -0.292012 0.949392 
-0.175682 -0.081005 0.981109 
0.137959 0.092428 0.986116 
-0.210703 -0.021794 0.977307 
-0.203228 0.046440 0.978030 
0.180913 -0.037719 0.982776 
-0.236755 -0.259758 0.936201 
-0.050168 0.068718 0.996374 
0.081128 -0.221759 0.971721 
0.002960 0.023984 0.999708 
0.092488 -0.153917 0.983746 
0.149499 -0.216967 0.964663 
-0.251185 0.088984 0.963840 
-0.111570 0.098517 0.988861 
0.197677 0.028076 0.979865 
0.180589 -0.301033 0.936358 
-0.259843 -0.118887 0.958304 
-0.071010 -0.312549 0.947244 
-0.010776 0.124435 0.992169 
0.201358 0.106276 0.973735 
-0.176199 0.114682 0.977651 
