-0.625822 -0.022614 -0.782838 
-0.585467 -0.106684 -0.821799 
-0.652571 0.106869 -0.753479 
-0.650088 0.224964 -0.749969 
-0.607895 0.147557 -0.790202 
-0.582638 0.170561 -0.810964 
-0.701636 0.132965 -0.709756 
-0.760462 0.164253 -0.657335 
-0.586990 0.213434 -0.805142 
-0.562234 0.291444 -0.822833 
-0.732689 0.074173 -0.685692 
-0.749744 0.041883 -0.672476 
-0.574241 -0.039175 -0.828282 
-0.523010 -0.055623 -0.873418 
-0.542665 -0.094878 -0.858284 
-0.538109 -0.102915 -0.862613 
-0.748995 0.006230 -0.674833 
-0.769763 -0.080307 -0.661002 
-0.726667 -0.057028 -0.697192 
-0.705793 -0.116169 -0.718096 
-0.580871 -0.145890 -0.827656 
-0.607863 -0.181930 -0.806018 
-0.790010 0.049868 -0.637237 
-0.802544 0.063204 -0.625749 
-0.794225 0.120104 -0.630224 
-0.797974 0.182584 -0.623985 
-0.494201 -0.062988 -0.898709 
-0.441218 -0.028125 -0.942902 
-0.633218 0.247051 -0.763514 
-0.642280 0.253641 -0.755354 
-0.455240 -0.012983 -0.930039 
-0.415359 0.038202 -0.962108 
-0.842955 0.057731 -0.591030 
-0.871089 0.061910 -0.566476 
-0.456684 0.057561 -0.925408 
-0.457743 0.109272 -0.922014 
-0.834717 -0.011715 -0.601489 
-0.829857 -0.052684 -0.607659 
-0.628470 -0.180080 -0.788091 
-0.700535 -0.231845 -0.728190 
-0.561615 0.114062 -0.831869 
-0.539146 0.097801 -0.852098 
-0.799882 -0.063871 -0.634142 
-0.798774 -0.065529 -0.635180 
-0.613685 0.313611 -0.777234 
-0.605644 0.341008 -0.782881 
-0.674134 -0.218750 -0.750416 
-0.705157 -0.245022 -0.724820 
-0.586438 0.050472 -0.813428 
-0.588287 0.045737 -0.812055 
-0.656608 0.182564 -0.746357 
-0.657333 0.180564 -0.745825 
-0.727593 -0.218625 -0.704133 
-0.728207 -0.218624 -0.703602 
-0.511323 0.140196 -0.874151 
-0.497716 0.147267 -0.885591 
-0.701534 0.219037 -0.705720 
-0.718480 0.232795 -0.690392 
-0.730760 -0.127620 -0.697032 
-0.731136 -0.134111 -0.697017 
-0.667165 0.312634 -0.730986 
-0.672687 0.312533 -0.726211 
-0.536218 0.028239 -0.857966 
-0.531760 0.026266 -0.861919 
-0.855795 0.125764 -0.576655 
-0.856971 0.131997 -0.575338 
-0.801882 0.189689 -0.620261 
-0.801910 0.189944 -0.620224 
-0.652434 -0.084983 -0.762790 
-0.652452 -0.085025 -0.762777 
-0.898402 0.081300 -0.541904 
-0.908472 0.070791 -0.533690 
-0.564168 0.288952 -0.821279 
-0.559218 0.286487 -0.825682 
-0.401984 -0.004197 -0.975718 
-0.397927 -0.003528 -0.979198 
