0.698766 -0.056130 -0.716642 
0.726560 -0.220049 -0.693268 
0.732778 0.044398 -0.682690 
0.868226 0.137698 -0.552935 
0.724677 -0.117616 -0.693230 
0.757143 -0.194658 -0.663894 
0.639261 -0.012219 -0.772137 
0.551930 -0.058123 -0.855544 
0.769578 0.093116 -0.647021 
0.814938 0.153165 -0.603056 
0.679111 -0.149516 -0.736889 
0.594397 -0.208824 -0.818060 
0.776018 -0.121177 -0.644738 
0.838342 -0.125500 -0.585873 
0.742435 0.153600 -0.671617 
0.703718 0.239875 -0.706700 
0.808476 0.138652 -0.609425 
0.809484 0.139833 -0.608451 
0.696398 0.185762 -0.714584 
0.620053 0.239096 -0.785838 
0.773164 -0.050539 -0.646182 
0.772487 -0.033787 -0.646525 
0.651765 0.221531 -0.756159 
0.646159 0.226024 -0.761381 
0.755532 -0.185670 -0.665258 
0.753400 -0.192382 -0.667394 
0.610430 0.180235 -0.795985 
0.586911 0.156739 -0.818645 
0.564768 0.213414 -0.838579 
0.548972 0.224891 -0.853314 
0.764619 0.216997 -0.649510 
0.773314 0.241847 -0.640845 
0.831135 0.201725 -0.586876 
0.832958 0.206801 -0.585061 
0.594685 -0.046626 -0.814906 
0.517014 -0.106579 -0.889426 
0.665413 -0.217426 -0.751050 
0.662827 -0.230246 -0.753723 
0.819531 -0.159501 -0.604268 
0.831299 -0.169865 -0.593323 
0.552343 -0.085961 -0.855648 
0.487377 -0.146314 -0.918161 
0.852594 0.101677 -0.568359 
0.852961 0.101370 -0.568017 
0.848269 -0.101378 -0.576056 
0.852441 -0.092941 -0.571961 
0.530661 -0.149692 -0.877286 
0.524499 -0.167804 -0.883435 
0.857674 -0.032031 -0.565930 
0.859595 -0.017862 -0.563861 
0.716088 0.250733 -0.694808 
0.716454 0.251939 -0.694441 
0.583046 0.120875 -0.822937 
0.563694 0.078925 -0.841984 
0.530023 -0.021906 -0.875619 
0.522867 -0.001370 -0.882022 
0.559354 0.283810 -0.842448 
0.558861 0.290220 -0.842801 
0.678109 0.120000 -0.733048 
0.674442 0.106812 -0.736751 
0.516413 0.046496 -0.887276 
0.511313 0.072124 -0.891643 
0.624781 -0.173474 -0.788696 
0.616444 -0.164455 -0.796421 
0.583642 0.022607 -0.824119 
0.581828 0.033978 -0.825633 
0.484712 -0.180554 -0.921289 
0.483861 -0.181125 -0.922104 
0.879556 0.177272 -0.541517 
0.881064 0.176511 -0.540105 
0.836208 -0.226652 -0.589688 
0.840805 -0.245158 -0.585670 
0.631572 0.057814 -0.778164 
0.631032 0.062738 -0.778588 
0.637610 -0.086199 -0.775013 
0.640139 -0.088531 -0.772663 
