-0.174893 0.402905 -0.901155 
-0.233552 0.386922 -0.901687 
-0.049647 0.386626 -0.923610 
0.123141 0.280978 -0.993526 
-0.113055 0.484982 -0.870064 
-0.127797 0.631619 -0.799685 
-0.094294 0.547555 -0.842999 
-0.069213 0.631208 -0.806816 
-0.173126 0.338963 -0.931292 
-0.169215 0.197390 -0.998018 
-0.051901 0.322514 -0.953351 
-0.052708 0.299562 -0.963998 
-0.184752 0.275273 -0.959725 
-0.203321 0.173542 -1.005140 
-0.043019 0.593705 -0.827472 
-0.018630 0.615656 -0.820087 
-0.188149 0.211150 -0.989335 
-0.189392 0.187708 -1.000160 
-0.222360 0.447990 -0.874430 
-0.342232 0.561849 -0.806940 
0.016624 0.368254 -0.940059 
0.020185 0.367267 -0.940943 
0.060866 0.420040 -0.921062 
0.125518 0.495717 -0.893299 
-0.019060 0.655005 -0.801619 
-0.014773 0.665973 -0.796993 
0.109834 0.468222 -0.904310 
0.131943 0.489977 -0.896747 
0.085258 0.527107 -0.873838 
0.069290 0.565366 -0.854040 
-0.227550 0.511622 -0.844033 
-0.232688 0.574618 -0.813939 
-0.243305 0.339644 -0.922660 
-0.279062 0.339991 -0.918262 
0.029234 0.305823 -0.970774 
0.029565 0.304185 -0.971579 
-0.246803 0.173170 -1.000164 
-0.249824 0.171213 -1.000722 
-0.117860 0.212918 -0.996833 
-0.072087 0.214070 -1.001716 
-0.297757 0.511843 -0.835613 
-0.366481 0.512059 -0.827371 
-0.229419 0.575558 -0.813886 
-0.229535 0.579495 -0.812030 
0.008774 0.243621 -0.997463 
0.005960 0.235067 -1.001134 
0.098091 0.296016 -0.983520 
0.168708 0.285959 -0.996592 
0.146880 0.344349 -0.966677 
0.147502 0.344965 -0.966462 
-0.331998 0.454351 -0.858466 
-0.336886 0.446142 -0.861729 
-0.313693 0.573494 -0.804870 
-0.317645 0.588782 -0.797246 
0.094248 0.591033 -0.844983 
0.095892 0.602727 -0.839704 
0.096756 0.655149 -0.815270 
0.097112 0.664261 -0.811048 
-0.313234 0.343096 -0.912761 
-0.338544 0.344346 -0.909178 
