168
153
157
154
171
201
191
167
207
183
239
173
177
172
180
176
175
178
187
172
221
196
224
205
181
201
202
181
183
192
151
213
174
178
202
154
176
208
215
169
171
211
196
211
220
156
192
194
210
206
204
194
178
201
195
148
223
211
188
222
185
199
213
185
183
214
185
204
185
225
205
194
175
180
209
178
212
210
199
200
223
232
176
219
215
159
191
169
214
199
203
199
188
182
212
210
220
194
192
178
178
218
180
221
216
194
221
191
208
175
174
161
167
211
178
197
199
217
181
174
194
205
241
210
189
187
173
195
225
160
177
239
238
194
226
221
148
204
178
171
174
190
207
227
182
158
195
184
174
186
169
184
201
185
185
176
195
182
185
203
188
185
195
159
175
176
180
209
168
187
177
172
188
194
207
203
168
161
208
199
218
161
197
217
178
199
196
205
216
181
217
200
180
203
218
182
181
186
214
196
202
188
198
202
192
227
170
177
177
200
181
177
198
173
180
216
174
177
201
220
154
172
220
180
209
196
181
201
217
183
172
175
215
170
169
201
243
201
159
183
158
180
164
165
189
198
220
177
195
161
200
252
189
241
190
187
200
183
222
179
207
160
198
189
213
177
204
168
185
176
211
174
201
208
143
183
200
204
227
208
213
222
230
201
219
174
190
206
175
173
231
210
197
224
157
191
207
203
165
176
202
210
215
213
200
171
206
183
180
221
179
250
192
148
187
187
170
179
192
194
187
197
230
194
168
182
200
184
215
236
213
162
198
204
188
169
211
191
203
189
186
210
155
177
208
178
216
191
193
202
179
182
167
156
198
202
220
209
207
190
212
204
178
174
204
184
159
184
192
172
201
178
169
211
206
194
225
178
193
207
167
188
161
220
171
227
163
201
179
200
182
205
217
227
215
206
179
188
148
173
194
168
225
217
166
219
168
209
196
178
198
228
192
167
211
219
172
163
192
178
197
162
206
212
204
208
192
188
202
215
216
214
201
168
191
184
170
225
182
201
221
188
154
189
195
218
201
169
210
192
188
200
137
182
174
177
199
216
150
223
181
193
192
177
204
206
240
216
189
228
227
190
208
181
190
161
202
207
200
216
188
201
199
168
216
193
166
198
162
193
198
208
211
204
182
199
177
225
192
195
182
163
161
179
191
243
229
158
186
200
181
190
178
195
181
191
174
199
184
205
203
215
167
194
217
210
205
205
192
189
191
211
194
191
196
205
189
206
212
180
199
166
182
215
185
242
220
204
191
191
189
158
196
191
180
148
210
197
168
197
229
173
213
239
160
155
183
215
214
194
176
180
191
191
167
178
179
229
197
182
206
182
216
227
188
200
171
214
156
185
187
202
199
174
188
191
192
196
193
169
197
205
172
168
213
210
167
164
214
212
204
182
199
206
205
211
191
157
172
177
204
206
168
156
185
201
187
173
191
221
216
219
176
207
172
202
166
184
209
199
164
205
185
184
222
224
164
166
213
204
180
213
159
173
196
172
203
197
200
198
166
191
200
183
173
191
200
201
201
199
189
240
189
174
165
219
200
201
180
175
176
205
228
195
198
214
171
192
187
179
185
216
208
206
196
167
186
154
196
194
161
200
216
197
166
195
187
204
207
194
206
182
181
202
210
215
179
198
163
209
206
208
184
155
183
203
203
189
188
174
207
223
139
195
237
217
214
204
240
181
193
259
174
164
214
195
195
174
212
220
193
183
199
169
237
191
191
215
219
169
231
189
226
201
165
179
222
183
188
220
197
169
212
170
191
177
187
195
196
181
221
189
177
193
192
176
175
196
203
189
218
205
201
180
176
225
197
188
188
196
192
178
187
204
202
163
181
168
198
185
159
201
227
184
188
164
188
217
179
205
189
172
176
190
189
211
185
216
169
192
171
220
180
197
174
187
198
164
196
176
206
186
165
180
171
200
175
215
160
217
174
214
194
205
193
239
203
191
199
211
176
183
161
212
139
194
192
181
157
226
188
199
202
190
222
157
181
186
195
178
175
232
157
218
188
195
199
183
193
195
190
203
184
166
209
184
201
154
189
196
198
202
188
191
202
189
188
199
200
206
178
199
216
195
199
163
188
175
179
192
200
214
159
191
225
164
210
218
171
201
177
193
211
212
185
222
197
196
216
200
210
187
217
209
188
172
218
176
194
209
191
194
192
178
190
195
201
166
198
205
223
179
170
173
179
225
226
200
232
212
204
177
182
207
226
176
184
193
241
163
178
164
196
174
178
217
167
195
198
211
160
211
201
194
175
182
163
199
176
196
175
181
167
182
179
173
200
164
159
182
182
227
227
202
165
183
223
196
193
185
162
195
184
170
176
188
180
180
204
209
172
196
217
178
209
199
180
214
181
185
171
202
193
176
217
174
208
183
178
199
182
189
168
185
189
179
220
167
207
227
191
188
182
174
208
209
191
200
215
215
197
169
152
181
186
178
186
172
217
173
238
210
190
181
198
200
204
235
155
159
221
190
172
185
223
216
185
207
183
213
211
239
197
224
207
226
165
170
210
195
203
208
159
184
203
182
187
208
204
169
190
184
186
212
208
192
161
208
205
183
223
188
220
180
194
185
190
194
191
192
178
187
193
181
207
149
214
193
199
206
205
208
216
187
169
217
182
197
175
183
193
186
220
202
202
166
207
178
227
199
229
213
174
182
183
219
219
202
204
164
235
193
200
187
200
206
167
205
187
200
199
223
234
219
192
196
177
195
180
231
187
173
165
187
205
197
165
184
177
201
198
246
217
187
199
220
177
214
211
185
210
185
169
201
208
204
170
215
171
184
173
227
162
168
186
215
171
165
214
196
174
217
186
175
222
180
227
192
230
188
197
205
187
178
182
180
174
194
161
218
173
191
236
180
190
198
172
209
237
193
191
178
165
162
180
194
214
182
214
193
221
212
190
181
212
193
199
208
176
214
206
160
188
204
210
174
187
181
211
223
212
205
186
177
163
207
206
210
181
183
193
195
191
190
174
244
174
180
201
186
220
185
196
189
198
221
219
185
186
190
201
192
171
200
221
205
213
187
169
199
163
221
236
190
182
187
185
190
209
196
177
168
179
174
123
188
163
195
171
213
173
184
214
228
233
188
183
195
183
209
205
187
186
201
208
185
209
213
172
168
157
207
202
197
192
204
154
176
183
214
192
188
184
175
206
203
177
191
182
168
172
191
172
205
179
195
171
184
177
166
182
177
178
187
160
179
215
211
194
196
181
213
206
203
209
238
195
188
219
141
160
199
176
220
208
210
243
201
208
223
210
199
167
173
178
225
147
208
193
180
168
195
182
224
183
182
182
228
212
192
226
155
182
198
197
189
182
244
213
192
181
203
239
224
199
230
206
172
241
170
221
188
183
205
179
193
192
200
197
212
217
193
188
205
158
171
190
233
186
171
164
180
212
178
175
185
178
192
170
199
178
212
211
214
188
190
152
217
187
185
182
191
213
175
183
159
133
178
212
190
165
176
208
174
198
215
197
183
183
160
232
212
175
205
192
210
182
213
201
189
194
157
181
184
207
186
217
180
181
196
145
150
201
174
207
256
206
153
206
177
198
186
179
244
167
186
189
182
204
220
181
207
192
172
185
197
200
174
183
181
193
168
202
198
184
229
214
195
202
197
183
201
197
185
164
188
199
230
213
199
235
208
192
212
192
222
221
189
222
189
181
194
186
200
191
161
211
231
194
218
156
208
224
172
177
213
207
196
204
184
207
175
183
164
179
194
174
166
198
163
179
212
193
172
201
220
188
188
194
170
206
177
207
201
207
188
193
192
196
222
209
206
219
184
216
181
228
167
205
191
174
202
163
149
199
194
178
203
193
172
212
193
176
186
186
250
214
204
192
136
219
193
201
193
176
194
214
205
202
198
177
175
175
195
207
154
166
197
218
172
197
183
185
219
201
217
179
146
178
179
220
189
178
202
180
202
250
192
226
160
231
194
190
193
214
167
192
193
160
193
208
190
188
187
175
190
191
159
189
173
161
220
212
184
165
220
171
190
186
205
204
199
204
166
191
221
164
206
178
187
203
192
178
191
213
214
186
195
187
179
230
176
190
187
175
194
225
189
194
230
205
213
195
198
175
205
166
213
198
217
190
180
212
223
199
180
214
162
185
182
198
200
190
199
197
171
229
183
200
216
217
211
170
192
204
182
193
233
224
207
181
184
176
161
185
220
186
244
182
202
168
214
190
165
180
210
191
204
204
180
213
179
237
198
212
175
172
212
200
199
158
229
190
158
176
158
224
206
217
169
178
174
195
208
192
161
176
177
248
179
201
198
157
175
185
171
222
153
178
202
139
200
197
175
190
206
175
188
182
180
167
213
185
191
160
215
184
209
182
148
185
231
223
238
162
234
189
196
183
210
177
197
212
211
213
225
164
153
166
194
184
138
194
169
174
222
158
183
202
193
205
205
201
213
202
184
174
204
222
177
183
220
253
198
179
170
187
189
179
216
182
194
195
176
198
208
194
185
230
176
203
185
160
183
192
230
192
201
194
199
193
174
173
189
194
227
185
217
190
182
191
149
168
191
203
182
219
173
199
169
191
227
189
178
225
167
209
198
199
212
196
159
215
224
192
180
214
189
195
178
175
200
184
233
187
210
183
208
211
188
198
182
183
219
252
184
184
176
183
191
200
201
202
177
199
192
192
176
170
187
157
159
186
187
198
193
199
216
197
207
201
185
173
226
161
206
204
193
180
204
164
216
208
188
183
170
183
196
216
182
182
154
172
198
203
214
202
195
200
184
178
187
149
193
184
179
202
167
209
192
187
190
183
167
168
187
183
206
214
165
192
201
171
215
187
218
182
185
167
190
218
210
195
195
179
226
186
185
232
180
162
167
228
189
190
221
188
176
186
180
207
202
209
187
196
164
222
203
214
190
196
189
209
169
206
213
177
177
197
191
202
167
202
230
242
199
209
185
153
189
182
152
217
188
208
206
207
186
142
186
205
188
202
205
206
201
155
182
189
185
192
182
168
168
210
175
185
157
192
196
172
162
177
207
237
180
183
164
194
189
194
175
209
211
185
213
174
208
200
190
179
179
247
207
222
194
223
200
173
176
203
211
199
199
199
225
226
213
190
172
183
183
192
193
185
172
215
199
194
158
171
183
181
177
185
204
183
192
198
196
193
165
236
200
224
186
218
169
180
193
167
194
195
218
167
205
213
183
201
226
202
197
201
247
195
215
191
206
154
193
215
192
177
182
203
248
207
215
186
166
184
183
204
237
175
220
225
265
223
174
166
171
187
209
200
191
193
163
181
