164
147
227
170
186
169
190
177
194
162
183
189
181
168
182
174
193
179
213
175
226
153
186
178
155
202
188
238
237
198
203
252
216
202
215
215
203
187
169
176
227
191
217
211
189
201
201
217
223
177
203
186
186
186
201
140
183
220
165
239
183
217
188
187
184
224
217
188
171
176
198
165
218
171
203
185
171
205
183
194
199
211
233
188
203
193
199
143
168
185
215
205
168
184
201
224
211
216
194
187
196
178
218
210
187
186
201
204
226
218
198
209
181
213
211
214
185
173
172
200
207
243
218
214
181
197
190
190
158
191
160
207
201
190
182
219
236
212
212
193
230
212
205
165
233
189
176
206
199
200
207
173
160
214
197
195
200
217
159
172
204
197
181
210
185
195
189
178
185
197
197
181
176
259
163
200
193
210
210
186
224
212
192
209
183
195
220
172
237
138
199
175
196
184
172
202
168
165
216
191
189
190
227
222
194
180
184
169
171
171
198
174
225
217
187
204
175
189
185
204
203
205
181
179
167
180
203
200
230
190
157
200
189
222
187
167
219
189
203
175
183
196
211
181
153
215
164
178
199
170
213
211
175
211
220
218
177
180
165
223
209
225
179
185
230
191
217
209
179
169
225
165
156
217
202
186
212
168
208
239
165
193
167
188
211
194
190
176
178
199
198
207
164
187
198
184
168
208
211
227
190
204
203
197
216
167
187
190
170
211
200
173
208
198
191
177
190
186
200
215
202
171
162
181
199
208
196
224
209
180
170
190
210
176
197
216
198
200
221
235
216
208
196
170
175
163
224
181
203
193
187
202
189
185
175
198
203
178
195
175
169
223
232
176
173
228
181
160
195
203
194
200
182
200
201
152
213
168
229
192
175
184
215
193
203
204
208
191
240
199
215
225
215
205
185
234
201
199
184
201
201
202
197
197
194
161
171
202
177
172
200
178
179
181
191
170
202
192
196
193
199
206
174
183
186
224
180
232
189
215
182
216
173
161
145
200
206
164
178
207
166
161
180
195
217
195
219
206
170
180
169
177
194
158
169
176
186
188
194
193
199
189
226
172
172
198
185
172
159
219
193
180
203
229
199
213
