147
169
178
161
188
167
185
177
192
185
180
167
178
184
182
181
182
176
169
180
182
160
218
201
190
148
193
202
185
164
195
213
178
171
179
221
185
149
160
184
205
196
208
224
179
188
233
198
230
189
220
192
210
207
235
192
176
181
138
208
204
229
166
185
204
184
214
201
195
183
191
231
176
228
193
195
195
240
199
191
233
206
176
166
211
182
185
196
216
156
167
241
223
223
201
172
212
183
202
162
202
161
197
194
190
229
220
217
231
208
182
172
161
201
191
170
187
151
170
193
208
201
181
162
219
178
212
183
169
186
174
190
192
145
201
199
166
175
188
181
200
185
242
176
223
196
194
175
193
199
197
202
224
171
183
222
153
223
167
202
182
167
179
200
192
192
180
215
177
192
168
199
219
162
183
188
229
180
204
196
217
205
201
174
192
170
181
207
177
202
211
164
211
175
198
190
238
196
208
219
204
170
151
202
181
212
182
203
195
209
202
204
165
165
218
203
219
199
200
197
186
206
168
192
202
209
237
219
211
179
218
184
174
196
196
186
208
237
192
193
166
174
190
202
175
207
196
183
139
166
155
200
202
216
234
192
202
163
215
220
193
211
160
204
216
190
243
201
181
160
156
208
180
177
169
176
188
202
163
170
204
165
184
178
234
178
179
148
184
175
220
203
206
203
204
196
233
235
176
199
184
196
182
170
170
204
190
197
189
164
162
188
228
184
184
179
208
230
214
222
220
222
236
209
227
153
219
214
187
195
203
234
208
264
193
215
201
209
209
193
186
211
174
182
190
190
196
199
177
182
186
187
217
209
160
192
182
195
194
169
192
188
226
179
180
179
189
179
213
175
225
165
186
184
208
183
219
178
175
218
197
209
221
161
175
142
178
220
176
231
197
168
178
222
175
197
180
207
196
170
199
217
206
164
214
195
189
202
161
183
236
196
205
214
168
198
209
192
204
210
155
202
170
179
217
194
178
225
164
194
191
185
174
191
198
190
195
216
171
163
160
181
155
177
206
150
222
169
242
183
185
213
181
177
195
202
194
226
171
226
216
185
182
191
221
214
222
193
199
203
203
190
207
185
198
202
142
228
199
147
155
199
172
195
178
183
163
174
223
214
193
187
192
199
174
172
174
233
174
177
194
181
202
202
190
188
219
205
179
197
156
199
237
173
232
192
189
207
247
163
204
193
213
213
294
167
224
198
213
192
201
242
223
218
184
181
192
210
174
196
230
219
208
198
210
183
178
195
145
216
148
207
181
193
219
210
189
213
180
172
167
145
211
170
