-0.580266 0.347578 -0.739919 
-0.615089 0.204269 -0.794974 
-0.534193 0.325700 -0.788895 
-0.472585 0.296445 -0.854383 
-0.481192 0.369448 -0.805539 
-0.472815 0.376362 -0.808170 
-0.596259 0.452639 -0.666778 
-0.676863 0.556314 -0.543426 
-0.654428 0.427818 -0.635152 
-0.760202 0.382684 -0.577644 
-0.564892 0.263107 -0.800713 
-0.573569 0.245413 -0.804054 
-0.546452 0.501581 -0.677909 
-0.545635 0.502384 -0.678091 
-0.690201 0.367190 -0.641832 
-0.724307 0.309387 -0.648200 
-0.508916 0.561316 -0.673135 
-0.472386 0.619450 -0.668490 
-0.438272 0.425622 -0.807067 
-0.391540 0.486785 -0.808731 
-0.384861 0.419164 -0.852953 
-0.321920 0.411554 -0.907026 
-0.651489 0.334556 -0.691191 
-0.649104 0.332546 -0.694232 
-0.674407 0.270380 -0.710064 
-0.683363 0.245301 -0.717439 
-0.739151 0.383840 -0.593596 
-0.808566 0.407451 -0.525195 
-0.515278 0.620051 -0.634280 
-0.516040 0.627083 -0.629629 
-0.768582 0.426703 -0.545673 
-0.797662 0.469057 -0.498319 
-0.336514 0.401352 -0.901382 
-0.328719 0.398480 -0.909190 
-0.473718 0.677259 -0.634140 
-0.464561 0.689864 -0.634109 
-0.433833 0.488233 -0.774507 
-0.433482 0.493190 -0.771929 
-0.398962 0.549272 -0.766879 
-0.390453 0.564164 -0.765018 
-0.511853 0.255653 -0.846879 
-0.504400 0.254606 -0.853366 
-0.572234 0.613971 -0.592818 
-0.601988 0.610795 -0.571157 
-0.709995 0.209666 -0.716939 
-0.715654 0.200012 -0.718032 
-0.729184 0.485360 -0.542990 
-0.717574 0.502647 -0.542199 
-0.492078 0.472215 -0.737751 
-0.493806 0.471740 -0.736660 
