0.125096
0.114943
0.109889
0.118711
0.114845
0.136458
0.120109
0.137672
0.130502
0.125845
0.129721
0.118519
0.131083
0.115293
0.131920
0.140119
0.133575
0.162884
0.160531
0.178970
0.179466
0.184844
0.173602
0.165011
0.131740
0.124612
0.124607
0.122396
0.132300
0.124045
0.119819
0.119261
0.118708
0.111986
0.107932
0.094627
0.115509
0.107278
0.110197
0.100550
0.113699
0.118002
0.122920
0.119692
0.120119
0.120785
0.119984
0.115163
0.118193
0.120991
0.121688
0.121242
0.121240
0.120092
0.118955
0.116692
0.116042
0.109712
0.112038
0.103075
0.112577
0.106187
0.113217
0.120048
0.125369
0.120463
0.118873
0.116606
0.110886
0.112123
0.121734
0.129396
0.105783
0.120497
0.108080
0.114482
0.120090
0.120111
0.119547
0.117169
0.117671
0.118823
0.121909
0.127472
0.121135
0.118720
0.130673
0.134419
0.155877
0.166207
0.161296
0.162861
0.153933
0.145410
0.120003
0.111853
0.107582
0.094540
0.105583
0.106932
0.098391
0.106930
0.107241
0.096839
0.088424
0.094746
0.102768
0.101195
0.095811
0.106451
0.109845
0.097495
0.102684
0.106482
0.100467
0.089806
0.095731
0.105312
0.099154
0.102270
0.101594
0.098452
0.100053
0.101090
0.095671
0.110797
0.120588
0.118614
0.121511
0.114159
0.106093
0.097957
0.083883
0.081002
0.093357
0.094265
0.092859
0.094959
0.102000
0.111416
0.098918
0.092079
0.105353
0.101665
0.093653
0.097945
0.106294
0.096284
0.096080
0.095480
0.095466
0.109459
0.115885
0.105658
0.111085
0.122545
0.114513
0.121413
0.121926
0.128116
0.126437
0.122595
0.128539
0.127706
0.121233
0.119356
0.117731
0.117688
0.117124
0.122659
0.120669
0.148551
0.167524
0.195815
0.201199
0.199870
0.198577
0.180177
0.204374
0.187558
0.165970
0.179961
0.190241
0.188320
0.187005
0.165688
0.163796
0.174341
0.186164
0.198237
0.174764
0.164866
0.144081
0.123151
0.107256
0.128207
0.113133
0.109452
0.097312
0.104165
0.101685
0.105603
0.097610
0.095331
0.101416
0.113569
0.104151
0.102175
0.108313
0.116468
0.107667
0.112614
0.113805
0.116512
0.110458
0.098653
0.097843
0.094186
0.092706
0.092885
0.094295
0.099265
0.109751
0.111861
0.116660
0.121679
0.114812
0.110757
0.113569
0.113609
0.125114
0.125570
0.116105
0.119654
0.107175
0.101062
0.110848
0.123040
0.157908
0.158732
0.171030
0.164764
0.135242
0.174900
0.198578
0.189175
0.202262
0.168182
0.181178
0.150831
0.132796
0.148583
0.105223
0.095985
0.146120
0.159657
0.137164
0.182826
0.196523
0.200329
0.190741
0.190615
0.198438
0.179547
0.149334
0.110306
0.117645
0.151624
0.178501
0.173652
0.154940
0.166315
0.191912
0.190054
0.186789
0.153361
0.141154
0.128370
0.132691
0.140565
0.139480
0.166191
0.169549
0.142261
0.124314
0.137859
0.150241
0.141792
0.133289
0.131103
0.114069
0.142553
0.147849
0.121276
0.137439
0.125295
0.126008
0.128000
0.116457
0.115316
0.114644
0.115585
0.120180
0.119123
0.119068
0.116445
0.121154
0.124552
0.126948
0.128392
0.132774
0.131502
0.143109
0.141962
0.132833
0.128827
0.125862
0.129230
0.126907
0.129017
0.138080
0.136265
0.123244
0.124029
0.133926
0.129830
0.162090
0.179728
0.197991
0.184452
0.192935
0.180449
0.175249
0.144243
0.141879
0.168792
0.169663
0.146251
0.134242
0.129308
0.149685
0.136518
0.128065
0.152107
0.128422
0.158540
0.172070
0.171376
0.167851
0.164189
0.161541
0.143369
0.171399
0.150412
0.170201
0.182599
0.194086
0.193024
0.175143
0.177339
0.173383
0.180552
0.183169
0.179642
0.180673
0.173355
0.165366
0.169505
0.166452
0.168804
0.167136
0.174119
0.184356
0.178855
0.180986
0.178551
0.191349
0.171749
0.189123
0.174693
0.192708
0.195930
0.190622
0.172991
0.188132
0.191864
0.181951
0.187434
0.178120
0.172567
0.181304
0.178214
0.179417
0.192011
0.173617
0.167550
0.190623
0.188911
0.176691
0.163725
0.157102
0.172430
0.173913
0.178315
0.169314
0.165400
0.170233
0.170560
0.176138
0.179281
0.187913
0.195307
0.193355
0.201326
0.192992
0.163836
0.170039
0.181501
0.168239
0.140077
0.138540
0.128177
0.120694
0.124953
0.119318
0.121682
0.115822
0.119175
0.116723
0.113996
0.115693
0.119349
0.120929
0.126030
0.113470
0.104601
0.109091
0.111020
0.104620
0.111946
0.114808
0.109908
0.112479
0.118700
0.116236
0.121259
0.119984
0.107684
0.100100
0.100938
0.106530
0.108290
0.099274
0.102807
0.089770
0.086498
0.088413
0.088637
0.090847
0.090164
0.095877
0.107557
0.118710
0.119868
0.117797
0.108488
0.099951
0.106176
0.100951
0.096550
0.097161
0.097806
0.099596
0.116134
0.121069
0.132908
0.137277
0.141412
0.143033
0.135627
0.132044
0.116645
0.120277
0.105329
0.114272
0.122122
0.110664
0.104315
0.105367
0.107195
0.115412
0.120236
0.118469
0.118951
0.119012
0.119196
0.120391
0.118568
0.117387
0.115751
0.118653
0.113989
0.117382
0.114522
0.113156
0.120907
0.121815
0.123393
0.121009
0.119920
0.121374
0.119613
0.119344
0.120097
0.119775
0.118966
0.120127
0.119321
0.119320
0.119153
0.117657
0.120056
0.120702
0.121807
0.120026
0.111707
0.112793
0.114918
0.121315
0.138126
0.155572
0.129901
0.147962
0.152247
0.134851
0.142331
0.157301
0.154161
0.173757
0.193289
0.170781
0.187263
0.198412
0.197106
0.192832
0.168563
0.187579
0.190901
0.186226
0.185602
0.171969
0.150948
0.158072
0.140598
0.123589
0.121032
0.085387
0.093488
0.094284
0.096685
0.105717
0.081626
0.085515
0.074743
0.087991
0.105293
0.120315
0.137043
0.146581
0.142969
0.135749
0.113734
0.106686
0.089681
0.098420
0.106351
0.124209
0.100601
0.125410
0.136560
0.164403
0.182153
0.167163
0.184325
0.191081
0.201106
0.197495
0.194075
0.194924
0.194465
0.200325
0.192849
0.198871
0.191454
0.158102
0.179581
0.201845
0.197519
0.201564
0.195430
0.191554
0.184282
0.181376
0.180266
0.178069
0.173371
0.193190
0.174493
0.158714
0.166618
0.141898
0.130592
0.130256
0.130401
0.146915
0.127333
0.145352
0.173145
0.159654
0.150771
0.162691
0.153492
0.175443
0.197120
0.181526
0.177482
0.168546
0.171641
0.182076
0.168024
0.162828
0.161574
0.169408
0.173782
0.178456
0.166659
0.172728
0.179398
0.167960
0.152409
0.168629
0.146561
0.116336
0.137136
0.148443
0.147796
0.120612
0.141984
0.156065
0.142797
0.155852
0.157434
0.153577
0.167260
0.159584
0.167194
0.169815
0.179141
0.168880
0.176919
0.180966
0.172996
0.171129
0.161592
0.178341
0.167693
0.168511
0.175066
0.159132
0.155452
0.159433
0.165101
0.167258
0.157796
0.170051
0.178549
0.177476
0.171941
0.167325
0.168225
0.169936
0.165414
0.167481
0.169976
0.169653
0.170381
0.170241
0.168170
0.171450
0.171491
0.169994
0.170921
0.171628
0.168758
0.171122
0.168010
0.171261
0.170269
0.168244
0.165295
0.152276
0.154989
0.151896
0.156974
0.158384
0.163446
0.168864
0.165216
0.161198
0.155993
0.134448
0.154203
0.138631
0.138046
0.144850
0.151891
0.151755
0.141603
0.150949
0.153287
0.175780
0.153121
0.161884
0.178596
0.189284
0.159669
0.143804
0.156807
0.161917
0.163325
0.169947
0.192076
0.203663
0.193826
0.184929
0.190214
0.195131
0.174265
0.159270
0.160610
0.175078
0.159194
0.147456
0.144625
0.149988
0.167677
0.170730
0.130297
0.168533
0.186157
0.166047
0.174046
0.163684
0.156260
0.169041
0.189640
0.198285
0.188197
0.163161
0.153852
0.149999
0.159507
0.167585
0.180790
0.155020
0.130467
0.144894
0.186829
0.156661
0.163571
0.177250
0.164469
0.156167
0.122924
0.164054
0.153954
0.163642
0.170110
0.141666
0.184162
0.184910
0.187607
0.175463
0.171330
0.185476
0.168247
0.183920
0.152757
0.110911
0.078974
0.107097
0.125370
0.137138
0.129534
0.145323
0.106527
0.115314
0.121935
0.092428
0.099104
0.098200
0.139769
0.139728
0.163619
0.163676
0.152035
0.149890
0.150199
0.141546
0.123397
0.144126
0.135757
0.142676
0.148078
0.161122
0.158321
0.155631
0.145932
0.128973
0.106010
0.088177
0.100272
0.109325
0.105769
0.096407
0.106595
0.115211
0.130508
0.113797
0.113971
0.101090
0.122871
0.104557
0.116706
0.138573
0.148327
0.152508
0.149271
0.146525
0.151938
0.146857
0.151639
0.144697
0.121678
0.131692
0.112389
0.144746
0.152327
0.149997
0.140635
0.147187
0.150780
0.150494
0.156682
0.154383
0.163768
0.166521
0.168718
0.171474
0.171255
0.170026
0.170569
0.166104
0.149209
0.139343
0.144092
0.156365
0.167522
0.171207
0.163208
0.169900
0.163080
0.163348
0.156501
0.163969
0.169300
0.169362
0.153551
0.159279
0.169188
0.153639
0.135260
0.125813
0.134292
0.127708
0.116710
0.120475
0.111083
0.117313
0.118114
0.116789
0.105283
0.116647
0.104601
0.096002
0.109216
0.094408
0.096367
0.093734
0.103651
0.107814
0.101911
0.091326
0.084960
0.096657
0.094095
0.097014
0.097738
0.107765
0.098719
0.108447
0.122984
0.104126
0.104645
0.115971
0.111233
0.120762
0.149559
0.130275
0.148430
0.159097
0.162060
0.131247
0.114732
0.116262
0.123164
0.149673
0.155787
0.133625
0.139014
0.120733
0.114808
0.121222
0.130510
0.139856
0.142309
0.150213
0.148662
0.136133
0.131324
0.124185
0.114896
0.128256
0.123533
0.123618
0.118092
0.106408
0.106308
0.114341
0.126816
0.136954
0.143989
0.141854
0.134244
0.136455
0.126741
0.123277
0.128600
0.123826
0.103915
0.122943
0.100717
0.099318
0.110677
0.107921
0.119173
0.120042
0.124311
0.129831
0.122038
0.124475
0.116179
0.112771
0.104880
0.123193
0.128398
0.129749
0.127961
0.133413
0.130658
0.125656
0.117722
0.116991
0.118037
0.121972
0.131118
0.128373
0.137624
0.131259
0.134149
0.142628
0.156358
0.147942
0.150622
0.163317
0.164138
0.169052
0.168482
0.172267
0.170662
0.153528
0.147217
0.144529
0.164518
0.167049
0.168512
0.171792
0.171393
0.170758
0.165318
0.170352
0.169322
0.162246
0.158765
0.170546
0.166245
0.171404
0.170451
0.161556
0.152037
0.170998
0.171335
0.171494
0.165749
0.170219
0.180092
0.181930
0.174697
0.176003
0.177719
0.181781
0.186544
0.183093
0.196532
0.184477
0.184705
0.184239
0.178983
0.171950
0.169105
0.174523
0.175541
0.167493
0.171457
0.150492
0.159858
0.139783
0.117053
0.136910
0.168770
0.159079
0.140240
0.164844
0.166195
0.141964
0.140351
0.148849
0.121673
0.105980
0.084068
0.069987
0.071874
0.080524
0.080659
0.088975
0.092824
0.066298
0.079148
0.062402
0.089884
0.073534
0.061478
0.070641
0.078306
0.095795
0.126423
0.138178
0.120340
0.110633
0.118654
0.120148
0.098921
0.083338
0.100988
0.111295
0.128009
0.112504
0.136993
0.114402
0.112417
0.118691
0.118559
0.116793
0.132737
0.121790
0.139775
0.151112
0.166313
0.129678
0.125265
0.119051
0.120633
0.117777
0.116418
0.110782
0.115827
0.120961
0.121467
0.119700
0.119806
0.117071
0.114572
0.113836
0.101983
0.094668
0.088590
0.094486
0.098631
0.094249
0.087630
0.091752
0.086377
0.081248
0.084785
0.096343
0.086798
0.103860
0.102052
0.082882
0.083693
0.084160
0.082851
0.081860
0.081577
0.085067
0.089901
0.080522
0.081522
0.080596
0.086209
0.092469
0.096035
0.098366
0.096601
0.098121
0.097764
0.084363
0.083484
0.085750
0.081248
0.083337
0.102205
0.095964
0.103148
0.099888
0.119729
0.102937
0.097399
0.082784
0.082765
0.081967
0.081384
0.086294
0.080397
0.084358
0.082764
0.089675
0.092535
0.090671
0.092463
0.105846
0.115563
0.115613
0.115701
0.101477
0.095659
0.102603
0.116414
0.129465
0.119056
0.106526
0.114461
0.110325
0.113719
0.112260
0.113125
0.113255
0.123212
0.126165
0.123100
0.134445
0.119313
0.099206
0.107030
0.102044
0.097380
0.096574
0.099274
0.094721
0.091967
0.095928
0.098926
0.102109
0.096908
0.097014
0.093005
0.086802
0.083106
0.080230
0.083840
0.094368
0.098327
0.086135
0.097775
0.107554
0.106452
0.131164
0.128460
0.140080
0.135972
0.144908
0.154816
0.148471
0.148907
0.153141
0.157035
0.148725
0.147687
0.143047
0.140524
0.131900
0.130702
0.145564
0.153783
0.158247
0.158235
0.166184
0.166946
0.156591
0.154489
0.156122
0.150363
0.148729
0.146079
0.160345
0.148467
0.166137
0.157442
0.144926
0.169565
0.195098
0.201847
0.193998
0.196014
0.201409
0.194557
0.178526
0.183264
0.183881
0.193466
0.194873
0.198831
0.192419
0.197420
0.183017
0.184481
0.185867
0.198818
0.190644
0.180781
0.179121
0.182475
0.184568
0.187439
0.169364
0.163635
0.150674
0.145572
0.123840
0.133151
0.140339
0.122537
0.119434
0.118009
0.119870
0.119310
0.119851
0.135228
0.136140
0.145039
0.138735
0.140861
0.141909
0.153252
0.150664
0.130102
0.106710
0.098790
0.085024
0.084602
0.096170
0.086531
0.086445
0.074090
0.087484
0.075125
0.093204
0.075095
0.088432
0.094614
0.087379
0.079377
0.088196
0.072452
0.069468
0.067954
0.084904
0.112923
0.122719
0.108439
0.127482
0.143558
0.141443
0.138426
0.123418
0.118800
0.120130
0.114153
0.100602
0.097963
0.102227
0.115403
0.104861
0.104205
0.092632
0.095619
0.101354
0.098070
0.100229
0.107704
0.117905
0.159179
0.123883
0.138114
0.133592
0.164154
0.195495
0.196810
0.187381
0.147107
0.157659
0.153527
0.188578
0.188546
0.128961
0.166886
0.163815
0.158730
0.154407
0.178286
0.182646
0.176661
0.177950
0.193045
0.194177
0.172900
0.123258
0.105644
0.121991
0.122593
0.139717
0.144339
0.162852
0.158288
0.166316
0.141937
0.104323
0.134807
0.127387
0.113870
0.095854
0.083944
0.063116
0.058962
0.060016
0.066367
0.075082
0.059647
0.060355
0.065470
0.079199
0.092935
0.104568
0.087687
0.121182
0.153427
0.165748
0.186412
0.197189
0.200481
0.202028
0.183350
0.181246
0.156093
0.136972
0.125495
0.087709
0.119934
0.144799
0.144866
0.165907
0.192711
0.174184
0.183652
0.167960
0.172873
0.181215
0.185349
0.194475
0.193528
0.149710
0.132060
0.133856
0.174724
0.185376
0.193695
0.197766
0.193861
0.185609
0.190609
0.165392
0.136467
0.127109
0.138509
0.120012
0.124429
0.123692
0.126441
0.118724
0.118938
0.118095
0.124683
0.125115
0.124850
0.137138
0.170029
0.175297
0.190735
0.200581
0.170869
0.168366
0.184787
0.169324
0.167631
0.137865
0.135414
0.115490
0.125623
0.118273
0.132995
0.144500
0.120700
0.120362
0.161286
0.180668
0.183495
0.203460
0.177247
0.186538
0.180639
0.156099
0.164810
0.160105
0.174482
0.160449
0.174216
0.165383
0.159395
0.139200
0.143798
0.142538
0.137775
0.152648
0.176928
0.186577
0.160908
0.161927
0.170032
0.189043
0.185132
0.168063
0.187151
0.174992
0.192476
0.202086
0.184710
0.197401
0.203160
0.197341
0.203254
0.203486
0.193482
0.155634
0.137955
0.137406
0.086215
0.107196
0.128154
0.155310
0.166631
0.153848
0.157527
0.113234
0.129965
0.097495
0.082590
0.100118
0.107315
0.087448
0.081972
0.106599
0.126107
0.132006
0.115832
0.135126
0.137015
0.138721
0.138064
0.125303
0.135400
0.130094
0.125805
0.127673
0.123948
0.122626
0.125825
0.136987
0.139211
0.133811
0.129224
0.132061
0.124543
0.122137
0.118927
0.121436
0.122517
0.132515
0.132444
0.136421
0.133315
0.126017
0.125100
0.115044
0.098527
0.108764
0.117740
0.116929
0.108887
0.114578
0.113413
0.108860
0.111803
0.115910
0.125389
0.129352
0.133981
0.137454
0.137817
0.128624
0.133746
0.126740
0.124537
0.121019
0.107824
0.095262
0.078927
0.091587
0.107640
0.118250
0.121668
0.148497
0.135695
0.143013
0.155351
0.194379
0.203975
0.189594
0.184734
0.152852
0.138399
0.146561
0.142146
0.133629
0.118167
0.086490
0.067003
0.060654
0.060819
0.064742
0.061838
0.070652
0.083357
0.093037
0.091036
0.125725
0.085943
0.079329
0.106910
0.121221
0.123906
0.141806
0.153418
0.148428
0.145212
0.156151
0.157354
0.171206
0.160275
0.162610
0.162323
0.161993
0.158015
0.152749
0.151204
0.146972
0.146102
0.157614
0.160254
0.163491
0.162448
0.149569
0.145432
0.146175
0.153057
0.164101
0.164085
0.167663
0.186773
0.188093
0.184151
0.199066
0.184114
0.196813
0.183987
0.183082
0.191713
0.143819
0.145345
0.176086
0.183034
0.203809
0.193122
0.204291
0.192677
0.154065
0.176498
0.199570
0.201055
0.202731
0.184939
0.181333
0.195355
0.177182
0.201647
0.198145
0.193647
0.184963
0.176492
0.181603
0.180763
0.144214
0.177471
0.143951
0.130424
0.140875
0.135299
0.150884
0.149934
0.140657
0.143558
0.158038
0.139296
0.143395
0.144204
0.150598
0.145325
0.142168
0.156828
0.161746
0.130435
0.119811
0.118835
0.134002
0.144338
0.141226
0.139897
0.135056
0.131925
0.129767
0.133964
0.127864
0.132480
0.123567
0.128184
0.129080
0.139240
0.139651
0.132533
0.123003
0.128125
0.133385
0.133661
0.126529
0.125850
0.129828
0.136556
0.134048
0.127533
0.122170
0.130167
0.135624
0.133512
0.128581
0.124119
0.125269
0.125736
0.131762
0.132308
0.138476
0.132762
0.137221
0.136956
0.132122
0.130674
0.134389
0.132613
0.139287
0.139778
0.138614
0.141538
0.142999
0.136954
0.143001
0.134236
0.143942
0.143032
0.143085
0.142767
0.136518
0.141270
0.142851
0.140333
0.144585
0.144647
0.144129
0.154177
0.143970
0.144543
0.142994
0.142249
0.140760
0.135793
0.131875
0.123475
0.118543
0.127235
0.117295
0.108590
0.110304
0.105655
0.108700
0.109876
0.107563
0.105514
0.103338
0.112220
0.113068
0.110608
0.119165
0.106273
0.106579
0.099625
0.088488
0.075034
0.070570
0.083735
0.093761
0.102061
0.087707
0.075429
0.097132
0.082798
0.102880
0.114156
0.107828
0.101947
0.089273
0.095309
0.081904
0.087855
0.094968
0.116071
0.134972
0.139253
0.147151
0.181387
0.172017
0.169352
0.190142
0.200123
0.193840
0.176016
0.182909
0.183387
0.182807
0.176700
0.176689
0.172236
0.168562
0.174741
0.178363
0.172421
0.179552
0.172664
0.178865
0.174808
0.162087
0.159956
0.180718
0.181881
0.169251
0.149422
0.148235
0.130519
0.115363
0.133584
0.105605
0.104000
0.114275
0.112447
0.106698
0.083268
0.089552
0.083118
0.079701
0.080955
0.075802
0.069831
0.071174
0.081969
0.077443
0.095455
0.098449
0.079868
0.082550
0.089027
0.099076
0.118075
0.123884
0.153230
0.183569
0.188392
0.194831
0.201365
0.201456
0.190652
0.198206
0.170406
0.182986
0.179860
0.168002
0.176483
0.177430
0.182739
0.172531
0.164198
0.159246
0.159245
0.158448
0.150321
0.151858
0.135008
0.140892
0.141678
0.131295
0.137916
0.139529
0.142991
0.148028
0.149496
0.141617
0.135648
0.143467
0.154364
0.154177
0.143640
0.129851
0.140686
0.127873
0.128459
0.126146
0.116889
0.116829
0.114272
0.116320
0.127388
0.119273
0.130700
0.119672
0.131719
0.160253
0.144979
0.172111
0.193236
0.193750
0.184733
0.200681
0.194946
0.199895
0.200935
0.195948
0.179227
0.163511
0.181364
0.194797
0.190173
0.183410
0.196150
0.184533
0.165846
0.151441
0.153314
0.154012
0.156460
0.156593
0.153293
0.152558
0.151163
0.151325
0.158310
0.161843
0.156453
0.157178
0.154643
0.162467
0.165938
0.169854
0.179757
0.178166
0.185033
0.180901
0.181111
0.188255
0.185031
0.166116
0.147536
0.131489
0.136980
0.122497
0.131753
0.129036
0.129310
0.131643
0.139331
0.148162
0.133106
0.141005
0.137580
0.132278
0.136971
0.158491
0.181014
0.192666
0.195955
0.184212
0.181097
0.184118
0.193150
0.183063
0.182019
0.188221
0.171137
0.186110
0.196789
0.185861
0.191296
0.184492
0.189889
0.182994
0.175212
0.166229
0.168020
0.171433
0.169424
0.159808
0.164125
0.170142
0.162466
0.153530
0.162699
0.165328
0.162833
0.145121
0.134336
0.146454
0.155658
0.168256
0.160513
0.166533
0.169889
0.180894
0.177514
0.197269
0.176056
0.182318
0.180271
0.187904
0.180372
0.183102
0.192227
0.175792
0.153079
0.137660
0.158255
0.135631
0.139039
0.129263
0.124242
0.147390
0.125296
0.109606
0.140266
0.164012
0.176839
0.154145
0.165091
0.186612
0.172055
0.187798
0.163055
0.181225
0.155100
0.146956
0.163063
0.157531
0.131976
0.154247
0.126956
0.132806
0.120495
0.139322
0.167058
0.173461
0.185227
0.172066
0.144147
0.152440
0.158359
0.145067
0.139641
0.162399
0.161446
0.166148
0.158598
0.136270
0.146821
0.103093
0.146266
0.114663
0.095447
0.114292
0.111265
0.098605
0.098164
0.118128
0.087775
0.072770
0.074304
0.077455
0.101807
0.121208
0.127354
0.107915
0.123011
0.113284
0.094432
0.091700
0.078001
0.091366
0.101480
0.114992
0.146655
0.137378
0.147077
0.146771
0.118322
0.146205
0.135989
0.144508
0.144966
0.155797
0.153199
0.135118
0.120155
0.148600
0.136550
0.130764
0.156424
0.131772
0.128501
0.101622
0.116962
0.136516
0.131424
0.122191
0.104117
0.102740
0.127444
0.128453
0.137512
0.149173
0.174630
0.148063
0.129510
0.141870
0.148711
0.175135
0.169896
0.195272
0.188597
0.202510
0.182570
0.198225
0.184704
0.203109
0.196646
0.164565
0.150695
0.156911
0.177631
0.164183
0.170327
0.148957
0.110530
0.127062
0.139130
0.148123
0.171032
0.187295
0.175744
0.183154
0.197678
0.194752
0.164348
0.141714
0.135926
0.137485
0.143408
0.142436
0.142911
0.141414
0.135298
0.137306
0.143807
0.142243
0.138713
0.158262
0.157145
0.132853
0.138683
0.134889
0.142734
0.138562
0.143240
0.136941
0.147674
0.155256
0.138632
0.153983
0.181843
0.192362
0.200203
0.198805
0.200675
0.189993
0.199241
0.189709
0.194299
0.199278
0.180214
0.165266
0.193493
0.188619
0.201463
0.202811
0.202702
0.185075
0.170823
0.168782
0.192649
0.198134
0.195865
0.172331
0.193963
0.198952
0.186195
0.165514
0.180874
0.199292
0.168720
0.146898
0.133050
0.146347
0.132455
0.118334
0.111868
0.116350
0.126566
0.135479
0.138578
0.125779
0.122640
0.140360
0.126191
0.123839
0.138120
0.130111
0.126117
0.127466
0.137582
0.130529
0.133449
0.136989
0.120924
0.119797
0.118782
0.117967
0.116593
0.118421
0.129285
0.136016
0.135163
0.125014
0.131855
0.122352
0.133738
0.134063
0.132692
0.131229
0.125498
0.121865
0.121209
0.115452
0.123050
0.128557
0.139009
0.160994
0.157988
0.156841
0.152127
0.150971
0.150234
0.154616
0.152887
0.148411
0.148062
0.137378
0.147718
0.161188
0.160078
0.170202
0.154784
0.169845
0.164480
0.163318
0.168423
0.144974
0.145799
0.138234
0.153253
0.141033
0.147934
0.150045
0.136250
0.135749
0.138849
0.131823
0.124987
0.124920
0.134360
0.155424
0.133551
0.126964
0.136690
0.119410
0.114278
0.119396
0.131074
0.122294
0.126486
0.154619
0.126322
0.119531
0.133839
0.134864
0.148583
0.155031
0.152441
0.153242
0.150687
0.130860
0.144673
0.152885
0.151088
0.154062
0.156708
0.139649
0.121738
0.104729
0.126242
0.112040
0.099115
0.086601
0.098001
0.083029
0.072142
0.081984
0.077986
0.091264
0.119352
0.088248
0.066080
0.089965
0.074033
0.062514
0.067364
0.098263
0.070444
0.083178
0.126194
0.094121
0.138687
0.129547
0.124595
0.111398
0.142420
0.154106
0.133131
0.107973
0.147777
0.152973
0.150432
0.143751
0.166670
0.165665
0.169448
0.176446
0.166955
0.165175
0.162090
0.146716
0.129578
0.103603
0.133150
0.157883
0.134679
0.130277
0.161103
0.150333
0.153642
0.138013
0.145766
0.167601
0.150861
0.166237
0.161466
0.164273
0.148750
0.141540
0.135902
0.139598
0.130547
0.119471
0.116984
0.117705
0.122366
0.118673
0.122679
0.119807
0.126184
0.117366
0.129063
0.138110
0.127495
0.127308
0.114056
0.090213
0.096378
0.092597
0.092170
0.086059
0.088584
0.094966
0.095981
0.096851
0.098037
0.097580
0.103951
0.103137
0.102256
0.102948
0.094988
0.081721
0.086057
0.082987
0.086283
0.085074
0.098689
0.109314
0.100522
0.106519
0.087571
0.080551
0.088017
0.094651
0.096950
0.089224
0.093873
0.095723
0.106842
0.104646
0.115377
0.108467
0.097415
0.094688
0.094963
0.096606
0.094839
0.095388
0.102564
0.103919
0.111216
0.098779
0.121717
0.105600
0.085783
0.079723
0.084603
0.094114
0.102004
0.096905
0.098065
0.099031
0.105758
0.098132
0.102873
0.103606
0.118734
0.102088
0.110952
0.120567
0.156154
0.132177
0.132946
0.132051
0.149008
0.150091
0.187826
0.194816
0.183348
0.147038
0.166616
0.193471
0.182648
0.153468
0.118942
0.159435
0.171195
0.183977
0.141324
0.108336
0.105649
0.102062
0.121524
0.109638
0.122625
0.140532
0.120114
0.103802
0.109442
0.107382
0.131608
0.154315
0.143565
0.147601
0.145380
0.151151
0.177127
0.171688
0.176910
0.148261
0.177341
0.194538
0.186771
0.185173
0.179348
0.194035
0.178964
0.177561
0.162676
0.145664
0.149401
0.151686
0.127857
0.139426
0.133723
0.118190
0.128921
0.131290
0.139412
0.131568
0.121955
0.147326
0.115485
0.108895
0.103595
0.097906
0.108510
0.098163
0.109558
0.138064
0.132662
0.124403
0.130258
0.130644
0.131380
0.165108
0.160961
0.146700
0.151597
0.165046
0.150496
0.148868
0.139999
0.111027
0.087789
0.070987
0.064200
0.062541
0.064450
0.066657
0.074495
0.084951
0.097010
0.126542
0.120485
0.132841
0.119547
0.108771
0.086532
0.101645
0.086360
0.083178
0.085509
0.078133
0.082370
0.089220
0.103962
0.110987
0.109717
0.117433
0.117387
0.107986
0.107632
0.116739
0.123677
0.118971
0.128055
0.141255
0.132741
0.139042
0.125391
0.115143
0.115417
0.101879
0.098640
0.075322
0.076346
0.089528
0.120168
0.129012
0.132848
0.126685
0.114948
0.119242
0.107727
0.115311
0.105175
0.106658
0.107832
0.126945
0.121008
0.119756
0.124822
0.137379
0.134219
0.136223
0.122675
0.123903
0.112778
0.141653
0.114613
0.097655
0.090684
0.080722
0.073367
0.075347
0.084862
0.087431
0.099146
0.103275
0.086408
0.084041
0.078787
0.085233
0.096481
0.088177
0.076680
0.081427
0.091848
0.097498
0.092728
0.078647
0.074098
0.075680
0.064245
0.062120
0.061983
0.061130
0.069402
0.085357
0.073780
0.059325
0.060701
0.059790
0.062844
0.081559
0.100343
0.074546
0.072586
0.061757
0.060862
0.084473
0.064856
0.067471
0.063071
0.059537
0.070775
0.061413
0.060065
0.063415
0.070676
0.076068
0.070167
0.080265
0.061429
0.076678
0.083703
0.102169
0.085343
0.118754
0.130686
0.130832
0.152759
0.168722
0.173717
0.200138
0.170796
0.181972
0.152266
0.187645
0.170072
0.199562
0.197794
0.176147
0.149286
0.149119
0.183819
0.203446
0.191187
0.172639
0.152116
0.146153
0.150904
0.146681
0.184776
0.159783
0.133097
0.132338
0.136343
0.151486
0.157140
0.142094
0.128627
0.143426
0.151167
0.147754
0.152086
0.161219
0.163282
0.162820
0.136000
0.143139
0.164185
0.156229
0.152848
0.142738
0.161959
0.162467
0.163690
0.166388
0.169406
0.171316
0.172186
0.170493
0.171945
0.171882
0.163001
0.165696
0.168429
0.169899
0.163325
0.165562
0.144118
0.152025
0.152296
0.154147
0.142553
0.144137
0.161780
0.161837
0.167957
0.158919
0.160648
0.167524
0.160258
0.148377
0.153305
0.152260
0.136029
0.133916
0.133375
0.134995
0.117420
0.124056
0.129614
0.124644
0.118954
0.124261
0.129425
0.133195
0.137391
0.154884
0.155239
0.150109
0.140954
0.136305
0.145541
0.159404
0.155357
0.154159
0.148477
0.162581
0.164819
0.163517
0.156831
0.166662
0.170603
0.174976
0.173349
0.167876
0.164250
0.165002
0.163950
0.168856
0.164413
0.168454
0.171059
0.168926
0.171791
0.169985
0.162112
0.162850
0.165372
0.163725
0.166819
0.169267
0.168320
0.168715
0.171995
0.146161
0.152105
0.153323
0.158096
0.161194
0.170443
0.152165
0.123372
0.126484
0.145941
0.160330
0.148508
0.124982
0.132765
0.146322
0.128902
0.131124
0.131228
0.145927
0.148475
0.135531
0.147179
0.161077
0.137980
0.110507
0.127821
0.120449
0.134902
0.152697
0.132476
0.115116
0.136661
0.149953
0.149455
0.144621
0.132170
0.151673
0.146799
0.160045
0.157238
0.150760
0.154734
0.151935
0.138742
0.152286
0.155795
0.167347
0.165540
0.141619
0.149439
0.151568
0.150460
0.144764
0.160427
0.159062
0.161577
0.163003
0.162558
0.150834
0.165190
0.154462
0.134930
0.154243
0.151427
0.152754
0.151386
0.168215
0.169588
0.163953
0.169991
0.161303
0.167091
0.156210
0.158751
0.145911
0.156074
0.158761
0.150431
0.158361
0.170236
0.161598
0.163577
0.166980
0.168026
0.159647
0.167436
0.155705
0.155082
0.147963
0.157859
0.153763
0.150523
0.138720
0.150998
0.159250
0.151278
0.141982
0.148520
0.151374
0.158231
0.154015
0.153753
0.148898
0.154057
0.153415
0.143282
0.131262
0.129295
0.135557
0.142037
0.132206
0.149762
0.146127
0.155103
0.163076
0.169668
0.157738
0.153667
0.155063
0.145335
0.142054
0.135315
0.133571
0.140906
0.151076
0.147352
0.151589
0.151615
0.140330
0.141635
0.143530
0.130097
0.118719
0.129121
0.141764
0.136511
0.148133
0.139459
0.124715
0.126603
0.119554
0.128891
0.131150
0.123228
0.109534
0.106046
0.122170
0.125316
0.132276
0.121715
0.132417
0.132024
0.140251
0.134527
0.127285
0.129790
0.127214
0.134997
0.127275
0.129094
0.128519
0.141613
0.130744
0.130820
0.129689
0.134369
0.129887
0.131623
0.158744
0.175861
0.187243
0.173627
0.139960
0.148901
0.139339
0.128412
0.135080
0.144654
0.156876
0.154907
0.171747
0.184632
0.181776
0.199984
0.193479
0.197621
0.180443
0.188246
0.196833
0.197413
0.176406
0.192560
0.188373
0.195604
0.181796
0.150328
0.171320
0.182851
0.156311
0.151224
0.179522
0.172397
0.182224
0.186945
0.174298
0.145562
0.158301
0.172874
0.168821
0.160901
0.155126
0.151581
0.137392
0.142456
0.136418
0.156895
0.149628
0.162527
0.138788
0.153424
0.135169
0.122786
0.104957
0.120302
0.121584
0.126777
0.122043
0.125986
0.109861
0.109529
0.103231
0.126232
0.122059
0.121262
0.127214
0.132922
0.123619
0.133949
0.145420
0.164558
0.184050
0.164087
0.173485
0.181240
0.191607
0.194272
0.201502
0.190295
0.197857
0.198632
0.201696
0.200650
0.178646
0.174031
0.192180
0.193310
0.177998
0.164824
0.164938
0.164095
0.153749
0.158574
0.163410
0.169873
0.168007
0.168722
0.168702
0.163323
0.169245
0.169382
0.170142
0.168133
0.171266
0.160895
0.171224
0.168712
0.170856
0.162976
0.166812
0.170914
0.169847
0.169624
0.160849
0.135927
0.128280
0.146956
0.171111
0.169538
0.152548
0.133563
0.148312
0.157595
0.153765
0.159155
0.155148
0.156488
0.166948
0.159136
0.155143
0.165942
0.170802
0.171210
0.172204
0.170574
0.171760
0.164834
0.169043
0.170360
0.169746
0.170259
0.171120
0.169920
0.158184
0.141752
0.142497
0.167687
0.148505
0.152499
0.163356
0.158463
0.153104
0.151053
0.149069
0.132091
0.147684
0.150730
0.148483
0.151950
0.151254
0.135715
0.145696
0.119376
0.096513
0.072611
0.110048
0.119955
0.126477
0.107307
0.145092
0.116799
0.139050
0.115835
0.087424
0.115613
0.122532
0.153534
0.158356
0.180816
0.149177
0.162653
0.168056
0.165988
0.148964
0.156619
0.156482
0.135863
0.126996
0.131451
0.170095
0.194274
0.164104
0.194277
0.204357
0.180866
0.157988
0.195876
0.189561
0.198394
0.200548
0.189640
0.175957
0.199671
0.202343
0.181936
0.200947
0.189564
0.188609
0.201063
0.192643
0.185284
0.160052
0.149451
0.167251
0.160523
0.164078
0.124255
0.138990
0.105257
0.146065
0.171019
0.123588
0.097234
0.117827
0.109050
0.091469
0.117402
0.094335
0.096022
0.091225
0.107762
0.125182
0.115813
0.131694
0.127971
0.121076
0.090030
0.111043
0.126585
0.117983
0.122773
0.115269
0.100011
0.089659
0.103120
0.116803
0.096374
0.109202
0.123498
0.109954
0.104873
0.085901
0.068405
0.071018
0.084589
0.088556
0.076283
0.073327
0.073838
0.074348
0.069902
0.069825
0.065061
0.073535
0.061693
0.058729
0.070004
0.089870
0.066610
0.070670
0.094375
0.121682
0.097717
0.122574
0.107650
0.137336
0.140747
0.137766
0.124651
0.156193
0.175418
0.159888
0.183250
0.189870
0.189533
0.195659
0.197341
0.184808
0.183389
0.174192
0.176560
0.152486
0.167901
0.171672
0.154250
0.166431
0.180841
0.163743
0.164091
0.136186
0.148804
0.164075
0.165692
0.173748
0.156907
0.145490
0.155081
0.126180
0.115539
0.120876
0.103254
0.107849
0.119596
0.111410
0.110712
0.096709
0.107126
0.105748
0.118343
0.132277
0.128822
0.154953
0.154965
0.186374
0.167893
0.141613
0.140547
0.164361
0.138633
0.151895
0.131606
0.148376
0.185751
0.188530
0.177563
0.191852
0.162237
0.135041
0.130376
0.140633
0.152097
0.172764
0.173586
0.170138
0.193124
0.200447
0.187016
0.158436
0.152094
0.172226
0.182321
0.178946
0.184327
0.184027
0.169509
0.176336
0.155330
0.164037
0.195115
0.194795
0.186581
0.163993
0.137711
0.169807
0.142692
0.136050
0.133982
0.154480
0.131427
0.124297
0.130361
0.160546
0.185300
0.196940
0.175744
0.184490
0.199122
0.199525
0.182779
0.161024
0.156494
0.162842
0.155572
0.151490
0.160471
0.148357
0.152367
0.165398
0.171919
0.172012
0.152772
0.188470
0.196607
0.193005
0.183320
0.180409
0.198178
0.201657
0.197016
0.201309
0.189256
0.201838
0.191733
0.187185
0.201124
0.192615
0.192244
0.196388
0.199659
0.196212
0.201407
0.195310
0.188732
0.155019
0.175745
0.184177
0.192421
0.181025
0.182481
0.177385
0.173378
0.160771
0.169006
0.169856
0.141242
0.141858
0.158606
0.164411
0.166782
0.172738
0.179771
0.170684
0.179184
0.173061
0.173692
0.174721
0.168005
0.169932
0.156593
0.144162
0.139993
0.153934
0.148505
0.157035
0.163435
0.163276
0.159665
0.153439
0.159325
0.164581
0.162278
0.159431
0.137781
0.157937
0.136173
0.121657
0.125778
0.129827
0.131171
0.118586
0.128768
0.139858
0.133834
0.122560
0.132901
0.125379
0.149256
0.149532
0.141114
0.137302
0.126966
0.126802
0.130450
0.139053
0.161727
0.153769
0.167639
0.148116
0.148255
0.151072
0.160123
0.162904
0.155573
0.164523
0.161277
0.157639
0.155746
0.156414
0.165716
0.170139
0.171564
0.167036
0.161022
0.170840
0.172174
0.165565
0.154252
0.162606
0.156274
0.167190
0.168013
0.154659
0.151081
0.155045
0.162312
0.162001
0.165073
0.159282
0.159440
0.149520
0.131405
0.140518
0.134856
0.145861
0.167370
0.154716
0.148164
0.145363
0.125336
0.114998
0.114956
0.117162
0.116505
0.117136
0.123385
0.128411
0.121265
0.115188
0.112473
0.121292
0.116042
0.119443
0.108761
0.117656
0.121329
0.127190
0.126040
0.127889
0.130104
0.130672
0.125740
0.125136
0.130568
0.122060
0.117584
0.118285
0.119614
0.128758
0.138712
0.129167
0.143769
0.151058
0.163390
0.181406
0.175755
0.159660
0.120399
0.159049
0.149299
0.149748
0.184798
0.197564
0.194711
0.183018
0.186361
0.151213
0.166985
0.179173
0.189305
0.200948
0.179033
0.192290
0.189049
0.203871
0.190547
0.180661
0.198785
0.193040
0.203375
0.190577
0.152992
0.175542
0.181599
0.179484
0.196969
0.199669
0.201805
0.180089
0.170617
0.140755
0.134049
0.128556
0.153175
0.148496
0.142959
0.113464
0.126492
0.105934
0.132207
0.116085
0.108440
0.102352
0.117289
0.115524
0.118530
0.115255
0.121359
0.115514
0.107301
0.113448
0.105076
0.116363
0.117739
0.118036
0.120485
0.117244
0.119736
0.114111
0.129662
0.120538
0.117925
0.116347
0.121053
0.134407
0.120810
0.119503
0.129016
0.141233
0.145033
0.155981
0.162037
0.175105
0.171727
0.165076
0.157002
0.131838
0.110247
0.102917
0.101326
0.105583
0.112841
0.136599
0.140256
0.144226
0.139358
0.141953
0.143264
0.142466
0.142689
0.140718
0.136655
0.124771
0.132831
0.135197
0.129603
0.130104
0.126194
0.127684
0.119123
0.123844
0.120178
0.127794
0.122214
0.120532
0.123430
0.122664
0.124370
0.129473
0.128073
0.129921
0.140555
0.143275
0.144486
0.143096
0.138484
0.141128
0.142207
0.140916
0.142930
0.142599
0.133948
0.132710
0.121161
0.131144
0.130616
0.123150
0.131372
0.129146
0.124105
0.115370
0.111795
0.099025
0.109929
0.115739
0.119958
0.129974
0.122046
0.132308
0.130011
0.138511
0.134135
0.134690
0.127173
0.123053
0.127693
0.118976
0.113938
0.103786
0.100214
0.099884
0.094051
0.089926
0.083000
0.080405
0.089254
0.080061
0.087360
0.091069
0.099817
0.088716
0.095857
0.100442
0.101089
0.094016
0.102147
0.090338
0.090922
0.098123
0.102190
0.112621
0.119265
0.114482
0.105660
0.115664
0.117570
0.115182
0.113457
0.126227
0.148072
0.134463
0.122878
0.119668
0.116373
0.114888
0.114926
0.110690
0.107942
0.113726
0.105614
0.095272
0.102055
0.099344
0.110365
0.108917
0.132332
0.124308
0.118605
0.131304
0.116290
0.118235
0.135819
0.147855
0.127747
0.142295
0.176467
0.188554
0.194721
0.179328
0.161124
0.142168
0.131398
0.137844
0.140226
0.131518
0.127072
0.134548
0.128008
0.125835
0.126042
0.126136
0.128745
0.138148
0.129525
0.129069
0.116324
0.121483
0.125135
0.116563
0.127532
0.137430
0.151300
0.123747
0.142171
0.140952
0.156468
0.135460
0.146557
0.147020
0.141634
0.130110
0.137208
0.144751
0.163679
0.165057
0.173456
0.172316
0.158897
0.138074
0.125305
0.116837
0.117347
0.119060
0.125787
0.143745
0.130814
0.144738
0.142319
0.130461
0.137747
0.124843
0.143585
0.132352
0.134592
0.125718
0.138286
0.134462
0.127236
0.152453
0.133051
0.119981
0.123937
0.119164
0.121671
0.136647
0.142071
0.125202
0.146667
0.175422
0.187106
0.178151
0.156608
0.171229
0.191531
0.198598
0.178857
0.136409
0.127030
0.113646
0.118146
0.127672
0.150522
0.162929
0.144399
0.137241
0.161893
0.182875
0.198499
0.191242
0.181637
0.168296
0.157976
0.169156
0.141684
0.151912
0.147604
0.122492
0.119389
0.119332
0.120107
0.117999
0.111044
0.100147
0.104098
0.102850
0.090867
0.098688
0.095195
0.084503
0.101712
0.104255
0.108448
0.113706
0.117528
0.122117
0.122025
0.120767
0.124623
0.116991
0.119667
0.119342
0.123734
0.122640
0.121880
0.122413
0.122595
0.119818
0.118283
0.114745
0.118507
0.118331
0.121293
0.120777
0.117185
0.121503
0.121060
0.120128
0.120874
0.117892
0.115840
0.113354
0.106662
0.114790
0.120450
0.120467
0.117010
0.107589
0.113219
0.119936
0.125281
0.127062
0.121130
0.118890
0.119393
0.122436
0.125329
0.134271
0.136457
0.141214
0.142219
0.143292
0.143014
0.138758
0.132310
0.139459
0.135752
0.133688
0.135847
0.126349
0.126478
0.128681
0.135952
0.139075
0.126931
0.120352
0.115231
0.102629
0.110754
0.102634
0.113456
0.114023
0.103824
0.097870
0.109120
0.097403
0.102765
0.096532
0.100528
0.098033
0.105448
0.129178
0.165282
0.164497
0.159284
0.174645
0.163402
0.153824
0.140381
0.142250
0.135852
0.132992
0.125271
0.141217
0.142567
0.137268
0.137683
0.127254
0.106837
0.116464
0.128427
0.133115
0.124126
0.126778
0.113667
0.113254
0.129525
0.137427
0.142419
0.141619
0.139377
0.132798
0.127307
0.138416
0.129350
0.125341
0.117533
0.115054
0.123949
0.131275
0.134455
0.131367
0.126402
0.123714
0.111742
0.108779
0.112717
0.120900
0.123709
0.126888
0.132062
0.135457
0.130460
0.123776
0.129738
0.131118
0.137860
0.122944
0.136325
0.121733
0.131931
0.142764
0.140591
0.142581
0.137930
0.134886
0.139971
0.142943
0.142022
0.140290
0.142986
0.142470
0.148410
0.143759
0.153665
0.142989
0.139473
0.141273
0.124466
0.105127
0.112601
0.113835
0.123799
0.120926
0.119209
0.113909
0.114487
0.111746
0.116509
0.121411
0.123737
0.119845
0.115819
0.120594
0.119171
0.114475
0.114959
0.119198
0.121712
0.121054
0.121080
0.118730
0.121758
0.119043
0.116200
0.115240
0.125015
0.132915
0.132387
0.129186
0.139484
0.152354
0.170851
0.173222
0.157589
0.147762
0.157877
0.141801
0.151699
0.141413
0.174759
0.197873
0.171737
0.194174
0.198161
0.189542
0.195690
0.196322
0.195000
0.191577
0.181759
0.193587
0.178914
0.193773
0.183633
0.198762
0.198390
0.174247
0.190793
0.191491
0.173150
0.175434
0.150083
0.131588
0.129456
0.129880
0.128843
0.141991
0.148668
0.151718
0.141929
0.136828
0.134966
0.146229
0.144551
0.148058
0.140166
0.138533
0.125430
0.128724
0.140961
0.129280
0.118830
0.108554
0.106165
0.083211
0.091664
0.106552
0.108269
0.119620
0.122314
0.109970
0.121948
0.117806
0.123025
0.120058
0.113836
0.111905
0.119374
0.105629
0.108944
0.117657
0.122197
0.133849
0.127891
0.126410
0.115452
0.122481
0.121285
0.132424
0.131051
0.134206
0.138638
0.133715
0.128513
0.127793
0.122274
0.126031
0.123559
0.123805
0.117787
0.120884
0.121261
0.109144
0.107754
0.113158
0.114869
0.124523
0.118335
0.117332
0.106450
0.099459
0.091063
0.097752
0.089220
0.094063
0.095817
0.098734
0.104720
0.101301
0.095113
0.090357
0.085024
0.088652
0.087987
0.088450
0.094820
0.089035
0.093131
0.091858
0.106066
0.115264
0.118381
0.108140
0.099283
0.113347
0.114854
0.123516
0.124250
0.113934
0.126486
0.121917
0.126478
0.121905
0.115062
0.117031
0.122693
0.133811
0.135349
0.150473
0.178114
0.192336
0.190489
0.194523
0.183728
0.170434
0.177866
0.190508
0.183095
0.152228
0.170799
0.193374
0.179569
0.168846
0.150544
0.170673
0.194500
0.193072
0.178909
0.197841
0.178048
0.163591
0.186203
0.185161
0.156713
0.127243
0.157037
0.163966
0.179198
0.192395
0.192009
0.189234
0.185868
0.195915
0.196865
0.176193
0.175845
0.159829
0.173315
0.161809
0.133500
0.157893
0.162447
0.157397
0.148593
0.138067
0.132063
0.137014
0.144671
0.118939
0.108850
0.107283
0.106366
0.110249
0.124199
0.127689
0.125373
0.122569
0.126536
0.125164
0.132739
0.133582
0.142063
0.144112
0.137977
0.122492
0.129438
0.124213
0.112833
0.131710
0.120687
0.139382
0.123139
0.111272
0.114173
0.096349
0.105870
0.106464
0.114842
0.117375
0.104905
0.099946
0.097142
0.106427
0.109709
0.111917
0.114751
0.127065
0.128571
0.118130
0.099981
0.106284
0.098551
0.105262
0.111451
0.102274
0.092219
0.102278
0.109415
0.102306
0.111526
0.113904
0.116176
0.117447
0.136416
0.138948
0.147961
0.157967
0.178528
0.170752
0.141188
0.129768
0.122913
0.119396
0.120089
0.120068
0.120949
0.136656
0.143008
0.125862
0.119287
0.118413
0.122916
0.119464
0.120375
0.118760
0.120441
0.117903
0.118514
0.115333
0.119317
0.119390
0.119715
0.119292
0.119272
0.118777
0.116466
0.119829
0.121727
0.119675
0.120768
0.123006
0.119647
0.122742
0.124251
0.123255
0.118126
0.117101
0.130995
0.130096
0.126521
0.125517
0.121820
0.120838
0.120136
0.119433
0.119998
0.121493
0.122735
0.121151
0.120404
0.120086
0.117278
0.112164
0.118613
0.122036
0.123236
0.120817
0.121670
0.122961
0.121092
0.119438
0.124807
0.117530
0.115442
0.113043
0.114392
0.118849
0.118258
0.114339
0.116692
0.117490
0.115099
0.114050
0.121205
0.116599
0.113542
0.117257
0.119353
0.117269
0.114758
0.115291
0.114983
0.110188
0.115144
0.112091
0.099172
0.098038
0.095766
0.096137
0.094977
0.102758
0.093347
0.099827
0.097246
0.101684
0.109571
0.106300
0.106343
0.110118
0.119126
0.135017
0.114922
0.124149
0.156419
0.141930
0.160015
0.137522
0.151155
0.175398
0.151715
0.129830
0.116457
0.113502
0.117709
0.120326
0.118931
0.122876
0.122789
0.120404
0.120759
0.122720
0.125936
0.126138
0.129498
0.120942
0.128849
0.136849
0.126413
0.128145
0.123965
0.110622
0.125626
0.117797
0.152344
0.172112
0.161761
0.181970
0.197180
0.196079
0.194793
0.202320
0.179113
0.156471
0.131854
0.117483
0.131393
0.123525
0.126647
0.137562
0.138186
0.160620
0.135638
0.147983
0.131856
0.115640
0.133222
0.126336
0.116142
0.121704
0.125902
0.120278
0.121943
0.110127
0.109679
0.113777
0.115263
0.121584
0.125342
0.131530
0.148663
0.168236
0.165866
0.159436
0.141664
0.148401
0.150643
0.153018
0.148446
0.183605
0.155459
0.139249
0.138012
0.138304
0.146377
0.158349
0.170826
0.160558
0.167317
0.170254
0.159961
0.143646
0.134901
0.132248
0.144064
0.162255
0.171316
0.166440
0.171605
0.160073
0.139173
0.128841
0.118773
0.116877
0.119230
0.124757
0.118127
0.120092
0.118869
0.125668
0.121394
0.116666
0.116723
0.116791
0.123656
0.125291
0.147680
0.165027
0.162460
0.171158
0.163548
0.174589
0.187462
0.174331
0.154021
0.126772
0.107133
0.117958
0.135388
0.143860
0.128602
0.149414
0.137279
0.167219
0.175930
0.158517
0.165745
0.182263
0.153642
0.186719
0.165647
0.149817
0.129675
0.118987
0.117203
0.112443
0.098700
0.096039
0.102938
0.098857
0.103508
0.093898
0.082213
0.079978
0.092994
0.093333
0.104571
0.122925
0.134432
0.120207
0.112749
0.116877
0.100412
0.106313
0.099054
0.108702
0.128871
0.116797
0.108722
0.113202
0.118346
0.131357
0.141041
0.137586
0.121748
0.117887
0.136522
0.147501
0.142414
0.129628
0.136591
0.129639
0.126691
0.122982
0.136308
0.141288
0.153766
0.151508
0.158702
0.166657
0.166872
0.161628
0.156794
0.148163
0.152005
0.150444
0.144573
0.149104
0.148874
0.133853
0.128119
0.128963
0.124914
0.123404
0.118436
0.123033
0.126678
0.119377
0.116864
0.116389
0.114962
0.121343
0.127295
0.130906
0.126284
0.116660
0.117076
0.109147
0.121457
0.124969
0.113311
0.117256
0.114565
0.122911
0.119639
0.120463
0.129012
0.136027
0.135255
0.133461
0.139677
0.130107
0.129326
0.117037
0.126424
0.131644
0.144407
0.153989
0.153873
0.149794
0.147873
0.154662
0.157228
0.158660
0.162835
0.160264
0.158106
0.153863
0.153896
0.153380
0.151525
0.145590
0.153681
0.149046
0.151145
0.155363
0.153970
0.167308
0.161024
0.163956
0.167535
0.172223
0.168300
0.166553
0.164856
0.155940
0.169335
0.175953
0.174143
0.175639
0.156127
0.161317
0.160243
0.177636
0.174217
0.168517
0.169742
0.168400
0.164866
0.167257
0.163214
0.169700
0.158728
0.159763
0.158800
0.159200
0.161932
0.169255
0.168907
0.164100
0.168245
0.157564
0.167516
0.161361
0.152414
0.163381
0.169408
0.158685
0.165576
0.163242
0.163243
0.169899
0.171563
0.170965
0.169598
0.170081
0.167618
0.178217
0.180241
0.178570
0.168810
0.168433
0.161530
0.169001
0.171731
0.169800
0.159835
0.160834
0.154720
0.147460
0.144267
0.121818
0.145092
0.151641
0.156875
0.169474
0.164925
0.168959
0.162514
0.170853
0.160214
0.139866
0.136639
0.167038
0.176606
0.161486
0.152248
0.153347
0.123276
0.155279
0.172524
0.176840
0.181967
0.172008
0.148943
0.158337
0.133396
0.152439
0.143878
0.134324
0.137661
0.092495
0.119244
0.154453
0.154774
0.164064
0.146919
0.159371
0.180994
0.196895
0.196037
0.199763
0.183841
0.168416
0.154799
0.151878
0.173233
0.200542
0.200073
0.192638
0.197766
0.197251
0.182355
0.163498
0.178417
0.174700
0.167725
0.179492
0.184118
0.177389
0.178706
0.181831
0.153286
0.137899
0.149239
0.153464
0.156037
0.156333
0.172799
0.139673
0.145683
0.147139
0.135751
0.144974
0.147047
0.169850
0.149068
0.146234
0.153870
0.140335
0.165391
0.163429
0.190063
0.164682
0.157530
0.149211
0.155120
0.174200
0.172820
0.181037
0.184695
0.185753
0.175321
0.168720
0.149253
0.161770
0.159106
0.157507
0.158997
0.152393
0.138347
0.133361
0.138970
0.145281
0.170592
0.167137
0.160058
0.165880
0.138875
0.153368
0.156541
0.159697
0.157217
0.130317
0.125465
0.105299
0.097412
0.081805
0.076828
0.092026
0.108260
0.094248
0.084773
0.107688
0.092807
0.097003
0.094618
0.102569
0.109460
0.107935
0.116228
0.107065
0.102647
0.095326
0.113705
0.101544
0.092141
0.099098
0.099092
0.106068
0.100638
0.096277
0.092131
0.107582
0.100156
0.103787
0.114136
0.116263
0.118324
0.112892
0.115128
0.112148
0.109169
0.108848
0.105290
0.113656
0.121808
0.121893
0.125778
0.131990
0.140507
0.138851
0.138129
0.132796
0.136912
0.125440
0.124626
0.127069
0.116521
0.107761
0.096747
0.095949
0.087413
0.090023
0.098025
0.094363
0.091280
0.092368
0.100108
0.115075
0.125850
0.119653
0.105954
0.093341
0.094026
0.101524
0.111526
0.108293
0.102418
0.112202
0.108754
0.117474
0.118053
0.127148
0.118525
0.127222
0.134537
0.115099
0.133213
0.120569
0.116067
0.115205
0.118918
0.119126
0.123300
0.119277
0.119947
0.121237
0.118427
0.120944
0.119482
0.112503
0.104977
0.108629
0.111342
0.102983
0.095407
0.104086
0.109250
0.116851
0.108156
0.118373
0.119236
0.118128
0.119286
0.119864
0.120344
0.122009
0.127157
0.147526
0.135359
0.122747
0.118377
0.119164
0.119230
0.121414
0.118879
0.125764
0.119241
0.124900
0.122183
0.132610
0.129774
0.146586
0.151592
0.169626
0.146904
0.170268
0.192201
0.193487
0.184239
0.173672
0.173878
0.194403
0.195176
0.187952
0.167196
0.163549
0.136632
0.150468
0.151909
0.125276
0.118006
0.109203
0.123420
0.109348
0.126821
0.143349
0.115112
0.092126
0.085205
0.126260
0.146471
0.151451
0.157316
0.139211
0.128553
0.112380
0.149022
0.161549
0.138080
0.153977
0.172652
0.161661
0.150870
0.161588
0.174534
0.172779
0.168882
0.163747
0.160806
0.154780
0.142563
