-0.490427 -0.424715 0.760985 
-0.657362 -0.334938 0.675049 
-0.558734 -0.523304 0.643405 
-0.655672 -0.636053 0.406856 
-0.643037 -0.629663 0.435922 
-0.762694 -0.490365 0.421712 
-0.715958 -0.336606 0.611638 
-0.527874 -0.513140 0.676784 
-0.726818 -0.320737 0.607341 
-0.561738 -0.219944 0.797543 
-0.461606 -0.306816 0.832336 
-0.467226 -0.420106 0.777953 
-0.559316 -0.554391 0.616292 
-0.405922 -0.715378 0.568737 
-0.253173 -0.819267 0.514494 
-0.055460 -0.713573 0.698382 
0.143424 -0.617428 0.773442 
0.062752 -0.588848 0.805804 
0.191328 -0.729785 0.656359 
0.234286 -0.730868 0.641048 
0.117514 -0.835125 0.537360 
-0.060301 -0.763659 0.642798 
0.019091 -0.579752 0.814569 
0.182577 -0.607716 0.772882 
0.071241 -0.527133 0.846792 
0.056639 -0.480080 0.875394 
0.217404 -0.369245 0.903545 
0.340333 -0.110263 0.933818 
0.082796 0.057903 0.994883 
-0.065288 0.127000 0.989752 
0.099704 0.105484 0.989410 
0.104675 -0.047299 0.993381 
0.255396 -0.066140 0.964572 
0.209227 0.109600 0.971706 
0.125371 0.103888 0.986656 
0.243958 -0.109758 0.963555 
0.410141 -0.047536 0.910782 
0.577367 0.036547 0.815667 
0.661908 -0.028120 0.749057 
0.640485 -0.125533 0.757641 
0.745830 0.053100 0.664016 
0.587429 0.080312 0.805281 
0.603364 0.292841 0.741752 
0.768215 0.216495 0.602475 
0.689964 0.444047 0.571639 
0.612244 0.262502 0.745821 
0.577165 0.098674 0.810644 
0.700442 0.043605 0.712376 
0.700243 -0.254137 0.667139 
0.750332 -0.346266 0.563118 
0.685455 -0.447390 0.574451 
0.852422 -0.339486 0.397650 
0.785257 -0.543178 0.297201 
0.769446 -0.488734 0.411208 
0.868132 -0.357598 0.344196 
0.799523 -0.572919 0.180350 
0.619143 -0.697184 0.361380 
0.541227 -0.721419 0.432005 
0.504123 -0.647380 0.571629 
0.601048 -0.603970 0.523413 
0.598638 -0.675600 0.430346 
0.578798 -0.674014 0.459018 
0.620274 -0.576973 0.531378 
0.697580 -0.580538 0.419950 
0.657251 -0.508462 0.556316 
0.599675 -0.664019 0.446619 
0.696374 -0.603264 0.388763 
0.568243 -0.591820 0.571707 
0.657829 -0.479559 0.580761 
0.473835 -0.566658 0.674077 
0.569651 -0.453028 0.685757 
0.586053 -0.589731 0.555661 
0.531532 -0.523747 0.665705 
0.610927 -0.624741 0.486278 
0.562376 -0.510157 0.650748 
0.453886 -0.643993 0.615841 
0.518687 -0.426643 0.740904 
0.520025 -0.307244 0.796979 
0.324081 -0.420398 0.847489 
0.264565 -0.546161 0.794804 
0.232531 -0.552651 0.800316 
0.107688 -0.552506 0.826523 
0.232726 -0.361529 0.902849 
0.250013 -0.517816 0.818144 
0.367330 -0.428505 0.825501 
0.239903 -0.464117 0.852668 
0.306917 -0.418060 0.855002 
0.206895 -0.375441 0.903459 
0.346056 -0.510228 0.787345 
0.074931 -0.415946 0.906297 
-0.022424 -0.550203 0.834730 
-0.157440 -0.674349 0.721434 
0.096889 -0.797533 0.595444 
0.094866 -0.708579 0.699225 
-0.165185 -0.558015 0.813224 
-0.192913 -0.403404 0.894455 
-0.220951 -0.417710 0.881305 
-0.312408 -0.302167 0.900609 
-0.418448 -0.109490 0.901617 
-0.231555 0.015130 0.972704 
