-0.247734 0.592423 0.766592 
-0.101333 0.681555 0.724717 
-0.244324 0.616617 0.748392 
-0.276694 0.463032 0.842046 
-0.144387 0.372575 0.916701 
-0.262224 0.301630 0.916656 
-0.345016 0.518440 0.782421 
-0.279842 0.622548 0.730837 
-0.430259 0.614543 0.661222 
-0.493750 0.558370 0.666658 
-0.330128 0.549172 0.767741 
-0.449216 0.521793 0.725215 
-0.345693 0.428318 0.834889 
-0.501150 0.428769 0.751669 
-0.246461 0.519823 0.817949 
-0.164689 0.615642 0.770625 
-0.076547 0.381945 0.921010 
-0.048719 0.304969 0.951115 
-0.144859 0.213839 0.966069 
-0.157939 0.067718 0.985124 
-0.042386 0.214916 0.975712 
-0.005331 0.374607 0.927168 
0.041739 0.116545 0.992308 
0.260194 0.158017 0.952538 
0.058985 0.070005 0.995801 
-0.078885 -0.036936 0.996199 
-0.043315 0.057877 0.997384 
-0.005117 0.074493 0.997208 
0.226697 0.173440 0.958398 
0.391250 0.379478 0.838403 
0.441180 0.362280 0.821044 
0.503599 0.408355 0.761337 
0.392171 0.448493 0.803154 
0.572456 0.580413 0.579151 
0.586591 0.587337 0.557625 
0.631386 0.674815 0.382068 
0.726939 0.580925 0.366178 
0.830084 0.549075 0.097352 
0.784297 0.576270 0.229764 
0.850477 0.519943 -0.079673 
0.747330 0.655970 -0.105830 
0.785970 0.588392 -0.189857 
0.774202 0.631070 0.048597 
0.578470 0.814026 -0.052292 
0.702632 0.704717 0.098397 
0.825057 0.561272 0.065230 
0.832363 0.554229 0.001411 
0.947774 0.318778 0.010304 
0.917554 0.370744 0.143681 
0.950205 0.290225 -0.113486 
0.937426 0.191024 -0.291106 
0.931139 0.211525 -0.297048 
0.972537 0.206072 -0.108197 
0.969747 0.238266 -0.053103 
0.941194 0.302843 -0.149797 
0.852920 0.402960 -0.331888 
0.862837 0.499628 -0.076700 
0.885072 0.463875 0.038299 
0.824779 0.556799 0.098560 
0.873352 0.478873 0.089084 
0.916625 0.397159 0.045414 
0.820692 0.561615 0.105140 
0.741887 0.667961 0.058589 
0.844187 0.504868 0.180154 
0.927856 0.224401 0.297870 
0.929961 0.106819 0.351797 
0.977104 -0.101576 0.186950 
0.998242 0.004859 -0.059067 
0.998642 -0.050801 0.011516 
0.985159 0.160162 0.061730 
0.956779 0.019456 0.290165 
0.853359 0.241958 0.461773 
0.927288 0.208282 0.311056 
0.830397 0.277580 0.483105 
0.937326 0.084241 0.338118 
0.925170 -0.042631 0.377153 
0.937800 0.073116 0.339388 
0.979787 0.011489 0.199714 
0.961941 -0.218019 0.164733 
0.885682 -0.408967 0.219805 
0.800155 -0.573487 0.175681 
0.796189 -0.597852 0.093035 
0.686661 -0.724021 -0.065495 
0.803915 -0.588648 -0.084933 
0.766725 -0.586745 -0.260506 
0.804943 -0.580821 -0.121300 
0.790008 -0.612662 0.023076 
0.758643 -0.649462 0.051573 
0.652260 -0.741052 -0.159368 
0.586183 -0.791948 -0.170901 
0.612149 -0.724269 -0.317344 
0.764774 -0.594486 -0.248409 
0.695773 -0.666371 -0.268048 
0.733273 -0.676045 -0.072615 
0.789413 -0.604019 -0.109488 
0.737293 -0.588302 -0.332113 
0.844743 -0.438498 -0.306804 
0.905766 -0.289796 -0.309203 
0.859618 -0.043609 -0.509073 
0.902555 -0.056819 -0.426809 
