0.818980 -0.205168 0.535890 
0.854738 -0.163072 0.492779 
0.759962 -0.266210 0.592951 
0.872727 -0.207702 0.441823 
0.743068 -0.212447 0.634599 
0.901189 -0.158262 0.403500 
0.734440 -0.149565 0.661988 
0.688089 -0.143867 0.711221 
0.700258 -0.257876 0.665687 
0.793063 -0.337538 0.507070 
0.674860 -0.082949 0.733269 
0.696761 -0.022084 0.716964 
0.650457 -0.266982 0.711074 
0.861992 -0.094651 0.498007 
0.612882 -0.322477 0.721377 
0.597274 -0.385871 0.703113 
0.655015 0.004342 0.755603 
0.761105 -0.399693 0.510847 
0.756338 -0.454977 0.470052 
0.926887 -0.156436 0.341187 
0.719502 -0.511280 0.470010 
0.948094 -0.114058 0.296830 
0.920725 -0.221536 0.321228 
0.702342 -0.563350 0.435147 
0.686798 -0.609509 0.395988 
0.851718 -0.274416 0.446399 
0.947790 -0.050356 0.314895 
0.965697 -0.105732 0.237172 
0.665650 -0.561770 0.491248 
0.925233 -0.062617 0.374196 
0.718995 -0.606480 0.339452 
0.761985 -0.562452 0.320977 
0.794181 -0.445881 0.412875 
0.966093 -0.160835 0.201983 
0.677884 0.060071 0.732710 
0.961025 -0.004815 0.276421 
0.913254 -0.283123 0.292931 
0.915856 -0.002561 0.401499 
0.954072 -0.224869 0.197940 
0.617492 -0.579580 0.531781 
0.700972 -0.321354 0.636687 
0.703893 0.109423 0.701827 
0.548067 -0.381705 0.744261 
0.504571 -0.361070 0.784243 
0.567588 -0.598351 0.565526 
0.556011 -0.558609 0.615474 
0.718625 0.162669 0.676104 
0.517487 -0.299558 0.801544 
0.752365 0.189832 0.630802 
0.468958 -0.290911 0.833936 
0.801587 -0.480276 0.356080 
0.468967 -0.411882 0.781296 
0.714297 -0.432579 0.550141 
0.425942 -0.391890 0.815472 
0.920433 0.057902 0.386588 
0.730287 -0.622616 0.281122 
0.628715 -0.114661 0.769136 
0.944389 -0.282162 0.168862 
0.797696 -0.538646 0.271186 
0.569356 -0.281493 0.772396 
0.782761 0.215824 0.583699 
0.381396 -0.377150 0.843976 
0.977992 -0.060625 0.199643 
0.643270 -0.625457 0.441597 
0.747395 0.102886 0.656365 
0.829606 -0.069847 0.553963 
0.888394 0.019163 0.458682 
0.628007 -0.666629 0.401514 
0.860826 -0.320696 0.395136 
0.928253 -0.341059 0.148409 
0.673778 -0.486121 0.556516 
0.521223 -0.535235 0.664718 
0.662327 0.132223 0.737455 
0.690686 -0.666537 0.280502 
0.424948 -0.271770 0.863459 
0.470331 -0.547851 0.691844 
0.779249 0.060381 0.623799 
0.640585 -0.463844 0.611964 
0.553130 -0.483392 0.678513 
0.829779 -0.512325 0.221335 
0.914041 0.118237 0.388006 
0.655099 -0.403197 0.638966 
0.591639 -0.628240 0.505250 
0.985882 -0.084599 0.144495 
0.604169 -0.705844 0.369816 
0.916522 -0.385009 0.108427 
0.988751 -0.116241 0.094122 
0.762166 -0.605415 0.229295 
0.856938 -0.457267 0.237831 
0.477984 -0.229554 0.847842 
0.581188 -0.102328 0.807310 
0.752045 0.255481 0.607584 
0.703166 0.215161 0.677690 
0.817666 0.072928 0.571055 
