0.869912 0.497908 0.018480 
1.017336 0.282629 -0.068551 
0.868771 0.504820 -0.051882 
0.867352 0.513417 -0.139401 
0.794386 0.611001 0.025064 
0.484421 1.086751 -0.105022 
0.906983 0.448843 -0.072042 
0.929773 0.415457 -0.084066 
0.845400 0.543957 -0.105939 
0.813651 0.597127 -0.179378 
0.892200 0.460286 0.074049 
0.981594 0.309393 0.296923 
0.901028 0.442008 0.141783 
0.904773 0.434255 0.170515 
0.810047 0.599091 -0.132591 
0.636848 0.869200 -0.263160 
0.877026 0.473789 0.200212 
0.794477 0.583092 0.401164 
0.853196 0.505295 0.258859 
0.690476 0.720429 0.659330 
0.825384 0.580945 -0.199190 
0.903201 0.488872 -0.537099 
0.756770 0.665787 0.049222 
0.591921 0.905879 0.155090 
0.791803 0.633864 -0.231929 
0.704284 0.771780 -0.317250 
0.929966 0.405208 0.050808 
0.962639 0.357557 0.030701 
0.817162 0.557133 0.290708 
0.757451 0.643032 0.343482 
0.967612 0.350364 0.026831 
1.076110 0.192301 -0.042272 
0.752625 0.692199 -0.224046 
0.639651 0.860418 -0.201316 
0.720532 0.743195 -0.261052 
0.687907 0.795036 -0.298670 
0.907063 0.425513 0.242250 
1.022748 0.239585 0.404153 
0.681484 0.801101 -0.249997 
0.540524 1.010138 -0.210092 
0.783685 0.604491 0.331162 
0.782957 0.605521 0.332042 
0.719573 0.723075 0.030935 
0.644442 0.838790 -0.006001 
0.935560 0.409667 -0.123507 
1.010119 0.307457 -0.257782 
0.844621 0.556711 -0.262772 
0.942496 0.433409 -0.586279 
0.994133 0.306859 0.075861 
1.051416 0.212895 0.181758 
1.020453 0.263631 0.125243 
1.105728 0.123575 0.285242 
1.022040 0.268778 0.023220 
1.071832 0.200834 -0.070703 
0.806336 0.566360 0.386234 
0.832407 0.522472 0.449619 
0.744537 0.662714 0.339962 
0.684571 0.751899 0.353441 
0.646833 0.855370 -0.279225 
0.631066 0.880063 -0.292524 
0.966115 0.367232 -0.171106 
1.045764 0.256614 -0.295187 
0.713609 0.726849 0.101293 
0.706397 0.731412 0.186367 
0.872149 0.519247 -0.316051 
0.984772 0.365973 -0.534031 
0.880813 0.511366 -0.385785 
0.891838 0.501339 -0.474516 
0.706877 0.717585 0.363856 
0.620502 0.843434 0.418659 
0.611655 0.905681 -0.244135 
0.529756 1.022813 -0.162440 
0.842645 0.510082 0.408915 
0.880530 0.451360 0.432582 
0.675322 0.782983 0.120866 
0.634665 0.842590 0.141652 
1.060793 0.210008 0.029875 
1.130430 0.104401 0.041834 
0.862936 0.475275 0.467025 
0.866997 0.468310 0.478654 
0.910298 0.460974 -0.303851 
0.917627 0.449780 -0.301507 
0.638128 0.840268 0.102562 
0.522444 1.018445 0.045631 
0.722157 0.745967 -0.331689 
0.723696 0.748591 -0.398544 
0.878332 0.520275 -0.455889 
0.876251 0.527744 -0.514665 
1.030781 0.260781 -0.046491 
1.038419 0.253793 -0.107412 
0.667649 0.776263 0.368115 
0.639792 0.817933 0.371140 
0.917512 0.461927 -0.463657 
0.964912 0.391337 -0.473055 
0.936631 0.377866 0.285325 
0.964857 0.332383 0.326444 
0.975413 0.319077 0.291638 
0.998261 0.284443 0.295357 
0.979952 0.307116 0.361181 
0.981394 0.303318 0.383263 
0.672854 0.763317 0.437435 
0.685829 0.731043 0.610245 
0.926324 0.453821 -0.533347 
0.930585 0.449901 -0.567044 
0.654365 0.809926 0.182793 
0.635287 0.834454 0.239167 
0.606102 0.891176 0.065378 
0.520978 1.026489 -0.033457 
0.664539 0.770665 0.507270 
0.659940 0.774728 0.545889 
0.985377 0.342958 -0.234665 
1.009414 0.312666 -0.313976 
0.787620 0.604745 0.247575 
0.778199 0.619929 0.233819 
0.735104 0.731519 -0.399687 
0.736366 0.730110 -0.406317 
0.694459 0.722546 0.549570 
0.726062 0.671719 0.594251 
1.008476 0.260878 0.406442 
1.014050 0.251842 0.415288 
0.619649 0.888627 -0.175979 
0.623750 0.879877 -0.141010 
1.004442 0.318993 -0.298400 
1.020814 0.298414 -0.353131 
0.599354 0.914525 -0.113390 
0.591338 0.924754 -0.088670 
0.568750 0.948635 0.047964 
0.540618 0.991909 0.034850 
0.717388 0.692475 0.489821 
0.726443 0.680601 0.466226 
0.962002 0.398293 -0.507974 
0.978484 0.372641 -0.496253 
0.879802 0.445347 0.528830 
0.880584 0.443960 0.531695 
0.827530 0.525991 0.501294 
0.803910 0.559823 0.524155 
0.646865 0.811766 0.310604 
0.644165 0.816379 0.303132 
0.743271 0.701132 -0.154529 
0.737418 0.706723 -0.111022 
1.056993 0.207085 0.146861 
1.116324 0.115267 0.181962 
0.852839 0.562362 -0.506670 
0.849897 0.567219 -0.512530 
1.039642 0.217425 0.360178 
1.043874 0.211525 0.353896 
0.814968 0.539847 0.569486 
0.813348 0.541634 0.578281 
0.988136 0.309017 0.168784 
0.984842 0.313642 0.173221 
0.997976 0.316539 -0.133489 
0.999026 0.314869 -0.132249 
0.568760 0.963545 -0.154147 
0.556334 0.983453 -0.170699 
0.696102 0.747485 0.178383 
0.696862 0.746186 0.180488 
0.554723 0.979677 -0.086747 
0.552634 0.982077 -0.076719 
0.969368 0.373785 -0.326105 
0.965899 0.379205 -0.328845 
1.012214 0.312473 -0.368380 
1.012480 0.312250 -0.370781 
1.077625 0.171796 0.204558 
1.097376 0.138014 0.259793 
1.091285 0.158322 0.108831 
1.100889 0.144665 0.098180 
0.617240 0.852663 0.360099 
0.616630 0.853505 0.361118 
0.906821 0.419069 0.334454 
0.903926 0.423070 0.339224 
1.124364 0.106047 0.143081 
1.139812 0.081635 0.159075 
0.778327 0.596510 0.548352 
0.778111 0.596843 0.548228 
0.616331 0.884438 -0.051693 
0.617122 0.883038 -0.048820 
1.036225 0.260486 -0.153364 
1.075577 0.202816 -0.173813 
0.572479 0.964542 -0.243388 
0.569908 0.968404 -0.243339 
