-0.886490 -0.221211 -0.412555 
-0.845593 -0.526049 -0.389839 
-0.859262 -0.273079 -0.452157 
-0.841525 -0.306867 -0.477954 
-0.832865 -0.255147 -0.515257 
-0.682773 -0.153184 -0.874052 
-0.814720 -0.321882 -0.529996 
-0.728278 -0.639808 -0.600209 
-0.872161 -0.324844 -0.405745 
-0.889890 -0.395992 -0.341955 
-0.801003 -0.391114 -0.534335 
-0.746148 -0.667968 -0.551689 
-0.871515 -0.391757 -0.382893 
-0.871083 -0.436546 -0.367596 
-0.927276 -0.131313 -0.357653 
-0.974277 -0.101377 -0.267707 
-0.958493 -0.102359 -0.301198 
-1.080093 0.010426 -0.081286 
-0.988842 -0.064319 -0.249896 
-1.100354 0.075456 -0.061393 
-0.892545 -0.087488 -0.448005 
-0.874058 0.267833 -0.616353 
-0.801255 -0.457422 -0.509778 
-0.801386 -0.492012 -0.496967 
-0.890669 -0.022411 -0.475601 
-0.885278 0.164535 -0.554876 
-0.902120 0.047362 -0.476317 
-0.948535 0.330170 -0.479220 
-0.811153 -0.222001 -0.573823 
-0.729205 -0.096896 -0.794871 
-0.876523 0.068339 -0.538806 
-0.698201 0.214474 -0.974138 
-0.882565 -0.446406 -0.339403 
-0.911973 -0.591855 -0.223656 
-0.845850 0.061666 -0.602166 
-0.802475 0.052229 -0.691762 
-0.911088 -0.454700 -0.275234 
-1.014775 -0.484849 -0.041961 
-1.009126 -0.101161 -0.193053 
-1.098880 -0.264183 0.058467 
-0.928500 0.101588 -0.439389 
-1.062439 0.376911 -0.251890 
-0.940187 0.171326 -0.439586 
-0.952193 0.242964 -0.439788 
-0.971095 0.180608 -0.376668 
-1.058204 0.206769 -0.199343 
-0.794739 -0.526935 -0.498571 
-0.781136 -0.672069 -0.475174 
-0.792298 -0.181767 -0.628830 
-0.767103 -0.128005 -0.702333 
-0.925635 0.019416 -0.415769 
-0.933312 0.010291 -0.396000 
-0.792524 -0.594774 -0.478750 
-0.790339 -0.661692 -0.459197 
-0.767220 -0.158939 -0.690877 
-0.686839 -0.085768 -0.889752 
-0.770332 -0.397753 -0.597701 
-0.749530 -0.402257 -0.640679 
-0.812912 -0.117440 -0.607925 
-0.828728 -0.068086 -0.591886 
-1.029427 -0.036481 -0.172945 
-1.049977 0.028991 -0.152592 
-0.743431 -0.450571 -0.636258 
-0.696109 -0.543484 -0.704083 
-0.761271 -0.623045 -0.535530 
-0.702935 -0.675814 -0.641513 
-1.028951 -0.139124 -0.136788 
-1.082479 -0.241623 0.015126 
-0.748972 -0.117347 -0.745073 
-0.722075 -0.056042 -0.824958 
-1.001742 0.216293 -0.323873 
-1.115273 0.348488 -0.128295 
-0.821967 0.088464 -0.663088 
-0.784456 0.130555 -0.758774 
-0.793263 0.095788 -0.727294 
-0.763757 0.103317 -0.793296 
-0.764381 0.102127 -0.791526 
-0.739971 0.107485 -0.845813 
-0.731330 -0.663751 -0.584992 
-0.680896 -0.732318 -0.668309 
-0.726191 -0.517989 -0.648809 
-0.722909 -0.530824 -0.651199 
-1.028495 -0.205915 -0.113575 
-1.027620 -0.333820 -0.069121 
-1.043244 -0.254490 -0.064352 
-1.075350 -0.360228 0.042797 
-1.032334 0.252446 -0.271365 
-1.114196 0.349189 -0.130858 
-0.903579 -0.302988 -0.346287 
-0.911133 -0.297734 -0.331993 
-1.031011 -0.324127 -0.065362 
-1.006402 -0.464212 -0.067394 
-1.059786 0.303632 -0.231037 
-1.119780 0.415497 -0.142902 
-1.027864 -0.392437 -0.047367 
-1.020244 -0.557838 -0.003798 
-0.854278 -0.494764 -0.382547 
-0.841127 -0.517246 -0.402605 
-0.932034 -0.311635 -0.282135 
-0.957141 -0.319264 -0.225532 
-1.059007 -0.362278 0.008494 
-1.092405 -0.329935 0.068399 
-1.000915 0.149264 -0.301369 
-1.000244 0.094919 -0.283122 
-0.839555 -0.134381 -0.544654 
-0.848434 -0.140026 -0.523569 
-0.881912 0.137537 -0.552316 
-0.886077 0.191038 -0.562761 
-1.073540 -0.411242 0.057394 
-1.091177 -0.470665 0.116739 
-1.032111 0.162789 -0.239369 
-1.043570 0.167757 -0.216595 
-1.000174 -0.442867 -0.088479 
-0.996953 -0.448733 -0.093261 
-1.016736 0.299447 -0.321839 
-1.012755 0.311443 -0.334721 
-0.976234 -0.502360 -0.118269 
-0.969760 -0.518446 -0.126324 
-0.720020 -0.111407 -0.809311 
-0.681866 -0.103579 -0.893965 
-1.073596 0.372832 -0.226487 
-1.080768 0.408769 -0.224124 
-0.931881 0.229741 -0.478556 
-0.924761 0.279816 -0.511963 
-0.952121 0.294489 -0.458607 
-0.965186 0.336288 -0.445728 
-0.999667 -0.252147 -0.158648 
-0.982388 -0.279857 -0.185664 
-0.866389 0.184681 -0.602680 
-0.850611 0.232598 -0.653871 
-1.054266 -0.060137 -0.111112 
-1.054868 -0.060710 -0.109613 
-0.915923 -0.517071 -0.242273 
-0.916457 -0.523962 -0.238632 
-0.882590 0.252768 -0.592598 
-0.897172 0.314046 -0.583524 
-0.817521 -0.617885 -0.416774 
-0.831940 -0.631216 -0.381024 
-1.104729 0.403147 -0.170704 
-1.115670 0.413801 -0.151101 
-1.062017 0.238848 -0.202787 
-1.062200 0.233535 -0.200470 
-0.961232 -0.034248 -0.319996 
-0.961820 -0.019619 -0.324033 
-0.757703 0.162506 -0.827717 
-0.750787 0.225038 -0.865198 
-0.738967 -0.207422 -0.733902 
-0.707683 -0.261108 -0.781544 
-0.709090 -0.248507 -0.783090 
-0.688603 -0.276681 -0.816819 
-1.058070 -0.479731 0.049026 
-1.045430 -0.535687 0.042190 
-0.702944 -0.578675 -0.676681 
-0.689736 -0.613154 -0.692516 
-0.894337 -0.580201 -0.265697 
-0.878213 -0.627354 -0.283194 
-0.727802 0.121562 -0.877006 
-0.697046 0.079446 -0.927706 
-0.827695 -0.048624 -0.601149 
-0.828004 -0.047187 -0.601007 
-0.700538 -0.671681 -0.648151 
-0.697341 -0.672505 -0.654708 
-0.947091 -0.242944 -0.274728 
-0.954502 -0.209132 -0.271082 
-0.936086 -0.554212 -0.185581 
-0.939186 -0.559922 -0.176865 
-1.093821 -0.448093 0.114234 
-1.100570 -0.460356 0.133148 
-1.069898 -0.200989 -0.026573 
-1.074160 -0.192433 -0.020531 
-0.670562 -0.712177 -0.697765 
-0.660223 -0.726143 -0.714877 
-0.701900 -0.492501 -0.710131 
-0.699549 -0.490033 -0.716067 
-1.085768 0.211635 -0.141998 
-1.121960 0.170166 -0.049365 
-0.709737 -0.055645 -0.851559 
-0.707223 -0.042012 -0.861889 
-0.762340 -0.338945 -0.636142 
-0.761171 -0.330344 -0.641764 
-0.673232 -0.484985 -0.774331 
-0.669461 -0.483996 -0.782775 
