0.797866 -0.597824 0.077567 
0.764738 -0.643329 0.036104 
0.738603 -0.673853 -0.019687 
0.869997 -0.487326 0.074959 
0.877770 -0.458556 0.138730 
0.908032 -0.396081 0.136370 
0.916044 -0.353560 0.189365 
0.693817 -0.719002 -0.040672 
0.939872 -0.310477 0.142283 
0.671923 -0.740344 0.020263 
0.887981 -0.459691 0.013173 
0.852779 -0.482511 0.199878 
0.762287 -0.634987 0.125343 
0.750720 -0.631440 0.194174 
0.953303 -0.291660 0.078410 
0.683692 -0.722020 -0.106074 
0.680462 -0.712712 -0.170334 
0.895751 -0.441400 -0.052877 
0.917568 -0.387872 -0.087316 
0.706997 -0.668310 0.231337 
0.647506 -0.730192 -0.218073 
0.932164 -0.338898 -0.127351 
0.845062 -0.463799 0.266009 
0.933736 -0.308327 -0.181856 
0.966641 -0.233870 0.104450 
0.939304 -0.278227 0.200742 
0.701064 -0.648673 0.296197 
0.877369 -0.466033 -0.114180 
0.601148 -0.770137 -0.213333 
0.837851 -0.436837 0.327381 
0.922792 -0.378754 0.070719 
0.800462 -0.468579 0.373756 
0.978151 -0.201961 0.049326 
0.929895 -0.257716 0.262446 
0.797771 -0.428694 0.424009 
0.660418 -0.668089 0.342791 
0.974043 -0.180556 0.136524 
0.931623 -0.207774 0.298175 
0.918847 -0.311446 -0.242326 
0.628659 -0.775672 0.055866 
0.906567 -0.251664 0.338822 
0.578945 -0.812642 0.066600 
0.700377 -0.693828 0.167553 
0.636709 -0.765296 -0.094470 
0.976131 -0.132027 0.172443 
0.970749 -0.096458 0.219870 
0.542882 -0.839445 0.024728 
0.626845 -0.671414 0.395309 
0.711678 -0.670260 -0.210394 
0.652011 -0.734496 0.188141 
0.554725 -0.801121 -0.224690 
0.891914 -0.351905 -0.283994 
0.531815 -0.828727 -0.174313 
0.823932 -0.566330 0.020150 
0.717145 -0.643507 -0.267586 
0.983454 -0.180848 -0.010614 
0.928374 -0.259183 -0.266356 
0.907073 -0.317228 0.276739 
0.939711 -0.338939 -0.045423 
0.616031 -0.750207 0.240197 
0.952542 -0.248880 -0.175276 
0.502286 -0.862355 0.063654 
0.881621 -0.331532 -0.335904 
0.958646 -0.076033 0.274258 
0.865698 -0.409744 -0.287537 
0.854137 -0.456621 -0.248892 
0.553653 -0.823291 0.125140 
0.759147 -0.504330 0.411517 
0.903723 -0.205332 0.375665 
0.844744 -0.525324 -0.102192 
0.834180 -0.525235 -0.168143 
0.942133 -0.202711 -0.267010 
0.650476 -0.707785 -0.275537 
0.807944 -0.374602 0.454861 
0.607671 -0.733976 0.303341 
0.865478 -0.375499 0.331584 
0.902178 -0.155899 0.402208 
0.958594 -0.284550 -0.011402 
0.722704 -0.612435 -0.320347 
0.604768 -0.744013 -0.284077 
0.579330 -0.698784 0.419616 
0.553487 -0.687462 0.470157 
0.888964 -0.282370 -0.360571 
0.732923 -0.494633 0.467078 
0.536601 -0.665102 0.519326 
0.566378 -0.787507 0.242999 
0.735405 -0.448596 0.507879 
0.764440 -0.569115 -0.302886 
0.908597 -0.379070 -0.175379 
0.750335 -0.638594 -0.170867 
0.690215 -0.540999 0.480544 
0.987845 -0.143494 0.059764 
0.818213 -0.506029 -0.272878 
0.576378 -0.621613 0.530458 
0.847536 -0.405093 -0.342903 
