0.522203 0.472339 0.713583 
0.399591 0.240224 0.995096 
0.510669 0.422198 0.762089 
0.462740 0.213835 0.963655 
0.554671 0.566030 0.613962 
0.587208 0.733056 0.457227 
0.579420 0.606873 0.561815 
0.758126 0.901797 0.185266 
0.586120 0.659651 0.515236 
0.601441 0.780344 0.408719 
0.464292 0.405919 0.812924 
0.287101 0.343724 1.007146 
0.495357 0.345991 0.833985 
0.520713 0.297076 0.851175 
0.641029 0.658822 0.470690 
0.872293 0.655331 0.283073 
0.412410 0.453639 0.818494 
0.163132 0.682920 0.845256 
0.528396 0.695452 0.534888 
0.307900 0.832206 0.609955 
0.700326 0.635533 0.440008 
0.872697 0.567835 0.350818 
0.353644 0.469616 0.854428 
0.203117 0.510539 0.946473 
0.325700 0.431539 0.907053 
0.311715 0.412482 0.933390 
0.469136 0.717059 0.566848 
0.292426 0.781489 0.662152 
0.707928 0.577154 0.479175 
0.720304 0.482102 0.542946 
0.550159 0.302813 0.822477 
0.803586 0.103141 0.769262 
0.409937 0.743910 0.594678 
0.161651 0.856525 0.711399 
0.532066 0.749689 0.489667 
0.538660 0.847141 0.408416 
0.704930 0.689336 0.394356 
0.713441 0.788792 0.309968 
0.765872 0.565902 0.440241 
0.843475 0.550833 0.388097 
0.746105 0.713073 0.342000 
0.812047 0.751089 0.258149 
0.686495 0.533668 0.530650 
0.667912 0.495965 0.575280 
0.294866 0.396168 0.959950 
0.256410 0.352053 1.025925 
0.805344 0.508510 0.452409 
1.038446 0.169588 0.524268 
0.739648 0.771124 0.302146 
0.726845 0.886241 0.223114 
0.351483 0.526248 0.812142 
0.347747 0.624175 0.739023 
0.595785 0.248967 0.826822 
0.701599 0.124093 0.836897 
0.864567 0.487716 0.419848 
0.893794 0.477454 0.403778 
0.518208 0.268544 0.875437 
0.484879 0.232799 0.930679 
0.673848 0.749261 0.373312 
0.671600 0.753594 0.371790 
0.361472 0.795398 0.594504 
0.279374 0.882617 0.594209 
0.894296 0.427570 0.442178 
1.013819 0.185759 0.531954 
0.915777 0.366984 0.471639 
1.003989 0.118188 0.592620 
0.486573 0.803633 0.485137 
0.434403 0.865494 0.479941 
0.293261 0.560059 0.833753 
0.254997 0.582279 0.847956 
0.652784 0.210837 0.809579 
0.839493 0.085935 0.753097 
0.946355 0.306971 0.493167 
1.004231 0.193380 0.533916 
0.489762 0.557847 0.673751 
0.444100 0.593458 0.683623 
0.396884 0.694677 0.643727 
0.395966 0.691215 0.647177 
0.262783 0.620088 0.812130 
0.213099 0.717944 0.776882 
0.269368 0.471441 0.922367 
0.254251 0.482150 0.926477 
0.699842 0.158109 0.811876 
0.741120 0.111857 0.813890 
0.210914 0.613730 0.859766 
0.144728 0.605617 0.920550 
0.302525 0.812834 0.629452 
0.290252 0.816464 0.636728 
0.581399 0.200566 0.876322 
0.576733 0.184870 0.892374 
0.271459 0.354229 1.011846 
0.260985 0.335462 1.035069 
0.882037 0.534078 0.369396 
0.887489 0.548547 0.353651 
0.939781 0.445233 0.391000 
0.944930 0.447233 0.385206 
0.566912 0.349665 0.772235 
0.570475 0.359629 0.761549 
0.181029 0.577448 0.912591 
0.158877 0.550554 0.951748 
0.247450 0.814118 0.673780 
0.149715 0.816397 0.752444 
0.550200 0.165551 0.929243 
0.514828 0.125851 0.989244 
0.370312 0.376978 0.912788 
0.392482 0.349864 0.915639 
0.223094 0.677384 0.800214 
0.208185 0.698908 0.795738 
0.326305 0.593218 0.780757 
0.328939 0.595860 0.776533 
0.802570 0.673505 0.326315 
0.812292 0.666692 0.323615 
0.637139 0.807732 0.358030 
0.623464 0.829513 0.352337 
0.189255 0.848051 0.695273 
0.180457 0.853181 0.698523 
0.684870 0.478529 0.574889 
0.684753 0.474579 0.578058 
0.428024 0.835834 0.508268 
0.424533 0.837755 0.509647 
0.472268 0.251580 0.926445 
0.419387 0.232053 0.985160 
0.159170 0.908143 0.673278 
0.140493 0.945448 0.659623 
0.435166 0.888387 0.461500 
0.440176 0.925251 0.428694 
0.986181 0.249737 0.504921 
1.046886 0.162502 0.522836 
0.213138 0.736371 0.762512 
0.209876 0.755698 0.750159 
0.100327 0.924708 0.708818 
0.066724 0.934168 0.729114 
0.726230 0.422040 0.584802 
0.786428 0.339820 0.599231 
0.812477 0.450263 0.491860 
0.815513 0.425464 0.508656 
0.689651 0.239843 0.756669 
0.741548 0.280674 0.682187 
0.488250 0.892086 0.414934 
0.523687 0.894556 0.383846 
0.341505 0.696813 0.687643 
0.314896 0.697839 0.708744 
0.778654 0.375046 0.578221 
0.811886 0.345256 0.574049 
0.790173 0.780186 0.253513 
0.825095 0.786450 0.219898 
0.845416 0.694995 0.274331 
0.852262 0.698429 0.266026 
0.771199 0.840628 0.222100 
0.759125 0.879092 0.202110 
0.134317 0.848959 0.739782 
0.130287 0.849025 0.743046 
0.682811 0.111446 0.862200 
0.676752 0.094848 0.880100 
0.477564 0.617327 0.637511 
0.475699 0.626421 0.631969 
0.270860 0.298663 1.055573 
0.270433 0.259033 1.086760 
0.274372 0.241552 1.097119 
0.274606 0.237745 1.099889 
0.758928 0.139261 0.777912 
0.894545 0.095999 0.699958 
0.795596 0.168494 0.724989 
0.841607 0.205175 0.658581 
0.161691 0.729140 0.810480 
0.138645 0.725901 0.831968 
0.930627 0.252379 0.548587 
0.922705 0.252756 0.554815 
0.120733 0.800053 0.789013 
0.119758 0.796542 0.792549 
0.738841 0.900302 0.202301 
0.724684 0.926410 0.193639 
0.714733 0.280407 0.704463 
0.725433 0.297710 0.682195 
0.329499 0.199001 1.084856 
0.363525 0.172737 1.077287 
0.358450 0.138749 1.107910 
0.377980 0.098101 1.123463 
0.416702 0.254257 0.970094 
0.409163 0.254620 0.976017 
0.329658 0.282452 1.019795 
0.341026 0.279317 1.012878 
0.595815 0.466268 0.657723 
0.603150 0.459273 0.657128 
0.225434 0.451485 0.974054 
0.216689 0.447513 0.984341 
0.285814 0.873046 0.596357 
0.272344 0.921576 0.569682 
0.553660 0.793051 0.438156 
0.555327 0.796398 0.434180 
0.376173 0.906258 0.496148 
0.357632 0.911875 0.507037 
0.415172 0.132395 1.066171 
0.450153 0.128476 1.040429 
0.854529 0.138793 0.699596 
0.911409 0.110126 0.675087 
