-0.376863 -0.914584 -0.162821 
-0.653279 -0.758921 -0.649819 
-0.320189 -0.949205 -0.038588 
-0.210403 -1.023917 0.270986 
-0.357294 -0.942195 0.021195 
-0.503783 -0.914521 0.257219 
-0.319802 -0.931319 -0.201082 
-0.297886 -0.937746 -0.215776 
-0.430787 -0.890446 -0.201676 
-0.681108 -0.778398 -0.382044 
-0.361091 -0.948601 0.091513 
-0.369307 -0.962460 0.243656 
-0.382301 -0.948286 0.158967 
-0.429607 -0.947584 0.309408 
-0.324315 -0.973149 0.190896 
-0.030121 -1.099290 0.352889 
-0.446704 -0.922990 0.144393 
-0.758677 -0.800452 0.073799 
-0.404077 -0.919669 -0.026803 
-0.407210 -0.918161 -0.030016 
-0.296044 -0.932666 -0.267669 
-0.212569 -0.937400 -0.501635 
-0.237788 -0.950081 -0.303765 
0.063690 -1.040202 -0.490567 
-0.253956 -0.936646 -0.371279 
-0.293834 -0.903508 -0.537803 
-0.508702 -0.897676 0.121690 
-0.793470 -0.781403 0.017409 
-0.253937 -0.972721 -0.046184 
-0.087621 -1.031756 -0.065253 
-0.574978 -0.874107 0.128900 
-0.769302 -0.805005 0.150041 
-0.171703 -0.973308 -0.313421 
-0.090056 -1.002004 -0.325351 
-0.105624 -0.998091 -0.309021 
-0.003514 -1.036389 -0.302221 
-0.631943 -0.849408 0.095063 
-0.764204 -0.792063 0.016501 
-0.212456 -0.966490 -0.239820 
-0.203557 -0.972254 -0.217356 
-0.614372 -0.848271 0.026580 
-0.590856 -0.846748 -0.065077 
-0.461073 -0.894965 -0.060584 
-0.500111 -0.878044 -0.083721 
-0.489600 -0.865463 -0.231954 
-0.648126 -0.798122 -0.313566 
-0.258877 -0.995584 0.176249 
-0.077951 -1.057613 0.135752 
-0.043075 -1.023431 -0.287914 
0.143809 -1.099140 -0.224853 
-0.202613 -1.020162 0.211323 
-0.153202 -1.041747 0.242124 
-0.697434 -0.824326 0.086020 
-0.790749 -0.788586 0.073135 
-0.230262 -0.937967 -0.437889 
-0.225118 -0.938254 -0.452349 
-0.187866 -0.997512 -0.041699 
-0.039625 -1.053133 -0.031635 
-0.145714 -1.036806 0.172780 
-0.028253 -1.071166 0.093214 
-0.553683 -0.844236 -0.210912 
-0.592524 -0.831370 -0.198158 
-0.582891 -0.826624 -0.272853 
-0.719342 -0.744349 -0.562230 
-0.294208 -0.912636 -0.454295 
-0.409347 -0.867024 -0.483835 
-0.172670 -1.037997 0.272848 
-0.131543 -1.062495 0.357356 
-0.575488 -0.821564 -0.342993 
-0.561577 -0.812057 -0.474787 
-0.360563 -0.888868 -0.448620 
-0.391885 -0.877649 -0.445941 
0.023089 -1.048140 -0.284471 
0.107215 -1.079557 -0.280093 
0.033792 -1.044332 -0.354263 
0.054123 -1.037098 -0.486840 
0.003860 -1.048619 -0.216427 
-0.011677 -1.049007 -0.161447 
-0.598830 -0.805786 -0.407848 
-0.691521 -0.743133 -0.665386 
-0.123315 -1.019123 -0.060834 
-0.074793 -1.035367 -0.075217 
-0.559185 -0.813930 -0.465831 
-0.527625 -0.820413 -0.511987 
-0.649038 -0.801899 -0.276496 
-0.773522 -0.755369 -0.283351 
-0.713088 -0.776574 -0.292503 
-0.762354 -0.757094 -0.304816 
-0.061493 -1.044426 -0.037645 
-0.046153 -1.050704 -0.031891 
-0.740801 -0.773594 -0.227518 
-0.776131 -0.769796 -0.144671 
-0.251086 -0.965967 -0.116514 
-0.250288 -0.964076 -0.136205 
-0.090038 -1.041099 0.026963 
-0.101677 -1.039742 0.053306 
-0.510385 -0.843668 -0.359516 
-0.463221 -0.859681 -0.371486 
-0.073737 -1.002833 -0.371955 
-0.055538 -1.005539 -0.407875 
-0.336222 -0.911865 -0.322010 
-0.342407 -0.908663 -0.330374 
-0.395414 -0.896695 -0.262583 
-0.393290 -0.897070 -0.266240 
-0.754824 -0.799557 0.052960 
-0.779159 -0.789054 0.038941 
-0.611013 -0.827349 -0.173121 
-0.651672 -0.815374 -0.146320 
-0.586484 -0.796906 -0.528798 
-0.644864 -0.760502 -0.663455 
-0.762657 -0.788969 -0.016513 
-0.764468 -0.786521 -0.032572 
-0.400084 -0.868247 -0.503509 
-0.439117 -0.847881 -0.557723 
-0.718246 -0.824171 0.153599 
-0.766086 -0.823817 0.308946 
-0.792595 -0.771135 -0.078041 
-0.802325 -0.765339 -0.098038 
-0.038133 -1.064815 0.068716 
0.010339 -1.086964 0.107708 
-0.113351 -1.063049 0.302065 
-0.096326 -1.070239 0.310451 
-0.774878 -0.807675 0.192594 
-0.830311 -0.791529 0.230762 
-0.082300 -0.991991 -0.441303 
-0.087694 -0.985160 -0.484993 
0.099598 -1.069286 -0.347425 
0.159990 -1.092187 -0.341149 
-0.658064 -0.815763 -0.121624 
-0.670343 -0.812740 -0.108185 
-0.431584 -0.916775 0.038274 
-0.433246 -0.916601 0.042205 
-0.065625 -1.085806 0.349015 
0.020879 -1.127053 0.434111 
-0.609421 -0.781258 -0.593829 
-0.628775 -0.768054 -0.648700 
0.001485 -1.064824 -0.062500 
0.010340 -1.067692 -0.065995 
-0.014530 -1.109345 0.391855 
-0.002224 -1.115015 0.402172 
-0.675917 -0.845554 0.206049 
-0.653137 -0.857062 0.234277 
0.076142 -1.072100 -0.244330 
0.082779 -1.075098 -0.239307 
-0.024826 -1.094472 0.291915 
-0.003725 -1.098954 0.262382 
-0.022049 -1.010594 -0.473299 
-0.004144 -1.016122 -0.482808 
-0.175739 -0.986323 -0.182736 
-0.170676 -0.989058 -0.174863 
-0.411754 -0.856333 -0.572225 
-0.416959 -0.851018 -0.602875 
-0.444825 -0.866232 -0.373404 
-0.431049 -0.870973 -0.376322 
0.026378 -1.086393 0.049409 
0.039571 -1.090805 0.045461 
-0.360261 -0.966649 0.251441 
-0.422271 -0.955438 0.355887 
-0.200699 -1.034886 0.337692 
-0.218126 -1.032952 0.378009 
-0.820828 -0.774718 0.047815 
-0.822070 -0.774251 0.047719 
-0.040973 -1.043407 -0.114832 
-0.053208 -1.037236 -0.129911 
-0.765042 -0.774048 -0.143097 
-0.763096 -0.774254 -0.147693 
-0.477658 -0.831431 -0.578267 
-0.504024 -0.821468 -0.580685 
-0.415436 -0.950950 0.292784 
-0.491197 -0.929393 0.349554 
-0.310586 -0.989867 0.296087 
-0.307010 -0.991539 0.299301 
-0.659639 -0.780565 -0.433658 
-0.681455 -0.771516 -0.442918 
-0.115044 -0.973314 -0.501127 
-0.116016 -0.972760 -0.502903 
-0.471881 -0.926340 0.258024 
-0.498054 -0.914928 0.241906 
0.067251 -1.089798 -0.055350 
0.113146 -1.107226 -0.050361 
-0.511978 -0.865451 -0.157897 
-0.502840 -0.870100 -0.146281 
-0.117151 -1.072011 0.395434 
-0.126842 -1.069417 0.404163 
0.125909 -1.071683 -0.413014 
0.139210 -1.072894 -0.446174 
-0.355368 -0.979360 0.349791 
-0.357152 -0.978942 0.351930 
-0.511931 -0.918013 0.315701 
-0.546214 -0.910886 0.365071 
-0.445140 -0.857611 -0.450061 
-0.447504 -0.857053 -0.447257 
