-0.376183 -0.249396 0.892349 
-0.290271 -0.303878 0.907414 
-0.240745 -0.353172 0.904053 
-0.414044 -0.298557 0.859902 
-0.307963 -0.169416 0.936193 
-0.469855 -0.316551 0.824034 
-0.509936 -0.352816 0.784529 
-0.242255 -0.156485 0.957510 
-0.194152 -0.109946 0.974791 
-0.251932 -0.414604 0.874434 
-0.147405 -0.062961 0.987070 
-0.121535 -0.003068 0.992582 
-0.206908 -0.463098 0.861818 
-0.162564 -0.508090 0.845824 
-0.096584 -0.108594 0.989383 
-0.489135 -0.414668 0.767331 
-0.166673 0.045792 0.984948 
-0.057087 -0.000902 0.998369 
-0.228280 0.068244 0.971201 
-0.100224 -0.524368 0.845573 
-0.526713 -0.443573 0.725132 
-0.553785 -0.301981 0.775970 
-0.284984 0.098289 0.953480 
-0.258661 -0.493790 0.830220 
-0.050382 -0.489180 0.870726 
-0.562543 -0.236716 0.792156 
-0.511796 -0.499542 0.698944 
-0.303281 -0.527089 0.793850 
-0.031213 -0.114322 0.992953 
-0.585254 -0.173565 0.792056 
-0.193941 0.120351 0.973603 
-0.432092 -0.210050 0.877026 
-0.611145 -0.114432 0.783203 
-0.316764 -0.420181 0.850358 
-0.573371 -0.071423 0.816177 
-0.033669 -0.180540 0.982991 
-0.548468 -0.012810 0.836073 
-0.475743 -0.550401 0.686096 
-0.300438 -0.578423 0.758396 
0.009328 -0.230145 0.973112 
-0.331852 0.137849 0.933205 
-0.575399 0.039323 0.816927 
-0.383790 0.165234 0.908517 
-0.309852 0.039001 0.949985 
-0.493194 -0.021120 0.869663 
-0.445118 -0.465675 0.764864 
-0.410763 -0.147284 0.899767 
-0.624098 0.021989 0.781037 
-0.200464 -0.212905 0.956287 
-0.037658 -0.274602 0.960820 
-0.003763 0.028169 0.999596 
0.040972 0.064168 0.997098 
0.019034 -0.304105 0.952448 
-0.563091 -0.489472 0.665842 
0.065729 0.006611 0.997816 
-0.237499 -0.589538 0.772036 
-0.442293 0.162823 0.881967 
-0.580664 0.098787 0.808128 
-0.585338 -0.518688 0.623171 
-0.060114 -0.563609 0.823851 
0.001037 -0.559547 0.828798 
-0.525239 0.066113 0.848383 
0.081221 0.100160 0.991651 
0.030740 -0.597317 0.801416 
-0.296760 0.187917 0.936280 
-0.658348 -0.115046 0.743870 
-0.624424 0.112668 0.772917 
-0.236901 0.202302 0.950238 
-0.545408 0.148129 0.824978 
-0.144596 0.155769 0.977153 
0.047048 -0.522604 0.851277 
-0.092040 -0.446142 0.890217 
-0.212872 -0.295001 0.931483 
-0.628134 -0.199689 0.752045 
-0.511839 -0.217887 0.830991 
-0.183389 -0.618564 0.764033 
-0.454728 0.030270 0.890116 
0.069444 -0.337782 0.938659 
-0.599483 -0.549446 0.582005 
-0.271313 -0.092994 0.957988 
0.069408 -0.470962 0.879419 
-0.122045 -0.627468 0.769018 
-0.649826 -0.249609 0.717929 
-0.242340 -0.032386 0.969651 
-0.083305 0.159104 0.983741 
-0.003764 -0.363226 0.931694 
-0.339949 -0.358146 0.869578 
-0.549791 0.201755 0.810570 
-0.641873 -0.311730 0.700588 
0.087162 -0.584466 0.806723 
-0.442861 0.218746 0.869497 
-0.588766 0.220855 0.777546 
-0.426478 -0.415921 0.803198 
