-0.150340 0.081053 0.985306 
-0.218581 0.071482 0.973197 
-0.027082 0.146840 0.988789 
0.042801 0.148799 0.987941 
-0.202811 0.003741 0.979211 
-0.156623 -0.047781 0.986502 
-0.123736 0.184980 0.974921 
-0.110078 -0.098342 0.989046 
-0.266421 0.119114 0.956468 
0.090561 0.197062 0.976199 
-0.053261 -0.135558 0.989337 
-0.057321 0.062535 0.996395 
0.149232 0.226242 0.962572 
0.136918 0.290914 0.946901 
0.180673 0.332105 0.925777 
-0.301277 0.175155 0.937312 
-0.251225 -0.042413 0.966999 
-0.090075 -0.189186 0.977801 
0.154804 0.389553 0.907901 
-0.315041 -0.029922 0.948606 
-0.330814 0.231353 0.914898 
0.012803 -0.118700 0.992848 
-0.300083 0.291650 0.908235 
-0.375632 -0.016253 0.926626 
0.056129 -0.166275 0.984481 
-0.328461 -0.093598 0.939869 
-0.330145 -0.156972 0.930787 
0.109966 -0.126418 0.985863 
0.181083 0.436447 0.881319 
-0.380039 -0.181661 0.906956 
-0.431252 -0.148351 0.889951 
0.086642 -0.218774 0.971921 
0.157055 0.488442 0.858346 
-0.180849 0.221779 0.958179 
-0.348150 0.323164 0.879976 
-0.418566 0.030263 0.907682 
0.241469 0.315042 0.917846 
-0.062110 0.218963 0.973754 
-0.061836 -0.244853 0.967586 
0.207990 0.195849 0.958323 
0.239156 0.436581 0.867296 
-0.459862 -0.191014 0.867203 
0.149815 -0.209746 0.966210 
-0.287085 -0.205974 0.935498 
0.288511 0.448976 0.845684 
-0.410826 0.096129 0.906632 
0.096363 -0.275377 0.956495 
-0.246669 0.333705 0.909833 
-0.406755 0.312987 0.858248 
0.095976 0.503103 0.858881 
-0.262571 -0.262933 0.928398 
-0.414351 0.368309 0.832263 
0.092509 0.381227 0.919841 
0.033830 0.516753 0.855466 
0.195033 -0.242556 0.950331 
-0.151472 -0.211028 0.965673 
-0.385342 0.423079 0.820070 
-0.481472 -0.120438 0.868147 
0.020263 -0.051956 0.998444 
0.107197 0.450222 0.886458 
-0.229156 0.394206 0.889994 
0.227214 0.131913 0.964869 
-0.495778 -0.059584 0.866403 
-0.348013 0.472354 0.809796 
0.249505 0.069691 0.965863 
-0.178275 0.436096 0.882065 
-0.444399 -0.078301 0.892400 
0.233667 -0.276713 0.932110 
0.198501 -0.167130 0.965746 
0.300743 0.101462 0.948293 
-0.422632 0.448432 0.787585 
0.028096 0.399113 0.916471 
-0.450443 0.265807 0.852319 
0.052936 0.254320 0.965670 
0.175114 0.094870 0.979967 
-0.369989 0.509688 0.776741 
0.263528 -0.224428 0.938182 
0.299375 0.299779 0.905819 
-0.372555 -0.240496 0.896306 
-0.180660 0.489989 0.852803 
-0.438474 0.151672 0.885854 
0.230001 -0.110680 0.966876 
-0.494537 -0.220546 0.840710 
0.230735 0.488474 0.841519 
0.342911 0.059186 0.937501 
-0.466208 0.365708 0.805548 
0.277746 0.012560 0.960572 
-0.177154 0.540094 0.822748 
-0.337858 -0.291176 0.895024 
0.082288 -0.022043 0.996365 
