-0.459769 0.865070 0.212759 
-0.230419 0.958405 0.440750 
-0.414194 0.900427 0.171861 
-0.169208 1.090483 -0.047985 
-0.565202 0.807706 0.182094 
-0.746814 0.687935 0.236755 
-0.427072 0.872576 0.275005 
-0.291136 0.903785 0.533785 
-0.582999 0.784462 0.246460 
-0.645415 0.702945 0.472195 
-0.643487 0.747864 0.247776 
-0.905028 0.589621 0.253468 
-0.669451 0.720594 0.307629 
-0.714918 0.672840 0.412441 
-0.617581 0.784296 0.140762 
-0.695498 0.749473 0.079280 
-0.371045 0.899696 0.308553 
-0.357409 0.906296 0.316718 
-0.398935 0.922360 0.106392 
-0.345213 0.999584 -0.124111 
-0.672014 0.758864 0.103476 
-0.852676 0.674454 -0.020280 
-0.664113 0.776856 0.035550 
-0.634045 0.845325 -0.222932 
-0.392519 0.939532 0.038099 
-0.357365 1.033613 -0.336064 
-0.641668 0.724631 0.372527 
-0.521540 0.742086 0.653132 
-0.632991 0.716258 0.442202 
-0.616318 0.700168 0.576086 
-0.335437 0.909325 0.368880 
-0.228707 0.938187 0.549706 
-0.609371 0.717454 0.508840 
-0.548560 0.720534 0.680409 
-0.702956 0.764798 -0.022293 
-0.774971 0.742443 -0.129532 
-0.308350 0.912881 0.434100 
-0.303411 0.913529 0.445992 
-0.611885 0.814048 0.005733 
-0.544158 0.862278 -0.032933 
-0.363499 0.875217 0.457339 
-0.407120 0.845425 0.475720 
-0.759058 0.727057 -0.001600 
-0.903715 0.629744 0.051754 
-0.558578 0.851449 -0.021825 
-0.520306 0.878301 -0.041611 
-0.730748 0.760755 -0.087187 
-0.807167 0.749639 -0.265627 
-0.351739 0.973188 -0.008851 
-0.177174 1.117256 -0.209830 
-0.725571 0.682852 0.328269 
-0.820341 0.619118 0.363125 
-0.527970 0.880866 -0.078375 
-0.519257 0.889239 -0.094472 
-0.412039 0.838947 0.493784 
-0.458552 0.804192 0.528707 
-0.573435 0.753565 0.434375 
-0.549004 0.768869 0.431165 
-0.340891 0.992783 -0.075921 
-0.292031 1.081043 -0.378002 
-0.288099 0.945240 0.330550 
-0.191702 1.018375 0.252497 
-0.247278 0.978911 0.283647 
-0.118901 1.084803 0.136142 
-0.200768 0.997092 0.333709 
-0.047875 1.056859 0.498279 
-0.487695 0.836178 0.274886 
-0.489011 0.835387 0.274883 
-0.259734 0.932866 0.481398 
-0.226157 0.946669 0.514066 
-0.240414 0.931214 0.549398 
-0.232008 0.930495 0.578987 
-0.179813 0.967648 0.549268 
-0.121383 1.002777 0.549142 
-0.375285 0.984046 -0.137082 
-0.419791 0.972740 -0.216227 
-0.815765 0.699176 -0.033333 
-0.856771 0.679014 -0.056279 
-0.205527 1.012930 0.237826 
-0.180174 1.033587 0.210002 
-0.840515 0.697217 -0.099542 
-0.899521 0.692546 -0.257389 
-0.852700 0.667037 0.017686 
-0.906260 0.620431 0.091671 
-0.346491 1.012638 -0.194991 
-0.329759 1.029251 -0.228640 
-0.779267 0.658162 0.289447 
-0.880836 0.611460 0.216013 
-0.438468 0.835843 0.428272 
-0.445479 0.835020 0.410893 
-0.288967 1.041483 -0.165684 
-0.234324 1.068884 -0.137845 
-0.586835 0.850271 -0.102847 
-0.601900 0.842442 -0.109110 
-0.344833 1.027125 -0.264182 
-0.343573 1.038144 -0.316806 
-0.891617 0.634101 0.066683 
-0.906048 0.621889 0.084851 
-0.872446 0.690260 -0.162247 
-0.918515 0.680223 -0.252716 
-0.456651 0.893279 0.077701 
-0.463570 0.889793 0.074261 
-0.155551 1.049592 0.203791 
-0.109707 1.083223 0.172570 
-0.291984 1.064442 -0.292719 
-0.222861 1.113249 -0.330043 
-0.667224 0.679736 0.524022 
-0.816105 0.582670 0.563093 
-0.759529 0.756025 -0.151602 
-0.775787 0.753352 -0.187989 
-0.289808 0.894706 0.584434 
-0.337157 0.859710 0.618020 
-0.681664 0.658230 0.589817 
-0.710169 0.615780 0.719688 
-0.841896 0.719650 -0.218841 
-0.822102 0.738692 -0.255509 
-0.726322 0.648806 0.500555 
-0.802068 0.609163 0.470477 
-0.933227 0.655960 -0.173614 
-0.972556 0.633765 -0.180969 
-0.954316 0.631057 -0.110883 
-0.957718 0.627039 -0.100762 
-0.340584 0.952252 0.132881 
-0.323626 0.960939 0.140580 
-0.411046 0.952393 -0.084937 
-0.424117 0.940823 -0.065877 
-0.581035 0.721875 0.573474 
-0.552121 0.726386 0.639424 
-0.228322 1.075324 -0.152381 
-0.192412 1.095363 -0.144504 
-0.141819 1.070725 0.137725 
-0.134110 1.082589 0.100636 
-0.403713 0.996512 -0.288596 
-0.507924 0.942328 -0.331808 
-0.122787 0.995900 0.580087 
-0.112135 1.001177 0.585844 
-0.342098 0.857501 0.614123 
-0.371936 0.836271 0.631064 
-0.756923 0.653103 0.384234 
-0.762438 0.647871 0.394078 
-0.718264 0.723288 0.143417 
-0.752033 0.697313 0.172580 
-0.282176 0.989896 0.119793 
-0.270394 0.997489 0.117152 
-0.840175 0.622810 0.283082 
-0.890628 0.593526 0.277809 
-0.513014 0.865788 0.045029 
-0.517673 0.863515 0.042328 
-0.167931 1.108515 -0.136526 
-0.147563 1.119710 -0.131179 
-0.972444 0.607645 -0.046671 
-0.975254 0.604015 -0.036717 
-0.345080 0.869292 0.544466 
-0.345178 0.869680 0.542177 
-0.457687 0.959000 -0.262525 
-0.488894 0.937312 -0.247452 
-0.277849 0.972922 0.220168 
-0.281026 0.972300 0.213571 
-0.128758 1.091503 0.071410 
-0.117642 1.109188 0.014966 
-0.813754 0.615341 0.402789 
-0.848952 0.591954 0.414281 
-0.509049 0.921998 -0.231017 
-0.520056 0.914068 -0.224264 
-0.122625 1.009527 0.510702 
-0.122624 1.009613 0.510264 
-0.067336 1.047206 0.487825 
-0.030465 1.072332 0.472569 
-0.209347 0.978728 0.401453 
-0.209879 0.977590 0.405652 
-0.336915 0.930659 0.254921 
-0.334919 0.932470 0.251785 
-0.646095 0.812844 -0.093493 
-0.652857 0.808573 -0.092425 
-0.704081 0.632672 0.651819 
-0.707733 0.628509 0.661919 
-0.751227 0.718169 0.068111 
-0.750770 0.717651 0.072171 
-0.400946 0.826931 0.589579 
-0.412232 0.821069 0.584872 
-0.786969 0.612450 0.500142 
-0.787277 0.612266 0.500140 
-0.034587 1.077571 0.433003 
-0.026754 1.084834 0.419891 
-0.468725 0.801186 0.512780 
-0.474208 0.797533 0.514618 
