0.823781 0.440952 0.363244 
0.985787 0.016018 0.612643 
0.863352 0.410341 0.313273 
1.023637 0.286351 0.110859 
0.765553 0.559535 0.325346 
0.701905 0.666345 0.318483 
0.750004 0.613158 0.281955 
0.671168 0.885043 0.061946 
0.835946 0.390033 0.410776 
0.867203 0.259207 0.532901 
0.709198 0.648688 0.327479 
0.600017 0.743752 0.449285 
0.695524 0.700849 0.281738 
0.669749 0.799168 0.195522 
0.891171 0.408523 0.248290 
0.929673 0.406006 0.158352 
0.926276 0.347534 0.255223 
1.059732 0.115679 0.281581 
0.808890 0.390397 0.476105 
0.680444 0.392125 0.786247 
0.769190 0.626386 0.215194 
0.845182 0.678780 -0.049235 
0.966003 0.316361 0.205725 
1.121810 0.194100 0.011594 
0.831438 0.332213 0.509365 
0.884759 0.194619 0.588019 
0.796554 0.349270 0.568460 
0.738815 0.377504 0.666273 
0.701277 0.732995 0.219021 
0.712851 0.797675 0.092832 
0.878144 0.345012 0.376244 
0.897292 0.324583 0.360575 
0.962422 0.359179 0.149566 
0.952293 0.480285 -0.009277 
0.986379 0.364448 0.083246 
1.045895 0.377539 -0.081510 
0.775405 0.339223 0.635181 
0.741514 0.323122 0.742101 
0.997991 0.255096 0.220668 
1.064224 0.128240 0.251609 
0.789862 0.455684 0.423514 
0.784619 0.457960 0.432829 
0.793283 0.631417 0.148905 
0.882125 0.649971 -0.095536 
0.800596 0.279749 0.663961 
0.841188 0.183911 0.710339 
0.807210 0.652600 0.082896 
0.843093 0.707179 -0.087178 
1.021495 0.346814 0.024460 
1.130826 0.291912 -0.158568 
0.676580 0.660431 0.389109 
0.523084 0.715692 0.679133 
0.643906 0.672299 0.450684 
0.575172 0.697267 0.580216 
0.787397 0.709183 0.045402 
0.729963 0.873209 -0.063287 
0.682140 0.789145 0.180537 
0.661428 0.849919 0.138883 
0.984124 0.233824 0.286663 
0.976087 0.221494 0.324917 
0.613031 0.680263 0.513797 
0.594490 0.685045 0.551697 
0.613784 0.640477 0.572248 
0.615592 0.544987 0.712537 
0.763088 0.768257 0.015081 
0.705635 0.907879 -0.056583 
0.721420 0.821431 0.035970 
0.675515 0.880012 0.058984 
0.972391 0.209541 0.352028 
0.952237 0.167831 0.464303 
0.842442 0.634675 0.024266 
0.900046 0.605368 -0.071590 
0.767586 0.428373 0.519137 
0.762024 0.433486 0.524932 
0.842038 0.225707 0.644938 
0.860445 0.201704 0.636488 
1.000713 0.403993 -0.011577 
0.976016 0.471944 -0.054403 
0.814063 0.709551 -0.020087 
0.828638 0.709752 -0.055879 
0.888343 0.295797 0.425983 
0.892407 0.276186 0.445802 
0.591963 0.631547 0.638913 
0.563174 0.619765 0.726867 
0.684391 0.881661 0.034871 
0.647396 0.941837 0.033773 
0.749173 0.338048 0.700836 
0.739299 0.337606 0.725549 
0.864135 0.167769 0.678923 
0.867842 0.158047 0.684626 
0.991937 0.153127 0.389915 
1.039540 0.015735 0.482186 
0.706944 0.386952 0.729560 
0.644202 0.459612 0.772238 
0.871900 0.573769 0.044826 
0.891122 0.534024 0.058243 
1.032279 0.119585 0.342508 
1.068159 0.089754 0.300344 
0.650075 0.720440 0.362720 
0.644916 0.732119 0.357584 
0.569596 0.623537 0.705513 
0.541532 0.613487 0.789077 
0.572340 0.736347 0.527900 
0.560709 0.752376 0.531930 
1.009660 0.432044 -0.075867 
1.022701 0.472932 -0.169578 
0.906532 0.240279 0.465818 
0.921020 0.196053 0.497551 
0.609241 0.776203 0.377654 
0.549718 0.857489 0.399423 
0.664782 0.436883 0.756564 
0.626430 0.482304 0.781129 
1.048632 0.286576 0.049659 
1.056040 0.270130 0.056539 
1.062532 0.234233 0.095123 
1.072980 0.194894 0.129293 
0.527366 0.669203 0.739147 
0.474713 0.726139 0.781082 
0.499553 0.729665 0.715256 
0.471745 0.790117 0.691368 
0.536537 0.620916 0.789983 
0.546923 0.566229 0.847557 
0.486814 0.781063 0.668395 
0.481531 0.802379 0.648960 
0.648130 0.579330 0.581271 
0.650647 0.574848 0.581933 
0.473041 0.729010 0.780805 
0.450991 0.728466 0.835321 
0.685344 0.519206 0.581759 
0.691162 0.509806 0.581835 
0.829999 0.571023 0.151014 
0.830996 0.569383 0.151072 
0.897021 0.106489 0.691701 
0.928204 0.048382 0.703817 
0.642299 0.932311 0.060617 
0.629366 0.947874 0.068528 
0.966716 0.465191 -0.021525 
0.965190 0.467937 -0.021971 
1.051352 0.391772 -0.116363 
1.153048 0.293539 -0.215144 
0.651490 0.960039 -0.003778 
0.657577 0.978401 -0.046421 
0.567020 0.821661 0.411580 
0.536332 0.854701 0.436239 
0.919578 0.290939 0.357289 
0.925458 0.283265 0.354599 
0.873920 0.215589 0.582638 
0.885677 0.211858 0.559663 
0.990148 0.116216 0.450201 
0.988921 0.090890 0.491565 
1.026158 0.182687 0.261798 
1.042821 0.162415 0.251941 
1.020445 0.277768 0.131638 
1.019332 0.278920 0.132603 
1.051129 0.186159 0.195735 
1.058209 0.187143 0.177003 
0.571577 0.855281 0.349541 
0.577509 0.899043 0.268786 
1.075958 0.332560 -0.086557 
1.088340 0.302763 -0.071559 
0.914221 0.158737 0.570651 
0.935854 0.128220 0.564216 
0.585672 0.876223 0.283489 
0.599098 0.896171 0.220571 
0.856135 0.666193 -0.056831 
0.861537 0.660626 -0.061549 
0.692476 0.606548 0.432050 
0.697569 0.589280 0.445812 
0.614787 1.020440 -0.005930 
0.609049 1.029883 -0.006266 
0.661884 0.513069 0.648182 
0.659361 0.512409 0.655325 
0.890783 0.517785 0.083675 
0.901145 0.487065 0.104992 
1.006274 0.062162 0.492840 
1.028172 -0.011242 0.550743 
0.890876 0.649485 -0.116109 
0.900749 0.644737 -0.132954 
0.991725 0.487389 -0.116057 
0.974484 0.540596 -0.154695 
0.570345 0.929678 0.239813 
0.565005 0.948300 0.224597 
0.583314 0.952230 0.174062 
0.587199 0.958986 0.154366 
0.713088 0.878132 -0.029658 
0.718301 0.877491 -0.041379 
0.867103 0.261658 0.529430 
0.866725 0.264213 0.526479 
0.949730 0.538802 -0.091703 
0.934197 0.557817 -0.082696 
1.108185 0.271284 -0.072181 
1.120853 0.247197 -0.066530 
