0.366050 -0.539175 -0.758484 
0.396915 -0.621837 -0.675113 
0.352785 -0.484743 -0.800354 
0.283170 -0.615177 -0.735780 
0.457588 -0.587347 -0.667560 
0.517774 -0.562644 -0.644470 
0.221158 -0.646922 -0.729782 
0.318123 -0.440098 -0.839709 
0.356596 -0.385233 -0.851137 
0.153857 -0.652053 -0.742398 
0.367452 -0.674987 -0.639821 
0.094663 -0.633022 -0.768324 
0.406082 -0.699660 -0.587855 
0.418882 -0.365909 -0.831053 
0.253792 -0.436457 -0.863189 
0.266026 -0.493360 -0.828146 
0.032282 -0.648947 -0.760149 
0.002451 -0.603715 -0.797197 
0.409070 -0.740124 -0.533740 
0.478981 -0.348728 -0.805584 
0.020767 -0.551618 -0.833839 
0.139089 -0.702329 -0.698132 
0.574034 -0.541099 -0.614571 
0.380023 -0.783117 -0.492250 
-0.004277 -0.502131 -0.864781 
0.343204 -0.821472 -0.455405 
0.303188 -0.807993 -0.505197 
0.228016 -0.384708 -0.894432 
0.462542 -0.294020 -0.836426 
0.303237 -0.702757 -0.643568 
0.204358 -0.525156 -0.826105 
-0.007023 -0.687259 -0.726379 
0.624026 -0.529555 -0.574598 
0.424223 -0.253945 -0.869222 
0.536289 -0.338411 -0.773222 
0.174769 -0.357552 -0.917395 
0.170727 -0.598383 -0.782809 
0.339644 -0.850371 -0.401885 
-0.032434 -0.727976 -0.684835 
0.111833 -0.357469 -0.927205 
0.399682 -0.830660 -0.387632 
-0.022845 -0.770301 -0.637272 
0.087162 -0.413488 -0.906328 
0.667708 -0.522302 -0.530440 
-0.007085 -0.808401 -0.588589 
0.302461 -0.880113 -0.365950 
0.364704 -0.252024 -0.896368 
0.111927 -0.300137 -0.947307 
0.329722 -0.889712 -0.315747 
-0.062969 -0.514047 -0.855448 
-0.063788 -0.669067 -0.740460 
-0.089386 -0.561486 -0.822644 
0.660330 -0.571110 -0.487645 
0.457795 -0.802587 -0.382464 
0.045146 -0.790519 -0.610771 
-0.110329 -0.692273 -0.713152 
0.589943 -0.327475 -0.738057 
0.163877 -0.263388 -0.950669 
0.624344 -0.278674 -0.729750 
0.410313 -0.199429 -0.889871 
0.694100 -0.570406 -0.439160 
0.242124 -0.895133 -0.374316 
0.108189 -0.793231 -0.599233 
0.381137 -0.153825 -0.911632 
0.251514 -0.869516 -0.425067 
0.561627 -0.595243 -0.574683 
0.096362 -0.830063 -0.549281 
0.515792 -0.509303 -0.688890 
0.629337 -0.353395 -0.692132 
0.500762 -0.762957 -0.408821 
0.385654 -0.874010 -0.295597 
0.714385 -0.518546 -0.469855 
0.535391 -0.719505 -0.442345 
0.735928 -0.464414 -0.492676 
0.494870 -0.241506 -0.834733 
0.329919 -0.132894 -0.934608 
0.576215 -0.630391 -0.520176 
-0.155904 -0.709821 -0.686912 
0.715216 -0.438419 -0.544292 
0.609489 -0.485726 -0.626573 
0.042816 -0.377841 -0.924880 
0.151653 -0.495573 -0.855224 
0.271734 -0.141151 -0.951965 
-0.136568 -0.586977 -0.798002 
-0.184150 -0.604091 -0.775347 
-0.215799 -0.635900 -0.740987 
0.553696 -0.454042 -0.698045 
0.764397 -0.413418 -0.494755 
-0.129342 -0.749645 -0.649079 
0.139642 -0.851482 -0.505449 
0.463639 -0.409787 -0.785566 
0.573914 -0.717289 -0.395119 
