-0.472476 0.538159 0.697962 
-0.397887 0.507690 0.764158 
-0.490369 0.583210 0.647614 
-0.531593 0.503960 0.680759 
-0.458399 0.425214 0.780425 
-0.566525 0.444481 0.693892 
-0.348983 0.556711 0.753846 
-0.441685 0.631615 0.637163 
-0.487973 0.644907 0.588198 
-0.621408 0.430720 0.654472 
-0.455742 0.363246 0.812620 
-0.652936 0.460144 0.601616 
-0.414458 0.323337 0.850693 
-0.698031 0.414652 0.583794 
-0.738620 0.368794 0.564298 
-0.390438 0.268533 0.880595 
-0.772656 0.319273 0.548697 
-0.331288 0.256112 0.908105 
-0.438502 0.689698 0.576223 
-0.445324 0.726510 0.523325 
-0.377609 0.717183 0.585713 
-0.437928 0.763684 0.474347 
-0.496042 0.307116 0.812171 
-0.268632 0.267715 0.925292 
-0.315023 0.732938 0.602961 
-0.746486 0.416047 0.519292 
-0.313965 0.199158 0.928312 
-0.348004 0.611348 0.710736 
-0.252427 0.744873 0.617613 
-0.379937 0.790749 0.479963 
-0.292765 0.321781 0.900414 
-0.224193 0.231369 0.946682 
-0.190203 0.286157 0.939115 
-0.753554 0.278583 0.595440 
-0.320347 0.808914 0.492987 
-0.739628 0.227421 0.633427 
-0.458761 0.782575 0.420849 
-0.799429 0.338082 0.496603 
-0.310655 0.690570 0.653152 
-0.516022 0.243655 0.821190 
-0.194093 0.738293 0.645950 
-0.738743 0.470099 0.482975 
-0.732621 0.169858 0.659102 
-0.562308 0.200076 0.802359 
-0.458254 0.807870 0.370607 
-0.186821 0.190232 0.963800 
-0.342669 0.353635 0.870356 
-0.169438 0.700389 0.693359 
-0.716516 0.526337 0.457793 
-0.311292 0.517159 0.797273 
-0.650523 0.369500 0.663543 
-0.540661 0.145512 0.828560 
-0.502474 0.710144 0.493169 
-0.558401 0.676088 0.480721 
-0.799345 0.266498 0.538541 
-0.121475 0.674174 0.728514 
-0.688859 0.171185 0.704393 
-0.252706 0.500556 0.828000 
-0.672712 0.496266 0.548798 
-0.506236 0.100758 0.856489 
-0.411625 0.206609 0.887625 
-0.580949 0.102512 0.807459 
-0.366333 0.462309 0.807509 
-0.308396 0.140160 0.940876 
-0.651544 0.553113 0.519187 
-0.691550 0.579869 0.430710 
-0.609058 0.512606 0.605213 
-0.253548 0.783064 0.567912 
-0.390512 0.151550 0.908038 
-0.130052 0.301369 0.944597 
-0.615602 0.336388 0.712655 
-0.061980 0.675128 0.735092 
-0.188873 0.500532 0.844864 
-0.777194 0.200659 0.596410 
-0.796510 0.390927 0.461245 
-0.575091 0.698432 0.425985 
-0.144221 0.357549 0.922691 
-0.828097 0.348085 0.439423 
-0.055180 0.627367 0.776766 
-0.762468 0.128111 0.634216 
-0.094384 0.396399 0.913214 
-0.184061 0.557879 0.809254 
-0.831612 0.246926 0.497442 
-0.515959 0.388650 0.763373 
-0.315934 0.081960 0.945235 
-0.010998 0.595046 0.803616 
0.032166 0.623665 0.781030 
-0.654502 0.283972 0.700704 
-0.690659 0.111505 0.714532 
-0.544693 0.630507 0.552965 
-0.574930 0.727210 0.374996 
0.027192 0.557523 0.829716 
-0.852583 0.199211 0.483133 
-0.752957 0.512343 0.412990 
-0.257616 0.088267 0.962207 
-0.568403 0.261692 0.780023 
-0.447856 0.832911 0.325091 
-0.408495 0.093119 0.907998 
-0.404114 0.036718 0.913971 
