0.928034 -0.378333 -0.024857 
0.976492 -0.334549 0.267035 
0.940934 -0.325983 -0.115664 
1.008231 -0.152739 -0.175904 
0.953663 -0.328234 0.017959 
1.151982 0.059427 0.349268 
0.889409 -0.453817 -0.089452 
0.853727 -0.539360 -0.083661 
0.934881 -0.323257 -0.186062 
0.924022 -0.318368 -0.312345 
0.981856 -0.266671 0.038335 
1.073920 -0.065638 0.104871 
0.986008 -0.273839 0.108559 
0.986298 -0.274341 0.113474 
0.982681 -0.297735 0.175026 
0.971655 -0.376933 0.395315 
0.933205 -0.310423 -0.255578 
0.928012 -0.270665 -0.470922 
0.866561 -0.514505 -0.061258 
0.774155 -0.759949 0.052771 
0.839426 -0.579632 -0.056542 
0.739071 -0.820498 -0.039100 
0.814020 -0.628959 -0.100375 
0.708682 -0.833476 -0.282112 
0.927362 -0.307200 -0.325974 
0.922449 -0.304490 -0.385174 
0.837218 -0.601100 0.010795 
0.825005 -0.719829 0.383196 
0.940100 -0.264000 -0.380485 
0.978102 -0.135109 -0.543125 
0.978339 -0.258039 -0.031759 
0.977774 -0.256654 -0.043009 
0.788057 -0.693382 -0.087123 
0.746928 -0.795442 -0.066130 
1.007892 -0.249072 0.219706 
1.079502 -0.110850 0.346613 
0.873705 -0.475005 -0.155061 
0.854632 -0.500739 -0.234748 
0.764499 -0.736698 -0.137806 
0.731309 -0.797722 -0.209212 
0.968385 -0.343911 0.226635 
0.915426 -0.514962 0.417813 
0.784436 -0.717914 -0.020903 
0.783814 -0.722125 -0.009535 
0.947073 -0.402306 0.260336 
0.844973 -0.682063 0.421792 
0.899212 -0.368377 -0.347536 
0.874427 -0.422240 -0.366520 
0.875005 -0.413738 -0.396078 
0.866862 -0.428998 -0.412408 
0.856772 -0.441679 -0.458423 
0.846736 -0.457059 -0.492740 
0.757857 -0.735365 -0.208192 
0.750165 -0.733821 -0.289698 
1.010028 -0.202490 0.047665 
1.066721 -0.073332 0.066439 
0.835180 -0.622196 0.078255 
0.830908 -0.666419 0.219665 
1.036067 -0.187682 0.240620 
1.063645 -0.127592 0.261092 
0.980500 -0.331913 0.295259 
0.988805 -0.323688 0.342303 
0.776778 -0.680869 -0.249085 
0.805678 -0.597636 -0.311544 
0.968180 -0.203367 -0.357352 
1.058962 -0.007350 -0.282567 
1.064289 -0.123786 0.251616 
1.122423 0.007834 0.274266 
0.979278 -0.163373 -0.414600 
1.010242 -0.051783 -0.574326 
0.828584 -0.503195 -0.478947 
0.775339 -0.619392 -0.517714 
0.794548 -0.654185 -0.186060 
0.796421 -0.651372 -0.179415 
1.078819 -0.077170 0.200471 
1.101595 -0.004103 0.120305 
1.033091 -0.141498 0.020313 
1.065329 -0.056243 -0.017920 
0.873469 -0.391079 -0.504907 
0.899107 -0.313385 -0.576282 
0.742476 -0.796180 -0.106552 
0.735691 -0.814505 -0.096924 
0.925370 -0.461303 0.292715 
0.905416 -0.515546 0.322485 
0.825562 -0.659236 0.137715 
0.795560 -0.774777 0.323196 
0.982424 -0.139868 -0.481215 
0.982641 -0.138243 -0.485820 
0.987809 -0.171578 -0.297318 
1.010318 -0.135123 -0.228471 
0.988136 -0.110884 -0.545459 
0.989610 -0.103404 -0.562039 
1.061351 -0.078000 0.033327 
1.061676 -0.077269 0.033477 
0.853682 -0.598310 0.160015 
0.865481 -0.572745 0.169373 
0.797532 -0.723868 0.131638 
0.787207 -0.747674 0.129400 
0.982794 -0.199088 -0.232371 
0.981470 -0.206347 -0.215235 
0.875718 -0.538809 0.128804 
0.879188 -0.529438 0.123889 
0.823973 -0.529845 -0.413613 
0.822702 -0.537194 -0.395596 
0.767347 -0.686235 -0.318958 
0.757000 -0.692123 -0.395622 
1.101720 -0.016408 0.172480 
1.102497 -0.014346 0.171531 
0.800510 -0.563780 -0.502214 
0.789596 -0.587332 -0.511258 
1.036397 -0.117648 -0.046172 
1.037455 -0.110014 -0.067454 
1.128823 0.039256 0.206642 
1.156413 0.095920 0.241418 
1.007888 -0.275006 0.327063 
1.015182 -0.259852 0.335532 
0.890349 -0.492004 0.077862 
0.890469 -0.491622 0.077446 
0.897831 -0.499879 0.183534 
0.898195 -0.499239 0.184434 
0.770802 -0.778016 0.094847 
0.747111 -0.826009 0.062237 
0.817247 -0.560955 -0.350470 
0.816978 -0.562199 -0.347945 
1.062360 -0.053224 -0.059420 
1.067876 -0.039535 -0.062234 
0.897633 -0.328618 -0.527594 
0.909925 -0.296846 -0.539135 
1.010334 -0.141480 -0.201993 
1.016756 -0.128047 -0.194910 
0.950588 -0.412619 0.337369 
0.952524 -0.408881 0.340797 
1.036085 -0.210949 0.337143 
1.038009 -0.206578 0.337831 
1.014443 -0.046183 -0.556492 
1.046686 0.033115 -0.570013 
0.743646 -0.729995 -0.369191 
0.668795 -0.868196 -0.527834 
0.772255 -0.627355 -0.514859 
0.754578 -0.667130 -0.522771 
0.917587 -0.272396 -0.565554 
0.921484 -0.261417 -0.572967 
1.125682 0.015763 0.273262 
1.121729 -0.013815 0.357136 
1.105228 0.007879 0.106164 
1.107221 0.021683 0.068469 
1.014299 -0.106750 -0.307095 
1.044709 -0.032326 -0.318320 
1.026437 -0.034489 -0.487794 
1.033231 -0.027865 -0.448878 
0.865865 -0.449811 -0.335951 
0.861259 -0.467991 -0.305647 
0.873983 -0.457790 -0.223643 
0.873986 -0.457578 -0.224485 
0.804505 -0.724417 0.202002 
0.818214 -0.725494 0.340338 
1.019607 -0.078618 -0.371752 
1.020779 -0.072408 -0.386024 
0.744295 -0.687188 -0.540123 
0.738344 -0.699924 -0.545501 
1.042431 -0.045728 -0.285076 
1.086627 0.050141 -0.250482 
1.067005 -0.081665 0.103716 
1.067774 -0.082163 0.113285 
0.825479 -0.688813 0.259382 
0.835456 -0.671877 0.286677 
0.816282 -0.725002 0.319430 
0.815858 -0.726671 0.322198 
1.151042 0.064931 0.317300 
1.153158 0.069033 0.320974 
0.964624 -0.252291 -0.189484 
0.963895 -0.254426 -0.187764 
0.717741 -0.752057 -0.530803 
0.698956 -0.797947 -0.524210 
0.852704 -0.623670 0.255487 
0.861818 -0.601865 0.254183 
1.047835 0.024040 -0.521207 
1.048258 0.025195 -0.521867 
0.695804 -0.811410 -0.499244 
0.672299 -0.875003 -0.465430 
0.867753 -0.604190 0.321775 
0.877957 -0.590981 0.366720 
1.044588 -0.079915 -0.122442 
1.041710 -0.084237 -0.132648 
0.939608 -0.233742 -0.510591 
0.942747 -0.228231 -0.502756 
0.862722 -0.631733 0.386706 
0.859947 -0.646930 0.422529 
0.822643 -0.589719 -0.178661 
0.828675 -0.575879 -0.177073 
