-0.210489 -0.240064 0.950296 
-0.340738 -0.430689 0.891027 
-0.112571 -0.148956 0.984957 
0.207045 0.037377 1.077035 
-0.158510 -0.288003 0.950436 
0.203726 -0.622080 0.951410 
-0.094638 -0.082407 1.000759 
-0.079052 -0.024565 1.014493 
-0.264191 -0.282568 0.932703 
-0.639966 -0.579989 0.809590 
-0.256343 -0.351854 0.920959 
-0.243152 -0.468311 0.901220 
-0.053360 -0.187475 0.988167 
0.113895 -0.296281 0.997233 
-0.249899 -0.421239 0.908948 
-0.244287 -0.481662 0.898488 
0.013067 -0.168717 1.003517 
0.236360 -0.105662 1.055119 
0.064084 -0.217678 1.003292 
0.289590 -0.434099 1.002297 
0.119191 -0.261965 1.004680 
0.315091 -0.419399 1.009612 
-0.153354 -0.043117 0.997783 
-0.516567 0.199928 0.979376 
0.101094 -0.328464 0.988858 
0.080187 -0.405286 0.970580 
-0.148788 0.026058 1.011710 
-0.135479 0.227706 1.052306 
-0.316794 -0.235316 0.932322 
-0.503799 -0.067331 0.930970 
-0.202952 0.071503 1.010709 
-0.333330 0.180892 1.008301 
0.133906 -0.390813 0.982862 
0.257847 -0.626325 0.960214 
0.082247 -0.435740 0.965172 
0.048169 -0.465377 0.953502 
-0.352462 -0.174483 0.937523 
-0.362767 -0.156907 0.939026 
0.107222 -0.164532 1.021028 
0.274022 0.040970 1.089609 
0.137907 -0.103160 1.038113 
0.258030 0.137093 1.104995 
-0.378319 -0.265893 0.915600 
-0.444881 -0.298972 0.897510 
-0.354628 -0.104973 0.950318 
-0.356554 -0.043159 0.961697 
0.174419 -0.185019 1.029075 
0.213670 -0.196986 1.033775 
-0.268272 0.097761 1.004090 
-0.509766 0.194842 0.979619 
-0.330714 0.130584 0.999227 
-0.516766 0.228384 0.984736 
0.140180 -0.033798 1.051668 
0.148546 0.221451 1.101550 
-0.177735 0.135444 1.027310 
-0.110386 0.306216 1.071647 
-0.399371 0.144552 0.989685 
-0.618848 0.189201 0.959182 
-0.442794 -0.237498 0.909536 
-0.576001 -0.178835 0.897008 
-0.466803 0.129315 0.974823 
-0.645637 0.088906 0.935409 
-0.421791 0.211057 0.998314 
-0.449582 0.293499 1.009011 
-0.516434 0.179675 0.975560 
-0.585689 0.249947 0.976587 
-0.117918 0.169101 1.044313 
0.088087 0.285012 1.102867 
0.166433 -0.453304 0.976789 
0.189901 -0.498390 0.972407 
-0.561141 0.234405 0.977999 
-0.575690 0.252217 0.978793 
0.173305 -0.522661 0.964859 
0.186955 -0.660424 0.941162 
-0.055132 0.197152 1.060779 
0.038967 0.239192 1.085458 
0.214735 -0.242985 1.025243 
0.255813 -0.302047 1.021338 
-0.394181 -0.333025 0.900056 
-0.405669 -0.381646 0.888797 
0.004570 0.231005 1.077798 
0.109200 0.290333 1.107624 
0.039065 0.169527 1.072266 
0.062420 0.127905 1.068521 
-0.245038 -0.490700 0.896640 
-0.243414 -0.513905 0.892529 
0.052831 -0.497759 0.948190 
0.041822 -0.520969 0.941834 
-0.498268 -0.277715 0.892062 
-0.565098 -0.326164 0.871010 
-0.289767 -0.542505 0.878876 
-0.324391 -0.582608 0.865125 
-0.279419 0.029546 0.989177 
-0.286145 -0.011615 0.980179 
-0.025255 -0.090832 1.011481 
-0.016998 -0.091835 1.012756 
0.240744 -0.507457 0.979716 
0.271128 -0.500607 0.986409 
-0.567718 -0.270091 0.881176 
-0.660088 -0.259953 0.866698 
-0.006425 -0.024558 1.027390 
0.000219 -0.001173 1.033003 
-0.010875 0.122717 1.054524 
-0.020456 0.113737 1.051120 
0.272026 -0.284364 1.027569 
0.290590 -0.297771 1.028323 
-0.349583 -0.576164 0.861874 
-0.380125 -0.593351 0.853192 
0.001610 -0.543178 0.930484 
-0.074897 -0.611018 0.904037 
0.158859 -0.590155 0.949497 
0.156437 -0.601471 0.946921 
0.163860 0.030768 1.068115 
0.191003 0.104775 1.086966 
0.184969 0.096289 1.084286 
0.205006 0.158484 1.099636 
-0.177514 -0.475829 0.911449 
-0.140252 -0.467622 0.919621 
-0.086898 0.055929 1.028362 
-0.076861 0.060773 1.031063 
-0.437962 -0.385639 0.882306 
-0.483892 -0.440835 0.863686 
0.168998 0.164430 1.094370 
0.161074 0.198239 1.099373 
-0.582099 -0.337600 0.865823 
-0.588883 -0.369445 0.858580 
-0.491152 -0.428771 0.864684 
-0.503071 -0.438436 0.860735 
-0.203988 0.200647 1.035012 
-0.232583 0.271665 1.043400 
-0.396239 -0.047905 0.953750 
-0.431857 0.000942 0.956688 
-0.562774 0.129310 0.957782 
-0.664363 0.018896 0.918810 
-0.017554 -0.248231 0.983004 
-0.008784 -0.263112 0.981740 
-0.197409 0.269596 1.049253 
-0.197067 0.273176 1.049993 
0.169548 0.233883 1.107636 
0.169987 0.289380 1.118237 
-0.039293 -0.598083 0.912811 
-0.059690 -0.625463 0.903998 
-0.598722 0.070972 0.940338 
-0.644635 -0.003538 0.918059 
-0.496315 0.067344 0.957833 
-0.500607 0.058331 0.955362 
-0.108145 -0.606387 0.899011 
-0.141032 -0.610353 0.892420 
-0.114013 -0.342901 0.947928 
-0.087506 -0.375603 0.946434 
-0.559800 -0.201326 0.895620 
-0.553265 -0.144569 0.907542 
-0.446526 -0.483565 0.862218 
-0.440723 -0.490691 0.861898 
0.230145 -0.427287 0.993034 
0.242752 -0.422140 0.996249 
-0.121114 -0.436887 0.928847 
-0.115647 -0.433112 0.930533 
0.254274 0.087050 1.094839 
0.276847 0.084041 1.098277 
-0.519323 0.002518 0.941457 
-0.532106 -0.033500 0.932358 
0.236676 0.178678 1.109088 
0.251587 0.181817 1.112331 
-0.416946 -0.591664 0.846974 
-0.430715 -0.594832 0.843929 
0.287387 -0.560573 0.977926 
0.299874 -0.574793 0.977447 
-0.480021 -0.619097 0.830574 
-0.498446 -0.627111 0.825783 
0.059527 0.271908 1.095311 
0.082904 0.289307 1.102761 
-0.540273 -0.582275 0.826857 
-0.540491 -0.582142 0.826844 
0.268148 0.018518 1.084309 
0.280095 -0.040498 1.075240 
-0.071995 -0.535679 0.918837 
-0.074680 -0.530554 0.919332 
-0.177335 -0.612192 0.885626 
-0.211906 -0.615092 0.878938 
