0.168203 -0.791669 -0.587339 
0.294567 -0.788404 -0.540046 
0.101858 -0.811189 -0.575845 
0.331892 -0.744184 -0.579687 
0.035895 -0.803627 -0.594050 
0.348968 -0.696482 -0.627004 
0.348455 -0.795398 -0.495905 
0.346836 -0.649594 -0.676559 
0.283291 -0.652517 -0.702828 
0.357263 -0.826793 -0.434485 
0.217945 -0.653897 -0.724513 
0.352849 -0.857901 -0.373500 
0.321482 -0.890271 -0.322595 
0.376778 -0.880475 -0.287755 
0.272287 -0.918669 -0.286195 
0.207480 -0.930442 -0.302043 
-0.030873 -0.800256 -0.598863 
0.150083 -0.928989 -0.338310 
0.354616 -0.598797 -0.718116 
-0.090402 -0.781880 -0.616839 
0.405619 -0.758893 -0.509465 
0.452794 -0.763215 -0.460956 
0.096157 -0.947393 -0.305288 
0.413027 -0.570368 -0.709992 
0.181224 -0.951830 -0.247340 
0.463023 -0.532994 -0.708186 
0.091552 -0.965216 -0.244902 
0.045794 -0.760742 -0.647437 
-0.130680 -0.809095 -0.572964 
0.501540 -0.721102 -0.477985 
0.331145 -0.556633 -0.761907 
-0.131271 -0.747493 -0.651170 
0.069456 -0.979120 -0.191047 
0.037442 -0.715628 -0.697478 
0.104903 -0.706940 -0.699451 
-0.131229 -0.845426 -0.517719 
0.554364 -0.700152 -0.449965 
0.032626 -0.668062 -0.743390 
0.016097 -0.621485 -0.783261 
0.429146 -0.866870 -0.253713 
0.407792 -0.695993 -0.591016 
0.227891 -0.760398 -0.608162 
0.274927 -0.829462 -0.486217 
0.031304 -0.946683 -0.320642 
0.354373 -0.505593 -0.786635 
0.214132 -0.604192 -0.767528 
-0.190021 -0.830983 -0.522838 
-0.012616 -0.929712 -0.368071 
0.568480 -0.656081 -0.496374 
0.346940 -0.456923 -0.819057 
0.219616 -0.955576 -0.196580 
0.543573 -0.632172 -0.552165 
-0.047449 -0.623001 -0.780780 
0.294306 -0.440723 -0.848025 
-0.182459 -0.721615 -0.667818 
0.579737 -0.713717 -0.393082 
0.258456 -0.406004 -0.876562 
-0.076848 -0.867742 -0.491038 
0.091823 -0.986435 -0.136068 
0.427158 -0.883049 -0.194319 
0.584924 -0.738785 -0.334754 
-0.059746 -0.942174 -0.329754 
0.065959 -0.586122 -0.807534 
0.463959 -0.833894 -0.298936 
0.565537 -0.773998 -0.284770 
0.534455 -0.755784 -0.378350 
0.515103 -0.534069 -0.670403 
-0.235417 -0.702425 -0.671697 
0.220398 -0.965559 -0.138275 
0.616058 -0.634038 -0.467406 
0.225577 -0.552395 -0.802481 
0.172309 -0.902067 -0.395707 
0.465314 -0.483092 -0.741691 
0.492485 -0.584728 -0.644633 
0.124528 -0.887367 -0.443929 
-0.279417 -0.719100 -0.636256 
0.342509 -0.908539 -0.239257 
0.481744 -0.846110 -0.228082 
0.225069 -0.970836 -0.082599 
0.040886 -0.542249 -0.839223 
0.402090 -0.433791 -0.806318 
0.153564 -0.978300 -0.139091 
0.253535 -0.902737 -0.347542 
0.123480 -0.658237 -0.742615 
-0.103441 -0.605267 -0.789273 
0.623507 -0.723883 -0.295351 
0.413237 -0.826908 -0.381390 
-0.059224 -0.960857 -0.270641 
0.644743 -0.684938 -0.339361 
-0.028058 -0.891577 -0.451999 
