0.748606 -0.603134 -0.284284 
0.862998 -0.459895 -0.334208 
0.658359 -0.708622 -0.263475 
0.433759 -0.954437 -0.252977 
0.719470 -0.608483 -0.348491 
0.660409 -0.619326 -0.478641 
0.777194 -0.598498 -0.219776 
0.887817 -0.580557 0.029850 
0.825922 -0.559578 -0.186448 
1.150020 -0.300721 0.035217 
0.816341 -0.594473 -0.125698 
0.782332 -0.718329 0.089930 
0.805743 -0.630196 -0.065602 
0.786461 -0.695190 0.043736 
0.636729 -0.752538 -0.212450 
0.503717 -1.022603 0.101330 
0.732252 -0.571020 -0.407084 
0.751803 -0.513716 -0.496709 
0.707194 -0.571207 -0.473205 
0.614915 -0.571897 -0.716707 
0.718544 -0.534878 -0.532799 
0.755371 -0.417009 -0.726149 
0.589527 -0.787302 -0.251990 
0.400663 -0.926397 -0.410196 
0.544929 -0.816451 -0.298480 
0.323108 -0.961434 -0.529712 
0.790186 -0.669790 -0.009120 
0.730896 -0.820687 0.206141 
0.671883 -0.568372 -0.574040 
0.633394 -0.595998 -0.608058 
0.549981 -0.785388 -0.361801 
0.554021 -0.760542 -0.412447 
0.741267 -0.490238 -0.582708 
0.763884 -0.445805 -0.632384 
0.778759 -0.518205 -0.413989 
0.816430 -0.475424 -0.419582 
0.875579 -0.510263 -0.176338 
1.092242 -0.295089 -0.132224 
0.615194 -0.796391 -0.161331 
0.590478 -0.846720 -0.102664 
0.826494 -0.654507 0.049601 
0.878424 -0.632648 0.133586 
0.778431 -0.438112 -0.612736 
0.857945 -0.326587 -0.676984 
0.924816 -0.459925 -0.169871 
1.070263 -0.311222 -0.150769 
0.512295 -0.802743 -0.419060 
0.396026 -0.856290 -0.595720 
0.828486 -0.391081 -0.595926 
0.947045 -0.279682 -0.556109 
0.622302 -0.816084 -0.093791 
0.638933 -0.862162 0.064243 
0.685218 -0.714354 -0.177942 
0.702581 -0.700681 -0.165586 
0.467481 -0.832319 -0.465071 
0.330259 -0.922882 -0.605956 
0.604663 -0.857214 -0.039045 
0.536887 -1.015257 0.171319 
0.620059 -0.868231 0.029085 
0.623882 -0.870967 0.046003 
0.703408 -0.507860 -0.639770 
0.684885 -0.516482 -0.667688 
0.658501 -0.849707 0.085468 
0.711647 -0.824098 0.163419 
0.873699 -0.602029 0.045382 
0.967263 -0.498012 0.037020 
0.969275 -0.406630 -0.183402 
0.973797 -0.401210 -0.184778 
0.581771 -0.920713 0.057008 
0.491067 -1.045043 0.123158 
0.520422 -0.769055 -0.480697 
0.524629 -0.751616 -0.512603 
0.871499 -0.364915 -0.546275 
0.922643 -0.333804 -0.487239 
0.622474 -0.618349 -0.581856 
0.597404 -0.643707 -0.585822 
0.858837 -0.569235 -0.075130 
0.870745 -0.562163 -0.060960 
0.845173 -0.350646 -0.651483 
0.870877 -0.288363 -0.737056 
0.499062 -0.764800 -0.547969 
0.471973 -0.759403 -0.633283 
0.495299 -0.865850 -0.308312 
0.453446 -0.907509 -0.316603 
0.915956 -0.336040 -0.499480 
0.964903 -0.304250 -0.447960 
0.418199 -0.882567 -0.471882 
0.404858 -0.896169 -0.473726 
0.811939 -0.431412 -0.540252 
0.806032 -0.445810 -0.520377 
0.760323 -0.430111 -0.680619 
0.749109 -0.425156 -0.722662 
0.509362 -0.878316 -0.240144 
0.517512 -0.885540 -0.200640 
0.840605 -0.328448 -0.718463 
0.836960 -0.310739 -0.771900 
0.643759 -0.888685 0.142595 
0.627685 -0.931188 0.204889 
0.955328 -0.394039 -0.251570 
0.943027 -0.382935 -0.311691 
0.974962 -0.351489 -0.304522 
0.988785 -0.321532 -0.341801 
0.708166 -0.807201 0.112422 
0.761167 -0.761839 0.141187 
1.018969 -0.363980 -0.156728 
1.095399 -0.298381 -0.115703 
0.619073 -0.934581 0.190387 
0.598153 -0.973474 0.230888 
1.048896 -0.357593 -0.092982 
1.126470 -0.341040 0.072254 
0.531810 -0.968674 0.042741 
0.483608 -1.014946 0.028978 
0.374583 -0.935908 -0.455995 
0.309652 -1.015317 -0.432343 
0.823908 -0.318866 -0.786503 
0.822289 -0.317937 -0.793101 
0.923530 -0.553358 0.057548 
0.926897 -0.550069 0.058370 
0.460574 -0.783395 -0.604298 
0.425949 -0.800124 -0.654973 
0.968338 -0.500105 0.045046 
0.999490 -0.463083 0.036355 
0.965408 -0.476328 -0.021482 
0.963886 -0.463978 -0.056038 
0.591552 -0.626057 -0.644979 
0.588750 -0.626755 -0.650699 
1.015470 -0.430707 -0.001169 
1.017439 -0.428913 -0.000370 
0.725901 -0.692226 -0.124507 
0.730446 -0.689754 -0.118538 
0.450982 -0.894454 -0.355405 
0.441269 -0.900722 -0.365726 
0.423991 -0.941743 -0.310292 
0.376853 -1.024333 -0.231501 
0.718110 -0.772009 0.051903 
0.722130 -0.757785 0.027442 
0.877576 -0.624896 0.112181 
0.878888 -0.632632 0.134780 
0.350012 -0.981732 -0.408074 
0.342242 -0.996223 -0.392920 
0.428395 -0.792805 -0.666555 
0.413386 -0.797195 -0.695593 
0.556610 -0.894156 -0.075462 
0.533977 -0.911557 -0.092614 
0.578184 -0.987683 0.212931 
0.538286 -1.039498 0.234928 
0.894490 -0.300468 -0.644405 
0.895842 -0.299093 -0.644211 
0.687576 -0.861036 0.190717 
0.707480 -0.848477 0.212576 
1.001269 -0.489659 0.106743 
1.005190 -0.488415 0.114088 
0.905542 -0.437198 -0.277235 
0.888249 -0.452189 -0.286149 
0.506577 -0.941485 -0.091483 
0.461986 -0.983664 -0.105761 
0.624263 -0.643209 -0.515684 
0.624434 -0.645584 -0.509360 
0.740329 -0.713385 -0.033894 
0.730194 -0.722247 -0.038930 
0.541490 -0.672945 -0.662161 
0.514100 -0.698600 -0.671563 
0.306244 -1.009290 -0.456291 
0.294941 -1.016407 -0.468743 
0.293704 -0.995193 -0.524438 
0.280321 -0.980149 -0.597169 
0.939574 -0.365422 -0.364133 
0.920373 -0.372982 -0.396476 
0.614510 -0.678244 -0.455042 
0.613467 -0.681992 -0.448555 
0.374507 -0.991539 -0.318756 
0.367984 -0.998102 -0.319872 
0.474707 -0.991400 -0.052846 
0.453386 -1.024794 -0.026998 
1.064513 -0.390745 0.030420 
1.162513 -0.310892 0.093542 
0.847437 -0.417319 -0.480743 
0.857992 -0.413129 -0.463049 
1.023270 -0.299858 -0.303719 
1.026166 -0.296762 -0.303670 
0.763988 -0.740244 0.095333 
0.777545 -0.730858 0.108167 
1.092896 -0.342658 -0.012963 
1.099290 -0.331825 -0.022737 
0.465432 -0.740723 -0.696814 
0.467988 -0.737129 -0.698902 
1.048653 -0.454450 0.145667 
1.050527 -0.453058 0.147207 
0.470381 -0.930993 -0.213581 
0.443619 -0.967159 -0.195344 
