0.437874 0.789878 0.435154 
0.584259 0.709881 0.460479 
0.478804 0.749791 0.476601 
0.632669 0.599098 0.632409 
0.505410 0.710569 0.529077 
0.586984 0.590312 0.689967 
0.481198 0.689206 0.591985 
0.460385 0.670841 0.646063 
0.311497 0.850797 0.429085 
-0.017293 0.989304 0.452054 
0.482049 0.797847 0.380519 
0.746116 0.845485 0.053922 
0.546977 0.778690 0.360089 
0.788173 0.707525 0.284197 
0.600183 0.778372 0.313516 
0.774049 0.777335 0.161327 
0.422391 0.696175 0.630625 
0.337870 0.706191 0.686161 
0.592921 0.813201 0.252408 
0.578510 0.882311 0.131149 
0.249685 0.883855 0.419790 
0.046671 0.992428 0.389265 
0.380483 0.736219 0.590126 
0.367139 0.748970 0.577230 
0.316997 0.751168 0.617439 
0.109380 0.800055 0.706759 
0.229017 0.922070 0.364001 
0.126155 1.112267 0.086341 
0.261048 0.754525 0.660549 
-0.046125 0.772955 0.897237 
0.498931 0.651605 0.649184 
0.512906 0.621973 0.694261 
0.195544 0.778483 0.672177 
0.048315 0.832333 0.698313 
0.604320 0.840993 0.188395 
0.642779 0.934760 -0.027576 
0.563363 0.634174 0.625847 
0.743460 0.585452 0.560616 
0.308057 0.714975 0.695563 
0.340776 0.687449 0.719934 
0.139211 0.782296 0.714745 
-0.086256 0.797553 0.885120 
0.172110 0.958678 0.343472 
0.043037 1.041709 0.296907 
0.178838 0.988481 0.279702 
0.180631 0.996423 0.262707 
0.619816 0.597343 0.647213 
0.788073 0.487567 0.710896 
0.546759 0.877255 0.169114 
0.420475 0.956813 0.126814 
0.652113 0.739860 0.342154 
0.813641 0.620067 0.431234 
0.098921 0.822401 0.672694 
0.025710 0.895277 0.596282 
0.126878 1.026984 0.251108 
-0.074062 1.175886 0.140527 
0.101133 1.066082 0.198111 
0.087407 1.086925 0.169858 
0.644343 0.558435 0.700922 
0.682501 0.497904 0.784480 
0.497228 0.916355 0.137210 
0.467642 0.939710 0.118153 
0.037239 1.096309 0.196153 
-0.072222 1.148093 0.192798 
0.325467 0.677447 0.752909 
0.351388 0.621571 0.838291 
0.009390 1.135700 0.144453 
-0.030533 1.192170 0.070337 
0.035319 1.156091 0.081908 
0.043524 1.162544 0.062116 
0.508346 0.944273 0.073202 
0.523101 0.981326 -0.011750 
0.046263 0.860698 0.645118 
0.016267 0.882514 0.629410 
0.066074 1.036893 0.285817 
0.036622 1.041692 0.302629 
0.657841 0.521850 0.759908 
0.664628 0.503457 0.789563 
0.099431 1.139581 0.057068 
0.161252 1.123661 0.033115 
0.593130 0.540192 0.781725 
0.558530 0.550000 0.793390 
0.446669 0.977472 0.063513 
0.323193 1.043936 0.044116 
0.010598 0.846402 0.704478 
-0.083289 0.808768 0.860739 
0.558076 0.947400 0.023032 
0.626016 0.951671 -0.045510 
-0.013269 1.093920 0.245582 
-0.034593 1.092911 0.266451 
0.623299 0.920825 0.016728 
0.826431 0.838058 -0.002905 
0.144251 1.074900 0.142767 
0.162712 1.078675 0.119071 
0.022084 0.810350 0.764214 
0.032995 0.776100 0.820964 
0.716174 0.709949 0.343352 
0.762728 0.688212 0.344222 
0.388177 1.013191 0.046112 
0.332526 1.047176 0.029556 
-0.040337 1.174757 0.112804 
-0.068081 1.196549 0.095145 
0.722158 0.492467 0.759853 
0.827581 0.444306 0.759762 
0.752728 0.669854 0.388698 
0.819339 0.596787 0.471332 
0.340447 0.640490 0.811302 
0.349501 0.618152 0.846596 
0.278004 0.791293 0.574199 
0.251779 0.818280 0.545117 
0.673348 0.596681 0.601019 
0.696379 0.596397 0.581144 
0.658131 0.935686 -0.042987 
0.671902 0.941561 -0.066597 
0.017413 1.032777 0.336956 
-0.040997 1.027837 0.398341 
0.756826 0.720673 0.286498 
0.784600 0.728000 0.247654 
0.668588 0.824048 0.164260 
0.702805 0.815026 0.151411 
0.684289 0.886968 0.028301 
0.700060 0.878213 0.031294 
0.207797 1.059814 0.115667 
0.263709 1.046541 0.091821 
0.787652 0.468161 0.748907 
0.793950 0.465824 0.747855 
0.281128 0.922881 0.316212 
0.335615 0.923729 0.266244 
-0.046062 0.883133 0.683489 
-0.059717 0.891986 0.678431 
0.027896 0.775974 0.825732 
0.034669 0.735912 0.897425 
0.465926 0.899197 0.198249 
0.462314 0.897217 0.205292 
0.530629 0.553067 0.812186 
0.472768 0.564986 0.840385 
0.160936 0.743877 0.769991 
0.186500 0.698669 0.834999 
0.286092 0.953399 0.252619 
0.287009 0.959035 0.240876 
0.733972 0.802415 0.148228 
0.761452 0.793323 0.141490 
0.528474 0.830678 0.275669 
0.518164 0.833474 0.279390 
0.748842 0.858138 0.026964 
0.822713 0.825148 0.025433 
0.012126 1.002389 0.400585 
0.009959 0.989935 0.426661 
0.799825 0.630317 0.423608 
0.817126 0.615793 0.436433 
0.046323 0.893081 0.582259 
0.046344 0.904822 0.559469 
0.514431 0.590317 0.754306 
0.511723 0.596543 0.744632 
0.080304 0.908509 0.522198 
0.096851 0.916021 0.492953 
-0.058691 0.919492 0.624172 
-0.066160 0.940993 0.589094 
0.709089 0.781428 0.211001 
0.707892 0.780419 0.214020 
0.718933 0.556942 0.637663 
0.724418 0.552161 0.642071 
0.119467 0.920337 0.464524 
0.128185 0.922970 0.451686 
-0.037600 0.800233 0.836769 
-0.072857 0.813292 0.842710 
0.032623 0.947953 0.487983 
0.023296 0.955670 0.481290 
0.708835 0.661655 0.443527 
0.705600 0.661051 0.447568 
0.821420 0.702730 0.264010 
0.824715 0.701815 0.262863 
0.271931 1.030046 0.116521 
0.289159 1.022049 0.116751 
-0.032860 0.970733 0.501878 
-0.086061 0.989241 0.513167 
0.239892 0.731500 0.723970 
0.237498 0.728895 0.731144 
0.132799 0.870161 0.550016 
0.167317 0.844946 0.568307 
0.636859 0.636774 0.555620 
0.619515 0.655831 0.534041 
0.432071 0.943236 0.142862 
0.425909 0.945778 0.143397 
0.208409 0.704399 0.804455 
0.235854 0.681577 0.824378 
0.400591 0.605922 0.825005 
0.425538 0.591584 0.830688 
