0.763008 0.632921 -0.149093 
0.513469 1.000290 -0.079797 
0.732797 0.658802 -0.207552 
0.580512 0.789257 -0.502216 
0.844404 0.521681 -0.140818 
1.096351 0.202129 -0.026162 
0.886600 0.466518 -0.127529 
1.211886 0.041265 -0.025084 
0.925201 0.424209 -0.086059 
1.113541 0.217776 0.116278 
0.698976 0.713931 -0.178970 
0.533751 0.983252 -0.039340 
0.964840 0.366371 -0.095202 
1.029476 0.272061 -0.110111 
0.843879 0.503412 -0.209125 
0.841595 0.423968 -0.506151 
0.865200 0.459451 -0.260242 
0.948804 0.287070 -0.460679 
0.659319 0.771770 -0.169909 
0.562028 0.913670 -0.147678 
0.870339 0.433987 -0.326008 
0.884929 0.361685 -0.512747 
0.777362 0.632159 -0.079859 
0.834312 0.629134 0.194830 
0.720419 0.656710 -0.277139 
0.691862 0.651884 -0.437681 
0.808709 0.604265 -0.022944 
0.841411 0.575166 0.036431 
0.679796 0.704155 -0.310287 
0.598110 0.799559 -0.376942 
0.819955 0.607971 0.046768 
0.847064 0.616904 0.214810 
0.997473 0.312099 -0.126661 
1.100069 0.141469 -0.225569 
0.619021 0.829587 -0.164147 
0.590220 0.870908 -0.160028 
0.821846 0.624456 0.115505 
0.824032 0.643523 0.195008 
0.858668 0.586046 0.162075 
0.949831 0.490954 0.277370 
0.891848 0.531372 0.131911 
0.923079 0.479907 0.103518 
0.967422 0.337698 -0.185327 
0.946601 0.355434 -0.225975 
0.843557 0.454013 -0.388311 
0.735755 0.534624 -0.639097 
0.598236 0.872992 -0.112339 
0.585015 0.900602 -0.079385 
1.036988 0.267603 -0.088469 
1.168814 0.119160 0.038945 
0.985208 0.297483 -0.240702 
1.019227 0.220565 -0.346617 
0.802573 0.666269 0.169172 
0.752770 0.774322 0.307857 
0.557028 0.922239 -0.141947 
0.475154 1.020083 -0.200774 
1.044207 0.276929 -0.018748 
1.060453 0.297916 0.138154 
0.519281 0.962628 -0.186037 
0.492497 0.991286 -0.217322 
0.798701 0.690154 0.235614 
0.789755 0.745331 0.389100 
1.078822 0.210908 -0.082502 
1.164535 0.094745 -0.070276 
0.803509 0.702757 0.305026 
0.811676 0.724163 0.422924 
0.606726 0.880564 -0.042550 
0.627979 0.899519 0.132155 
1.044934 0.294935 0.049627 
1.045075 0.298417 0.062850 
0.720146 0.638112 -0.345360 
0.719967 0.625898 -0.390163 
0.604265 0.902669 0.024572 
0.602389 0.919521 0.075742 
1.019034 0.343434 0.094091 
0.997056 0.384589 0.131822 
0.704930 0.640136 -0.414384 
0.658669 0.646290 -0.624232 
0.689194 0.642925 -0.483265 
0.658023 0.648449 -0.619706 
0.765147 0.760333 0.319634 
0.746379 0.788500 0.326780 
0.729621 0.585130 -0.488301 
0.743404 0.565426 -0.490018 
1.087435 0.181203 -0.146089 
1.098067 0.144539 -0.224573 
0.994156 0.390955 0.140165 
0.978538 0.420786 0.169088 
0.881046 0.573141 0.227898 
0.903431 0.560233 0.293740 
0.759392 0.672574 -0.024689 
0.751888 0.689450 -0.001653 
0.646134 0.846049 0.030986 
0.660178 0.827058 0.033138 
0.776232 0.764266 0.389359 
0.788032 0.768453 0.463575 
0.741299 0.551799 -0.549560 
0.792327 0.406151 -0.817244 
0.726553 0.703184 -0.079321 
0.723691 0.705852 -0.084083 
1.050578 0.315186 0.150722 
1.064144 0.303038 0.175077 
0.650311 0.700645 -0.470753 
0.589688 0.790637 -0.451244 
0.526652 0.934424 -0.250459 
0.534977 0.902569 -0.323223 
0.737137 0.717491 0.025182 
0.735718 0.720356 0.028362 
0.756587 0.514340 -0.607552 
0.782834 0.450031 -0.707111 
1.087100 0.239451 0.061611 
1.111782 0.206973 0.068625 
0.815537 0.720289 0.428361 
0.849218 0.682604 0.461783 
0.477126 1.016225 -0.204753 
0.430586 1.075396 -0.225416 
0.991914 0.364025 0.032120 
0.983989 0.370042 0.014012 
0.914746 0.456106 -0.023823 
0.913888 0.458724 -0.018716 
0.855992 0.551444 0.024272 
0.865052 0.537233 0.018616 
0.840219 0.439444 -0.457424 
0.837519 0.427664 -0.513304 
0.970723 0.437057 0.188389 
0.961186 0.455822 0.208017 
0.790343 0.459256 -0.636297 
0.821308 0.408727 -0.662665 
0.757997 0.737834 0.202905 
0.719799 0.782578 0.172210 
0.825814 0.423606 -0.586589 
0.833322 0.416059 -0.576067 
0.867969 0.370010 -0.567867 
0.924299 0.298392 -0.542850 
0.495777 0.961475 -0.308036 
0.475960 0.978838 -0.344993 
0.801700 0.426300 -0.697819 
0.813512 0.392022 -0.761808 
0.843611 0.374294 -0.674606 
0.845444 0.372020 -0.673591 
0.482415 1.028178 -0.135261 
0.484324 1.032492 -0.110183 
0.922726 0.464384 0.045946 
0.924419 0.466139 0.060744 
1.018427 0.242780 -0.270770 
1.033042 0.218714 -0.283998 
1.049415 0.189790 -0.305868 
1.062465 0.167474 -0.320649 
0.747113 0.584826 -0.401681 
0.761529 0.565925 -0.397340 
0.896186 0.347571 -0.507038 
0.924642 0.324942 -0.445694 
0.903008 0.560892 0.293986 
0.913448 0.555068 0.325404 
0.938103 0.295535 -0.483903 
0.975364 0.249279 -0.463339 
0.718578 0.782094 0.164341 
0.709764 0.791989 0.155719 
1.010915 0.231865 -0.347671 
1.004918 0.238419 -0.354182 
0.909474 0.376215 -0.337445 
0.931667 0.343452 -0.343932 
0.441752 1.051684 -0.254666 
0.424418 1.069059 -0.279124 
0.476071 0.970229 -0.375378 
0.471403 0.972303 -0.391333 
0.525063 0.909909 -0.346551 
0.537950 0.887217 -0.363500 
0.765368 0.463692 -0.745587 
0.762668 0.466470 -0.749136 
0.642827 0.691683 -0.540493 
0.640255 0.688604 -0.564456 
1.119718 0.162652 -0.050898 
1.165651 0.108453 -0.015402 
1.161887 0.107194 -0.038806 
1.196625 0.061507 -0.028844 
0.714452 0.768575 0.095058 
0.713946 0.766917 0.086564 
0.643934 0.760583 -0.287270 
0.639337 0.767817 -0.284320 
0.539348 0.873581 -0.405510 
0.544880 0.859512 -0.428344 
0.999637 0.228206 -0.417380 
0.996358 0.227143 -0.437642 
0.800543 0.471504 -0.541123 
0.794233 0.483465 -0.529770 
