0.294179 -0.823494 -0.485094 
0.355480 -0.791376 -0.497351 
0.255614 -0.889570 -0.378586 
0.412063 -0.788816 -0.456040 
0.340623 -0.757896 -0.556390 
0.192934 -0.891285 -0.410351 
0.463009 -0.786429 -0.408841 
0.244040 -0.810621 -0.532295 
0.465564 -0.814810 -0.345448 
0.484172 -0.828588 -0.281106 
0.538286 -0.790314 -0.292662 
0.241623 -0.917485 -0.315974 
0.462494 -0.858019 -0.223390 
0.214530 -0.780818 -0.586771 
0.174105 -0.754266 -0.633064 
0.154198 -0.808732 -0.567605 
0.406944 -0.850042 -0.334403 
0.453242 -0.745014 -0.489414 
0.180858 -0.709786 -0.680804 
0.489593 -0.698815 -0.521493 
0.104215 -0.788250 -0.606466 
0.100546 -0.838182 -0.536042 
0.524081 -0.651393 -0.548658 
0.069407 -0.871846 -0.484838 
0.239505 -0.938065 -0.250341 
0.276556 -0.941365 -0.193256 
0.586704 -0.748765 -0.308431 
0.026704 -0.897915 -0.439358 
0.285644 -0.949626 -0.128914 
0.634442 -0.719837 -0.281635 
0.040295 -0.785132 -0.618016 
0.204303 -0.663916 -0.719358 
0.236382 -0.618741 -0.749188 
0.284452 -0.956381 -0.066509 
0.339450 -0.939899 -0.036932 
0.262538 -0.572280 -0.776897 
0.637614 -0.738233 -0.220138 
-0.022443 -0.782859 -0.621794 
0.178680 -0.957318 -0.227193 
0.059825 -0.921061 -0.384795 
0.230950 -0.972274 -0.036687 
0.680654 -0.696755 -0.226369 
-0.082993 -0.785276 -0.613558 
0.118768 -0.971819 -0.203621 
0.492797 -0.628074 -0.602225 
-0.038284 -0.744191 -0.666869 
0.564833 -0.606188 -0.559911 
0.194357 -0.980893 0.008615 
-0.031572 -0.909740 -0.413976 
0.055748 -0.743628 -0.666265 
0.250738 -0.967499 0.032804 
0.450229 -0.612260 -0.649947 
0.543572 -0.685530 -0.484333 
0.504604 -0.845293 -0.175657 
-0.108191 -0.818182 -0.564689 
-0.033761 -0.702290 -0.711090 
0.399786 -0.915931 -0.035233 
0.712329 -0.677023 -0.185005 
0.392697 -0.878362 -0.272525 
0.446728 -0.567810 -0.691394 
0.584452 -0.686936 -0.431898 
0.530959 -0.838921 -0.119557 
0.437402 -0.525146 -0.730001 
0.133085 -0.991104 0.001424 
0.621861 -0.685458 -0.378730 
0.581808 -0.802264 -0.133685 
0.152980 -0.944957 -0.289229 
0.702174 -0.658487 -0.270827 
0.521653 -0.754963 -0.397378 
0.385554 -0.557393 -0.735297 
-0.050664 -0.830410 -0.554844 
0.344031 -0.926471 -0.152626 
0.516652 -0.854048 -0.060593 
0.073112 -0.997318 0.003525 
0.555217 -0.567482 -0.608028 
0.720802 -0.618393 -0.313105 
0.418596 -0.907968 0.019286 
0.451043 -0.673521 -0.585602 
-0.083913 -0.858273 -0.506286 
0.649339 -0.639628 -0.411382 
-0.122619 -0.878994 -0.460797 
0.244028 -0.710590 -0.659934 
0.333354 -0.718101 -0.610906 
0.098223 -0.993954 -0.049061 
0.137284 -0.988907 0.056706 
0.047789 -0.701582 -0.710984 
0.053715 -0.976380 -0.209276 
0.192537 -0.844804 -0.499236 
0.705407 -0.697065 -0.128456 
0.614704 -0.582399 -0.531932 
0.743568 -0.634897 -0.209791 
