0.383618 0.646604 -0.663129 
0.217819 0.476783 -0.965632 
0.451482 0.703596 -0.553278 
0.656954 0.845229 -0.255184 
0.325406 0.646193 -0.703269 
0.111803 0.644685 -0.850557 
0.265440 0.649367 -0.740605 
0.205900 0.652518 -0.777675 
0.469712 0.635227 -0.617136 
0.636516 0.507406 -0.646052 
0.214677 0.637551 -0.788391 
0.094199 0.609509 -0.901806 
0.155758 0.676508 -0.785086 
0.000810 0.778960 -0.776395 
0.408624 0.753325 -0.527006 
0.343028 0.829439 -0.486794 
0.506534 0.584045 -0.649144 
0.648862 0.386210 -0.772865 
0.424299 0.793787 -0.471174 
0.475696 0.926454 -0.288111 
0.142194 0.634970 -0.840680 
0.136138 0.616424 -0.865501 
0.567955 0.577341 -0.614756 
0.759378 0.556445 -0.507585 
0.623219 0.534427 -0.624967 
0.942561 0.286455 -0.683966 
0.145801 0.726507 -0.736086 
0.110741 0.902557 -0.563552 
0.514533 0.534508 -0.698965 
0.528557 0.447659 -0.786309 
0.529012 0.483619 -0.745876 
0.566504 0.351843 -0.867352 
0.359957 0.814401 -0.492033 
0.351987 0.816955 -0.494617 
0.479465 0.799408 -0.427298 
0.786691 0.830716 -0.182940 
0.147956 0.586015 -0.891376 
0.157954 0.501073 -0.979338 
0.583880 0.440359 -0.756742 
0.698598 0.349913 -0.779462 
0.483022 0.466183 -0.796679 
0.448957 0.453268 -0.834311 
0.514253 0.827328 -0.372432 
0.661780 0.945725 -0.139761 
0.115388 0.778403 -0.698913 
-0.044378 1.051022 -0.503636 
0.307958 0.697531 -0.657881 
0.292903 0.741828 -0.618717 
0.426983 0.508381 -0.787796 
0.409696 0.521398 -0.785056 
0.595531 0.389999 -0.804992 
0.610171 0.326714 -0.865624 
0.350845 0.752108 -0.567750 
0.344838 0.751981 -0.571986 
0.554339 0.628079 -0.567425 
0.550659 0.641792 -0.554633 
0.480649 0.878963 -0.337725 
0.452269 0.922571 -0.308414 
0.573106 0.826493 -0.333245 
0.733316 0.824221 -0.226571 
0.077854 0.655531 -0.861597 
0.002301 0.679674 -0.886160 
0.288311 0.597505 -0.782881 
0.303068 0.564042 -0.810158 
0.184191 0.534734 -0.923894 
0.297147 0.374877 -1.025262 
0.685980 0.502700 -0.617585 
0.882245 0.403485 -0.594501 
0.375521 0.497472 -0.835047 
0.361506 0.494501 -0.847916 
0.729458 0.453172 -0.643210 
0.746366 0.433912 -0.653175 
0.314839 0.863344 -0.468178 
0.169548 1.020953 -0.391360 
0.518629 0.904196 -0.283680 
0.541094 0.919122 -0.251712 
0.102951 0.567525 -0.942685 
0.093665 0.563710 -0.953272 
0.658721 0.359624 -0.795809 
0.662297 0.357905 -0.795289 
0.178226 0.767324 -0.668441 
0.203176 0.762924 -0.656342 
0.572880 0.911210 -0.238874 
0.748019 0.933851 -0.094225 
0.600657 0.774508 -0.372468 
0.637130 0.705689 -0.424394 
0.059507 0.820752 -0.689752 
-0.018856 0.880140 -0.676906 
0.631990 0.325750 -0.851827 
0.626693 0.319038 -0.862926 
0.736182 0.515226 -0.569388 
0.803351 0.531986 -0.504902 
0.465436 0.948788 -0.270186 
0.378383 1.021764 -0.248101 
0.774521 0.404209 -0.667125 
0.858229 0.313255 -0.711549 
0.630793 0.870998 -0.244264 
0.691128 0.829105 -0.249879 
-0.000543 0.858080 -0.689037 
-0.042462 0.884138 -0.688537 
0.219066 0.483254 -0.957562 
0.294323 0.372163 -1.030216 
0.635673 0.723047 -0.406019 
0.641526 0.714446 -0.411626 
0.569529 0.335522 -0.883500 
0.566652 0.335973 -0.884959 
0.409597 0.559710 -0.742375 
0.406698 0.568268 -0.734803 
0.272630 0.842017 -0.520747 
0.256901 0.834070 -0.540336 
0.174348 0.464461 -1.009013 
0.120689 0.441910 -1.070753 
0.209422 0.854530 -0.549872 
0.168392 0.862652 -0.568778 
0.133936 0.441422 -1.062267 
0.073193 0.406793 -1.142312 
0.570776 0.668138 -0.511523 
0.573851 0.675632 -0.501065 
0.225038 0.699792 -0.711882 
0.220745 0.705149 -0.708830 
-0.018242 0.909450 -0.643783 
-0.030728 0.945690 -0.611859 
0.692590 0.681729 -0.413322 
0.761430 0.631755 -0.422156 
0.556849 0.962347 -0.192743 
0.552806 0.975247 -0.181106 
0.271406 0.912887 -0.442507 
0.167502 1.031404 -0.381094 
0.324235 0.921946 -0.396387 
0.334835 0.923764 -0.387133 
0.276290 0.442265 -0.964289 
0.351392 0.388472 -0.973117 
0.268091 0.497222 -0.908558 
0.270731 0.497974 -0.905919 
0.618673 0.607699 -0.546311 
0.620230 0.607205 -0.545800 
0.838882 0.382064 -0.647962 
0.868473 0.371882 -0.639151 
0.746564 0.371172 -0.723045 
0.746109 0.370634 -0.723954 
0.146607 0.865523 -0.580425 
0.120605 0.870074 -0.593072 
0.346130 0.958906 -0.340222 
0.359446 0.981384 -0.306065 
0.493339 0.991518 -0.203487 
0.492989 0.991679 -0.203546 
-0.045629 0.961437 -0.604447 
-0.064910 0.998035 -0.576754 
0.655139 0.819063 -0.285616 
0.656419 0.816332 -0.287791 
0.617717 0.957066 -0.157145 
0.700307 0.949900 -0.108841 
0.700273 0.770127 -0.309452 
0.727101 0.741040 -0.323619 
0.764630 0.748991 -0.289165 
0.799885 0.737413 -0.278052 
0.752076 0.643555 -0.415366 
0.776414 0.627937 -0.416203 
0.728554 0.802939 -0.253563 
0.728881 0.803318 -0.252917 
-0.019563 0.995755 -0.548386 
0.026260 1.056085 -0.449836 
0.179433 0.392627 -1.085699 
0.196901 0.373892 -1.094695 
0.076960 0.482678 -1.055073 
0.058417 0.496105 -1.052731 
0.359031 1.000771 -0.284716 
0.366334 1.024469 -0.253296 
0.038848 0.995787 -0.508534 
0.098900 0.995820 -0.467562 
0.681883 0.939014 -0.133546 
0.734722 0.924149 -0.114114 
0.243764 0.369356 -1.067812 
0.264975 0.361683 -1.061914 
-0.020472 0.819958 -0.745157 
-0.035654 0.790914 -0.787913 
0.294865 1.018829 -0.308307 
0.250036 1.031444 -0.324789 
0.795764 0.512887 -0.531383 
0.862477 0.510269 -0.488829 
0.228196 0.962503 -0.416600 
0.214582 0.978135 -0.408438 
0.788462 0.799895 -0.216122 
0.788799 0.799878 -0.215912 
0.170404 1.002856 -0.410970 
0.129296 1.031558 -0.406966 
0.828137 0.542709 -0.476041 
0.831660 0.545955 -0.470018 
0.062018 0.943908 -0.550626 
0.069639 0.926843 -0.564472 
-0.020788 0.772872 -0.797910 
-0.020886 0.758295 -0.814242 
