-0.483331 0.546682 -0.687408 
-0.544003 0.405401 -0.775326 
-0.457460 0.655567 -0.604948 
-0.451806 0.835468 -0.442602 
-0.442729 0.711208 -0.563874 
-0.386544 0.923426 -0.407214 
-0.493303 0.724263 -0.516209 
-0.708868 0.779906 -0.313044 
-0.541187 0.546611 -0.646754 
-0.575492 0.546569 -0.622648 
-0.601973 0.538383 -0.611578 
-0.905078 0.497353 -0.436180 
-0.468254 0.501569 -0.739728 
-0.402858 0.305898 -0.966662 
-0.630767 0.482136 -0.643315 
-0.744678 0.259615 -0.768871 
-0.405390 0.766060 -0.539441 
-0.326513 0.881931 -0.487829 
-0.410711 0.500931 -0.780818 
-0.056370 0.497004 -1.033843 
-0.682893 0.434874 -0.650323 
-0.836657 0.295461 -0.670993 
-0.641481 0.410362 -0.702132 
-0.596568 0.383778 -0.758321 
-0.620858 0.368555 -0.755300 
-0.610894 0.348355 -0.780988 
-0.535671 0.747732 -0.464691 
-0.682676 0.829165 -0.285937 
-0.629157 0.314178 -0.799732 
-0.654983 0.144961 -0.938003 
-0.558057 0.389373 -0.780253 
-0.556175 0.389997 -0.781000 
-0.743553 0.427087 -0.614829 
-0.815333 0.417871 -0.572828 
-0.576201 0.773180 -0.412637 
-0.645123 0.816455 -0.324119 
-0.353693 0.813693 -0.531787 
-0.225816 0.931519 -0.512855 
-0.636548 0.569602 -0.558381 
-0.694742 0.622147 -0.468842 
-0.515883 0.365689 -0.831832 
-0.498685 0.356031 -0.852866 
-0.521125 0.817474 -0.410450 
-0.481758 0.849134 -0.408886 
-0.361942 0.550767 -0.769068 
-0.334410 0.578901 -0.762434 
-0.472803 0.418591 -0.813244 
-0.461466 0.432512 -0.808352 
-0.344944 0.606714 -0.729306 
-0.329894 0.656251 -0.694100 
-0.290791 0.652025 -0.725528 
-0.206649 0.722429 -0.719658 
-0.348967 0.867125 -0.485714 
-0.337062 1.001720 -0.369654 
-0.307416 0.544115 -0.813595 
-0.020084 0.509063 -1.048232 
-0.663265 0.258611 -0.827100 
-0.728107 0.152973 -0.879129 
-0.493674 0.324914 -0.885162 
-0.463638 0.269767 -0.957288 
-0.633453 0.774462 -0.371157 
-0.776131 0.777654 -0.267785 
-0.279758 0.507201 -0.867189 
-0.255000 0.474157 -0.915165 
-0.228344 0.495407 -0.914280 
-0.085000 0.462525 -1.045569 
-0.290876 0.835540 -0.555802 
-0.159244 0.881318 -0.606124 
-0.785292 0.373641 -0.634865 
-0.842403 0.300512 -0.662279 
-0.231399 0.689774 -0.732430 
-0.043226 0.809373 -0.754296 
-0.174169 0.688445 -0.773938 
-0.033765 0.685184 -0.875772 
-0.676946 0.721740 -0.389289 
-0.740238 0.645020 -0.415674 
-0.231212 0.872718 -0.563421 
-0.226210 0.875835 -0.564060 
-0.167267 0.504696 -0.948679 
-0.131892 0.510076 -0.968603 
-0.734751 0.721785 -0.348563 
-0.802914 0.721838 -0.300539 
-0.310374 0.921631 -0.462483 
-0.230078 1.035037 -0.414149 
-0.123755 0.557409 -0.930568 
-0.064947 0.628653 -0.906091 
-0.288538 0.977975 -0.425760 
-0.269893 1.026082 -0.394406 
-0.459602 0.828571 -0.443491 
-0.452754 0.829806 -0.447169 
-0.792368 0.680885 -0.345824 
-0.933396 0.580776 -0.339121 
-0.111357 0.711221 -0.797089 
-0.039864 0.737145 -0.823440 
-0.060954 0.580635 -0.953296 
0.043899 0.619414 -0.991242 
-0.171473 0.877622 -0.600933 
-0.110312 0.882642 -0.639338 
-0.664314 0.606433 -0.504785 
-0.666482 0.609309 -0.500601 
-0.718616 0.214640 -0.828796 
-0.760331 0.181501 -0.830074 
-0.637586 0.824820 -0.321690 
-0.641431 0.871677 -0.275662 
-0.125710 0.655638 -0.838376 
-0.131264 0.634130 -0.854352 
-0.725277 0.572520 -0.493233 
-0.801459 0.530141 -0.478795 
-0.516186 0.653397 -0.565622 
-0.527846 0.652966 -0.557814 
-0.133069 0.932183 -0.577519 
-0.114573 0.958461 -0.566242 
-0.439455 0.317717 -0.929977 
-0.325023 0.302527 -1.024560 
-0.163062 0.454367 -0.998170 
-0.159038 0.406199 -1.045536 
-0.813032 0.317325 -0.667407 
-0.844881 0.252666 -0.704771 
-0.786825 0.540542 -0.479479 
-0.833650 0.516214 -0.469015 
-0.112928 0.988429 -0.539693 
-0.112363 0.990006 -0.538632 
0.001388 0.596125 -0.982852 
0.038933 0.605454 -1.000653 
-0.116373 0.436011 -1.048002 
-0.101196 0.430043 -1.064201 
-0.637980 0.219953 -0.880637 
-0.617865 0.189200 -0.923227 
-0.753631 0.764681 -0.295615 
-0.759054 0.777002 -0.280408 
-0.144988 0.839834 -0.654511 
-0.140284 0.833123 -0.664025 
0.028092 0.558498 -1.036435 
0.049011 0.529021 -1.078411 
-0.056499 0.755763 -0.794519 
-0.013493 0.790681 -0.792503 
-0.840745 0.494987 -0.483646 
-0.891877 0.451788 -0.487598 
-0.687294 0.313449 -0.759488 
-0.694173 0.313362 -0.754726 
-0.729371 0.159713 -0.872008 
-0.737151 0.119982 -0.903266 
-0.396572 0.664159 -0.639859 
-0.372966 0.667490 -0.653394 
-0.495859 0.873873 -0.376089 
-0.493805 0.878457 -0.373296 
-0.169210 0.741943 -0.727967 
-0.167341 0.762110 -0.710637 
0.025958 0.505859 -1.083600 
0.025771 0.501260 -1.087721 
-0.855019 0.655121 -0.325549 
-0.855630 0.654870 -0.325351 
-0.902828 0.481126 -0.452766 
-0.914802 0.478453 -0.446810 
-0.007414 0.740583 -0.843101 
0.001807 0.737731 -0.852227 
-0.348063 0.973682 -0.387834 
-0.394648 0.970322 -0.358153 
-0.204757 0.772280 -0.674900 
-0.214851 0.780895 -0.659831 
-0.899298 0.602758 -0.342796 
-0.914094 0.585261 -0.348559 
-0.575780 0.855786 -0.336561 
-0.567983 0.859693 -0.338437 
-0.217862 0.409760 -1.000842 
-0.240764 0.391118 -1.001958 
-0.409400 0.963370 -0.354198 
-0.436589 0.958799 -0.339287 
-0.091578 0.831240 -0.700047 
-0.075210 0.828606 -0.714003 
-0.393477 0.298468 -0.980133 
-0.383066 0.294110 -0.991490 
-0.614159 0.655291 -0.494915 
-0.603826 0.665357 -0.492882 
-0.576784 0.253146 -0.893020 
-0.562294 0.261005 -0.895952 
-0.753895 0.320559 -0.706039 
-0.747675 0.320899 -0.710102 
-0.031622 0.506415 -1.042560 
-0.049601 0.506589 -1.029745 
-0.856246 0.439234 -0.524283 
-0.865738 0.405091 -0.549168 
-0.341494 0.708449 -0.637676 
-0.336569 0.712409 -0.637481 
-0.226948 1.009798 -0.439687 
-0.197235 1.025151 -0.446405 
-0.165583 0.601529 -0.860339 
-0.167446 0.599000 -0.861365 
-0.780970 0.186468 -0.810956 
-0.791264 0.181817 -0.808011 
