-0.542490 0.738059 0.407397 
-0.447659 0.733628 0.575160 
-0.485454 0.769931 0.434434 
-0.450942 0.789216 0.450794 
-0.596592 0.755540 0.279709 
-0.708107 0.847078 -0.102196 
-0.629908 0.693663 0.356438 
-0.814459 0.532283 0.393544 
-0.567553 0.800024 0.233041 
-0.402500 1.052860 -0.032208 
-0.647926 0.653669 0.411899 
-0.653804 0.640622 0.429991 
-0.683825 0.669847 0.317378 
-1.055260 0.505784 0.048290 
-0.629317 0.637235 0.478108 
-0.542271 0.560365 0.787798 
-0.628307 0.607936 0.542455 
-0.625687 0.531901 0.709443 
-0.431059 0.794723 0.472204 
-0.113987 0.939234 0.692370 
-0.386353 0.842307 0.445055 
-0.183481 1.058241 0.321854 
-0.342364 0.889879 0.416737 
-0.323066 0.910748 0.404314 
-0.397912 0.791427 0.534578 
-0.291114 0.780809 0.735547 
-0.343914 0.815405 0.573426 
-0.227330 0.867174 0.657301 
-0.614744 0.787059 0.182003 
-0.628005 0.783415 0.167661 
-0.610671 0.819543 0.119327 
-0.601264 0.894563 -0.025420 
-0.562534 0.866910 0.098370 
-0.355063 1.071063 0.008041 
-0.735758 0.649677 0.273834 
-0.965117 0.560595 0.081526 
-0.571643 0.890651 0.032390 
-0.588807 0.935392 -0.091947 
-0.504340 0.729533 0.489310 
-0.510170 0.717064 0.506247 
-0.308914 0.935713 0.374542 
-0.265538 0.995149 0.319826 
-0.516269 0.934598 0.030828 
-0.507910 0.941231 0.030592 
-0.625329 0.867292 -0.007261 
-0.766321 0.805945 -0.111392 
-0.785557 0.602627 0.291338 
-0.939081 0.457580 0.345301 
-0.489566 0.978253 -0.017969 
-0.410508 1.107506 -0.162444 
-0.252793 0.964615 0.406402 
-0.130096 1.027805 0.476055 
-0.510096 0.839776 0.243926 
-0.440607 0.887852 0.257090 
-0.681741 0.824781 -0.010500 
-0.737545 0.782727 -0.013704 
-0.468012 0.949058 0.080448 
-0.378625 0.975843 0.172359 
-0.391432 0.874239 0.368284 
-0.408873 0.868680 0.351062 
-0.823218 0.601210 0.231508 
-0.983384 0.595184 -0.022940 
-0.245947 0.939261 0.472054 
-0.244721 0.934721 0.483811 
-0.682824 0.591713 0.486154 
-0.703022 0.574530 0.489192 
-0.869918 0.588915 0.179855 
-0.935946 0.571532 0.106825 
-0.432151 0.745384 0.575903 
-0.454466 0.715375 0.602836 
-0.739464 0.787127 -0.026317 
-0.892434 0.687343 -0.068234 
-0.441639 1.025649 -0.039339 
-0.426862 1.040262 -0.045927 
-0.300822 0.823067 0.628964 
-0.209782 0.839256 0.746300 
-0.476810 0.913823 0.141120 
-0.477299 0.911863 0.144495 
-0.410689 0.982180 0.105289 
-0.353776 1.015065 0.129952 
-0.534713 0.968011 -0.071419 
-0.581432 0.957412 -0.126730 
-0.740027 0.551008 0.477733 
-0.745637 0.547016 0.476907 
-0.388046 0.906306 0.305354 
-0.386899 0.917175 0.284023 
-0.733700 0.525290 0.543296 
-0.728760 0.505212 0.594482 
-0.796132 0.522151 0.445803 
-0.835577 0.501863 0.423355 
-0.906312 0.542356 0.218685 
-0.957575 0.476776 0.273377 
-0.721442 0.503872 0.609561 
-0.671586 0.416755 0.879096 
-0.308549 0.788438 0.690129 
-0.319871 0.737695 0.779755 
-0.700248 0.489586 0.675491 
-0.639543 0.448668 0.864327 
-0.362303 0.743079 0.697416 
-0.385544 0.723468 0.700567 
-0.366495 1.029757 0.077301 
-0.314159 1.086098 0.044158 
-0.315940 1.047666 0.123382 
-0.257720 1.068289 0.176449 
-0.828755 0.636280 0.147264 
-0.822189 0.643834 0.142065 
-0.853152 0.480924 0.438802 
-0.915907 0.435550 0.431097 
-0.198486 0.952600 0.522745 
-0.033667 0.998922 0.698777 
-0.919272 0.572852 0.131833 
-0.951971 0.562209 0.100016 
-0.406610 0.695500 0.725220 
-0.457216 0.641156 0.756978 
-0.558091 0.980424 -0.136989 
-0.565810 0.984522 -0.158635 
-0.755870 0.445929 0.676021 
-0.798035 0.412834 0.676424 
-0.672737 0.706341 0.257835 
-0.670250 0.714527 0.244480 
-0.686454 0.469337 0.741821 
-0.666236 0.439656 0.839046 
-0.914346 0.605848 0.069487 
-0.908525 0.644835 -0.004181 
-0.846735 0.455269 0.504381 
-0.841491 0.434307 0.557964 
-0.212222 0.914713 0.580847 
-0.213545 0.911063 0.586444 
-0.440583 0.649526 0.766840 
-0.484823 0.589658 0.821037 
-0.417333 1.068383 -0.090162 
-0.388225 1.119556 -0.151024 
-0.864952 0.502684 0.372566 
-0.867998 0.508300 0.355472 
-0.724857 0.422378 0.778154 
-0.776170 0.359632 0.826702 
-0.754420 0.748621 0.031073 
-0.757483 0.740735 0.042825 
-0.155014 0.947296 0.606647 
-0.102502 0.977205 0.630331 
-0.269869 1.059117 0.175788 
-0.256505 1.062439 0.190990 
-0.920725 0.474716 0.339291 
-0.928279 0.470928 0.334784 
-0.250613 1.043214 0.241942 
-0.244912 1.038506 0.261525 
-0.734935 0.819886 -0.088818 
-0.732774 0.835514 -0.118635 
-0.719952 0.746667 0.092782 
-0.716428 0.746468 0.099090 
-0.101244 0.970821 0.646085 
-0.032320 1.000975 0.696635 
-0.739706 0.705874 0.147056 
-0.745853 0.693179 0.163946 
-0.633109 0.891986 -0.073061 
-0.635597 0.899882 -0.094101 
-0.375974 1.053230 0.011277 
-0.377408 1.056783 0.001285 
-0.629757 0.499986 0.770908 
-0.619302 0.505637 0.776272 
-0.449170 0.837101 0.351339 
-0.473438 0.821492 0.344217 
-0.577518 0.626217 0.588130 
-0.523912 0.645512 0.636338 
-0.658402 0.563102 0.588108 
-0.660977 0.559267 0.592012 
-0.849964 0.557538 0.280267 
-0.856903 0.546209 0.292916 
-0.809974 0.721204 -0.003016 
-0.815884 0.718287 -0.006643 
-0.904438 0.419366 0.484854 
-0.917013 0.411541 0.480598 
-0.179117 0.904644 0.657636 
-0.192697 0.880614 0.686363 
-0.852371 0.421852 0.566442 
-0.853645 0.414299 0.580469 
-0.817371 0.672933 0.087875 
-0.816736 0.674977 0.084563 
-0.575175 0.525173 0.808143 
-0.532878 0.544692 0.836999 
-0.354550 0.952153 0.263210 
-0.338013 0.974788 0.242404 
-0.361856 1.112212 -0.091303 
-0.357627 1.115553 -0.091390 
