0.011487 -0.928186 -0.371939 
-0.047132 -0.912008 -0.407456 
0.051330 -0.870318 -0.489809 
0.100473 -0.841618 -0.530645 
-0.114611 -0.900388 -0.419720 
0.169446 -0.833520 -0.525864 
0.066027 -0.810402 -0.582142 
-0.125358 -0.926018 -0.356056 
-0.168699 -0.875207 -0.453380 
0.193588 -0.862639 -0.467308 
0.257821 -0.858237 -0.443799 
0.057241 -0.945214 -0.321395 
0.030041 -0.964921 -0.260816 
-0.178999 -0.840499 -0.511391 
0.266556 -0.885325 -0.380983 
-0.167478 -0.937671 -0.304508 
0.064148 -0.769326 -0.635627 
-0.008124 -0.978444 -0.206354 
0.320343 -0.836064 -0.445396 
-0.233342 -0.866748 -0.440793 
-0.223363 -0.936298 -0.271026 
-0.220147 -0.806136 -0.549254 
0.315640 -0.887391 -0.336019 
0.363355 -0.799796 -0.477807 
-0.018701 -0.989596 -0.142653 
-0.237970 -0.948420 -0.209450 
0.046031 -0.991140 -0.124591 
-0.002024 -0.820476 -0.571677 
-0.264255 -0.771905 -0.578214 
0.212466 -0.912797 -0.348798 
-0.037854 -0.995829 -0.083012 
0.258706 -0.824335 -0.503531 
-0.297004 -0.928751 -0.221834 
0.095731 -0.729506 -0.677242 
0.176569 -0.794298 -0.581303 
-0.017382 -0.999530 -0.025262 
0.227119 -0.760911 -0.607808 
0.299774 -0.913343 -0.275573 
0.271316 -0.723797 -0.634433 
-0.317109 -0.744905 -0.586991 
0.357259 -0.899237 -0.252465 
0.321298 -0.737942 -0.593473 
0.276001 -0.680622 -0.678658 
-0.046763 -0.998599 0.024773 
0.363375 -0.843441 -0.395684 
0.410468 -0.764599 -0.496895 
-0.068591 -0.968943 -0.237582 
0.442975 -0.779224 -0.443378 
-0.107512 -0.994160 0.009331 
0.112294 -0.986824 -0.116482 
-0.241008 -0.738806 -0.629349 
-0.351023 -0.766870 -0.537302 
-0.347985 -0.916748 -0.196163 
0.320191 -0.645226 -0.693658 
0.407871 -0.885606 -0.222132 
0.046070 -0.702376 -0.710314 
0.287931 -0.933622 -0.213179 
0.134615 -0.989158 -0.058695 
0.101816 -0.676163 -0.729683 
-0.208133 -0.707472 -0.675399 
-0.314526 -0.906871 -0.280460 
0.040726 -0.658036 -0.751884 
-0.361187 -0.878740 -0.312024 
-0.069104 -0.828669 -0.555456 
-0.386472 -0.730140 -0.563503 
0.381061 -0.909073 -0.168461 
0.459743 -0.863276 -0.208305 
0.178872 -0.938945 -0.293916 
-0.386171 -0.783070 -0.487517 
-0.154690 -0.734566 -0.660670 
0.236011 -0.652858 -0.719774 
0.416119 -0.900813 -0.124020 
0.086165 -0.996108 -0.018553 
0.488448 -0.857638 -0.160859 
-0.016672 -0.862425 -0.505910 
-0.018379 -0.677832 -0.734987 
0.142758 -0.762590 -0.630934 
0.150490 -0.912921 -0.379378 
-0.368884 -0.698373 -0.613351 
-0.098619 -0.989258 -0.107904 
0.087734 -0.625839 -0.775002 
0.178940 -0.723037 -0.667231 
0.365080 -0.701079 -0.612540 
-0.001999 -0.760475 -0.649364 
0.222432 -0.611407 -0.759411 
-0.436656 -0.717318 -0.542942 
-0.083071 -0.674572 -0.733520 
0.477827 -0.838120 -0.263129 
-0.157400 -0.986847 0.036843 
-0.267440 -0.882923 -0.385905 
