-0.619794 -0.284533 0.734776 
-0.509625 -0.037031 0.957285 
-0.610446 -0.397713 0.688607 
-0.516336 -0.586297 0.684763 
-0.556243 -0.418759 0.728845 
-0.397044 -0.480574 0.847028 
-0.643371 -0.436236 0.639292 
-0.788045 -0.605507 0.422599 
-0.502651 -0.428732 0.773883 
-0.361302 -0.455034 0.892671 
-0.694264 -0.298397 0.658754 
-0.916008 -0.145374 0.526584 
-0.619030 -0.501981 0.630071 
-0.595317 -0.566029 0.621088 
-0.448465 -0.446506 0.815692 
-0.257608 -0.509113 0.962951 
-0.643050 -0.218561 0.745117 
-0.761959 0.118759 0.797989 
-0.621372 -0.168160 0.789724 
-0.570797 -0.050574 0.893793 
-0.662252 -0.524601 0.578883 
-0.970691 -0.686019 0.213598 
-0.633346 -0.101730 0.810786 
-0.657985 0.034960 0.854122 
-0.748323 -0.283451 0.615693 
-0.943655 -0.229445 0.460099 
-0.566742 -0.290813 0.781102 
-0.519264 -0.296434 0.822560 
-0.792206 -0.304783 0.564514 
-0.930795 -0.372153 0.402884 
-0.685905 -0.098132 0.763619 
-0.711973 -0.096348 0.740225 
-0.569379 -0.545668 0.655097 
-0.514694 -0.593784 0.682661 
-0.736959 -0.058081 0.735525 
-0.946562 0.106351 0.620184 
-0.663837 -0.587623 0.546856 
-0.668522 -0.773793 0.452244 
-0.602658 -0.060488 0.859338 
-0.563266 -0.007550 0.921659 
-0.427843 -0.512884 0.802703 
-0.367420 -0.707372 0.764648 
-0.791158 -0.036830 0.695389 
-0.934961 0.019552 0.588900 
-0.415092 -0.579385 0.782330 
-0.398325 -0.666834 0.755539 
-0.833725 0.018123 0.682417 
-0.887885 0.088044 0.665913 
-0.409698 -0.416188 0.866466 
-0.337892 -0.360031 0.960512 
-0.790196 -0.369101 0.535204 
-0.789417 -0.394000 0.523857 
-0.833573 0.081695 0.713377 
-0.833388 0.159712 0.751372 
-0.620874 -0.642123 0.560416 
-0.559845 -0.719539 0.579679 
-0.819564 -0.080648 0.647712 
-0.844964 -0.119829 0.605081 
-0.884645 0.014885 0.633462 
-0.898349 0.014013 0.620286 
-0.873018 0.139754 0.704816 
-0.888132 0.162000 0.701536 
-0.917466 -0.023769 0.584180 
-1.021400 -0.146173 0.428119 
-0.615511 0.006021 0.879619 
-0.628921 0.075410 0.900779 
-0.548541 -0.076462 0.901954 
-0.428427 -0.111918 0.996543 
-0.843408 -0.361830 0.489209 
-1.000715 -0.340336 0.353241 
-0.828737 -0.428443 0.470569 
-0.823424 -0.452568 0.463818 
-0.736365 -0.121922 0.705128 
-0.736201 -0.139437 0.696789 
-0.502517 -0.059647 0.952936 
-0.319436 0.007243 1.155737 
-0.657951 -0.675001 0.509974 
-0.721301 -0.731177 0.423787 
-0.843728 -0.266163 0.535291 
-0.878802 -0.239871 0.515396 
-0.362670 -0.465023 0.886555 
-0.360938 -0.466821 0.887295 
-0.880834 -0.427018 0.422779 
-0.979093 -0.424331 0.332642 
-0.897679 -0.240212 0.497664 
-0.941546 -0.219112 0.467071 
-0.472157 -0.123452 0.950257 
-0.426008 -0.220440 0.946184 
-0.706076 -0.686717 0.459509 
-0.862789 -0.724869 0.295177 
-0.516409 -0.285560 0.830488 
-0.463888 -0.280079 0.882021 
-0.473728 -0.340385 0.843628 
-0.470435 -0.344615 0.844642 
-0.759238 -0.679764 0.413407 
-0.898507 -0.661552 0.292634 
-0.423354 -0.639252 0.745619 
-0.432339 -0.704355 0.705696 
-0.786391 -0.483641 0.483217 
-0.757178 -0.521719 0.491943 
-0.962299 0.028383 0.567741 
-0.972089 0.039770 0.564151 
-0.361006 -0.603503 0.820970 
-0.292646 -0.633986 0.869808 
-0.848551 -0.123829 0.599804 
-0.862257 -0.144245 0.577151 
-0.451283 -0.683585 0.698137 
-0.453968 -0.687847 0.693572 
-0.739250 -0.349495 0.592118 
-0.738670 -0.353723 0.590609 
-0.413488 -0.743008 0.704500 
-0.406285 -0.754333 0.705713 
-0.425295 -0.108579 1.001077 
-0.303875 -0.070043 1.132751 
-0.383837 -0.082723 1.052192 
-0.300575 -0.030796 1.154849 
-0.312209 -0.593605 0.871179 
-0.296340 -0.590386 0.887507 
-0.422905 -0.802229 0.667028 
-0.426109 -0.822377 0.654279 
-0.396571 -0.359249 0.906285 
-0.386520 -0.315656 0.936772 
-0.948942 -0.064076 0.535348 
-0.969238 -0.090065 0.503861 
-0.360819 -0.777323 0.736879 
-0.283872 -0.827456 0.784182 
-0.933681 -0.421907 0.376077 
-0.970132 -0.418382 0.343865 
-0.472911 -0.759387 0.641261 
-0.481566 -0.751971 0.636802 
-0.317661 -0.831596 0.750731 
-0.291145 -0.864940 0.759242 
-0.956337 -0.471437 0.330983 
-0.965739 -0.491993 0.312267 
-0.468891 -0.022021 1.002469 
-0.452842 -0.004063 1.026109 
-0.397971 -0.016133 1.071321 
-0.401245 -0.000704 1.075753 
-0.669022 0.035777 0.844247 
-0.702976 0.054658 0.821803 
-0.322360 -0.437201 0.937555 
-0.292008 -0.416253 0.975957 
-0.800737 -0.171284 0.621294 
-0.791985 -0.179970 0.625227 
-0.333713 -0.125275 1.078209 
-0.296739 -0.156663 1.097400 
-0.488664 -0.241032 0.877895 
-0.475045 -0.219174 0.901165 
-0.375235 -0.686137 0.767670 
-0.373303 -0.688019 0.768555 
-0.706610 0.095359 0.838153 
-0.720699 0.117691 0.835868 
-0.809802 -0.684245 0.364181 
-0.871742 -0.689734 0.303879 
-0.959591 -0.122574 0.497078 
-0.961997 -0.135791 0.488432 
-0.274733 -0.561318 0.921707 
-0.264994 -0.552928 0.934837 
-0.273824 -0.426583 0.987870 
-0.268572 -0.425434 0.993315 
-0.613488 0.068866 0.911968 
-0.612780 0.090863 0.923291 
-0.733740 -0.745230 0.405399 
-0.726789 -0.763074 0.403216 
-0.915169 -0.527876 0.341933 
-0.895345 -0.555053 0.347205 
-0.522029 -0.531978 0.705798 
-0.516445 -0.530364 0.711777 
-0.954660 0.088585 0.604035 
-0.953722 0.095980 0.608493 
-0.773862 -0.550123 0.462646 
-0.769784 -0.571766 0.455949 
-0.515865 0.026904 0.982473 
-0.517634 0.028747 0.981720 
-0.311795 -0.191478 1.066511 
-0.296141 -0.238764 1.058155 
-1.008600 0.101904 0.560296 
-1.054812 0.113315 0.522823 
