-0.328965 -0.870812 0.372113 
-0.356302 -0.949430 0.200252 
-0.379444 -0.809714 0.453195 
-0.834457 -0.569550 0.584160 
-0.255126 -0.850653 0.465080 
0.008915 -0.887755 0.586614 
-0.446295 -0.792053 0.438394 
-0.478677 -0.783498 0.431224 
-0.273229 -0.905516 0.345861 
0.071939 -1.120434 0.183286 
-0.363070 -0.888609 0.312782 
-0.444922 -0.931323 0.170385 
-0.510512 -0.763566 0.446432 
-0.757540 -0.653982 0.477352 
-0.534944 -0.725995 0.501127 
-0.651675 -0.546485 0.762455 
-0.209474 -0.934585 0.336361 
-0.163410 -0.955588 0.329497 
-0.591182 -0.726877 0.458272 
-0.645030 -0.727722 0.417239 
-0.192260 -0.858167 0.496566 
-0.153263 -0.862828 0.516097 
-0.231472 -0.958721 0.273643 
-0.244762 -0.973303 0.235753 
-0.619215 -0.748031 0.396899 
-0.685824 -0.798294 0.251073 
-0.393673 -0.908389 0.252183 
-0.560791 -1.016403 -0.078739 
-0.444699 -0.872069 0.285003 
-0.490241 -0.839652 0.314295 
-0.637925 -0.773658 0.333708 
-0.696342 -0.853674 0.136406 
-0.144235 -0.961519 0.332071 
0.117338 -1.069510 0.314870 
-0.509959 -0.859975 0.260613 
-0.531165 -0.856045 0.252687 
-0.204310 -0.822588 0.556474 
-0.226026 -0.758465 0.664445 
-0.254066 -0.785945 0.590847 
-0.331896 -0.728626 0.644615 
-0.654020 -0.696801 0.470389 
-0.691822 -0.678708 0.477678 
-0.534777 -0.882758 0.198444 
-0.656118 -0.994155 -0.105516 
-0.239410 -0.758601 0.654389 
-0.224664 -0.731088 0.718322 
-0.492688 -0.920631 0.156086 
-0.445758 -0.962859 0.108857 
-0.191509 -0.750174 0.705716 
-0.105990 -0.735129 0.797351 
-0.137294 -0.842249 0.567534 
-0.009529 -0.879731 0.588619 
-0.146820 -0.739297 0.759424 
0.020652 -0.698536 0.960699 
-0.252628 -0.983248 0.210787 
-0.281728 -1.016985 0.124329 
-0.084790 -0.964265 0.370265 
0.068889 -0.971362 0.469003 
-0.720197 -0.671893 0.470080 
-0.753218 -0.659464 0.469926 
-0.527982 -0.789732 0.383106 
-0.529796 -0.792450 0.376528 
-0.646836 -0.666625 0.533933 
-0.639811 -0.637114 0.596077 
-0.037879 -0.955061 0.422367 
0.032391 -0.941274 0.500415 
-0.002811 -0.937834 0.481303 
0.040708 -0.916456 0.554439 
-0.630690 -0.639897 0.597375 
-0.608832 -0.603717 0.683254 
-0.475429 -0.728826 0.539205 
-0.427830 -0.731091 0.569659 
-0.192267 -1.015408 0.192835 
-0.121156 -1.053294 0.171685 
-0.130445 -1.046430 0.178149 
-0.036107 -1.093767 0.155738 
-0.302269 -0.728546 0.666449 
-0.307396 -0.726094 0.667433 
-0.538267 -0.930848 0.103000 
-0.595030 -0.943573 0.036887 
0.044576 -0.929001 0.533038 
0.059509 -0.926217 0.549341 
-0.600462 -0.924379 0.069987 
-0.704566 -0.913550 0.014730 
-0.071977 -1.048005 0.217886 
-0.033727 -1.049036 0.243883 
0.091100 -0.966299 0.495033 
0.172776 -1.031780 0.428314 
-0.180567 -0.701128 0.808458 
-0.234004 -0.640688 0.886104 
-0.584622 -0.630048 0.650108 
-0.524618 -0.617219 0.718793 
0.050202 -0.898287 0.596481 
0.061714 -0.835437 0.726306 
-0.173117 -0.671046 0.872016 
-0.166296 -0.643499 0.930217 
-0.090707 -1.084479 0.133729 
-0.080009 -1.094722 0.121770 
-0.008161 -1.077001 0.208572 
0.056263 -1.106273 0.199170 
-0.239685 -0.654931 0.854437 
-0.243594 -0.653985 0.853404 
-0.106117 -0.691855 0.880847 
0.039454 -0.737065 0.900033 
-0.128629 -1.099955 0.076088 
-0.135170 -1.102624 0.066146 
-0.675261 -0.602304 0.637377 
-0.710629 -0.572474 0.669119 
-0.741494 -0.587487 0.617534 
-0.786055 -0.577519 0.604184 
-0.619745 -0.810380 0.276079 
-0.611943 -0.826139 0.251347 
-0.670883 -0.571173 0.700714 
-0.668585 -0.554832 0.733960 
-0.041288 -0.702977 0.906798 
0.042917 -0.717424 0.940506 
-0.517634 -0.649058 0.662405 
-0.453327 -0.667306 0.674209 
-0.135098 -0.784579 0.680535 
-0.106617 -0.801949 0.667822 
0.092546 -0.999233 0.432477 
0.094540 -1.044645 0.346218 
-0.238528 -1.025110 0.140245 
-0.257639 -1.029118 0.118520 
-0.659523 -0.891369 0.090535 
-0.701157 -0.868099 0.105019 
-0.031417 -1.117349 0.113620 
-0.009510 -1.129494 0.106189 
-0.485689 -0.834103 0.328344 
-0.488737 -0.831280 0.331568 
-0.647464 -0.933512 0.017954 
-0.670782 -0.938043 -0.007859 
-0.459711 -0.682715 0.639775 
-0.446684 -0.690284 0.634686 
-0.192019 -1.091571 0.045900 
-0.224060 -1.087333 0.030641 
-0.745743 -0.618662 0.554209 
-0.746169 -0.621791 0.547853 
-0.319692 -0.772937 0.567955 
-0.345477 -0.767826 0.558960 
-0.283984 -0.617302 0.894706 
-0.289557 -0.612569 0.899772 
-0.339357 -0.619074 0.850767 
-0.345142 -0.619259 0.846176 
0.056542 -1.087856 0.234948 
0.174932 -1.107718 0.283210 
-0.426225 -0.944670 0.158283 
-0.423037 -0.945824 0.158388 
-0.812618 -0.600816 0.539747 
-0.842258 -0.592907 0.533337 
-0.080030 -0.761942 0.764553 
-0.058439 -0.769263 0.766211 
-0.403112 -0.610052 0.821544 
-0.416061 -0.608219 0.815609 
-0.341025 -0.944233 0.221468 
-0.333975 -0.949034 0.217355 
-0.302825 -1.015074 0.112582 
-0.324062 -1.011760 0.103446 
-0.468193 -0.598372 0.796485 
-0.519190 -0.589220 0.776849 
-0.015940 -0.873283 0.596383 
-0.027229 -0.869015 0.596366 
-0.013034 -0.781091 0.776587 
0.086741 -0.809609 0.794507 
0.157193 -0.991433 0.494845 
0.166947 -0.995143 0.494818 
-0.316022 -1.043004 0.048976 
-0.325299 -1.062638 0.004264 
-0.382890 -1.025219 0.034403 
-0.400841 -1.020444 0.030491 
0.104372 -1.124917 0.198359 
0.144757 -1.156209 0.167466 
-0.171524 -0.919127 0.393988 
-0.169030 -0.918111 0.397775 
-0.434094 -1.030897 -0.014031 
-0.448778 -1.032525 -0.027920 
-0.634670 -0.969245 -0.041707 
-0.629700 -0.983125 -0.064881 
-0.735092 -0.699139 0.406552 
-0.740930 -0.709819 0.381651 
0.052780 -0.806892 0.774907 
0.065236 -0.811775 0.774589 
0.149854 -1.033208 0.408783 
0.195823 -1.060461 0.389778 
-0.489928 -0.622631 0.733723 
-0.490879 -0.623692 0.730977 
-0.412634 -0.758946 0.526974 
-0.407014 -0.761641 0.525879 
