0.910375 -0.348043 -0.223792 
0.893982 -0.406388 -0.188797 
0.875461 -0.459618 -0.149395 
0.956335 -0.235869 -0.172597 
0.877747 -0.472008 -0.082264 
0.971894 -0.168027 -0.164893 
0.845472 -0.528919 -0.073627 
0.901151 -0.323070 -0.289053 
0.846799 -0.491577 -0.203181 
0.985695 -0.125424 -0.112580 
0.822419 -0.502800 -0.266119 
0.994767 -0.076328 -0.067919 
0.999108 -0.019375 -0.037534 
0.999551 -0.013824 0.026571 
0.787674 -0.528604 -0.316461 
0.890143 -0.291256 -0.350451 
0.984725 -0.164944 -0.055772 
0.996323 0.031594 -0.079644 
0.906785 -0.418555 -0.050523 
0.776015 -0.504739 -0.378204 
0.996783 0.072648 -0.033841 
0.995478 -0.047162 0.082453 
0.988447 0.056609 -0.140599 
0.889546 -0.235332 -0.391570 
0.821040 -0.569957 -0.032276 
0.926042 -0.377420 0.000913 
0.893603 -0.170999 -0.415009 
0.981234 -0.088762 -0.171177 
0.794357 -0.601725 -0.083213 
0.976312 0.081513 -0.200424 
0.898037 -0.104871 -0.427237 
0.960193 0.104775 -0.258945 
0.987337 -0.083220 0.135053 
0.968860 -0.071652 -0.237014 
0.740297 -0.517395 -0.429259 
0.913538 -0.387278 -0.124355 
0.986284 -0.030587 0.162196 
0.812622 -0.582096 0.028448 
0.825552 -0.557708 0.086171 
0.732842 -0.479905 -0.482322 
0.862009 -0.442103 -0.247962 
0.720695 -0.568969 -0.396071 
0.972498 -0.005417 -0.232849 
0.986961 0.029457 0.158243 
0.921840 -0.255735 -0.291224 
0.936314 -0.313329 -0.158558 
0.981963 -0.144695 0.121701 
0.800561 -0.585163 0.129174 
0.691520 -0.505739 -0.515780 
0.778315 -0.627867 0.003109 
0.934640 -0.350261 0.061362 
0.890984 -0.045348 -0.451764 
0.757962 -0.642091 -0.114943 
0.870827 -0.002777 -0.491582 
0.679467 -0.596089 -0.427788 
0.650463 -0.525897 -0.548023 
0.846005 0.031728 -0.532230 
0.989945 0.128496 -0.059145 
0.983195 0.086128 0.160963 
0.855975 -0.413075 -0.310928 
0.978149 0.129767 -0.162437 
0.967629 -0.198151 0.156302 
0.689236 -0.460128 -0.559675 
0.942658 -0.330661 -0.045379 
0.979581 0.140829 0.143483 
0.640396 -0.610706 -0.465758 
0.780536 -0.599376 0.177516 
0.945691 0.156600 -0.284858 
0.821822 -0.013541 -0.569584 
0.858872 0.086254 -0.504875 
0.943796 0.085588 -0.319254 
0.919343 -0.375389 0.117863 
0.875871 -0.482268 -0.016376 
0.924500 0.166852 -0.342724 
0.800295 0.028427 -0.598932 
0.899280 -0.403750 0.168172 
0.683947 -0.413688 -0.600898 
0.962751 -0.171660 0.208908 
0.987826 0.124953 0.092662 
0.766799 -0.578028 -0.279112 
0.762479 -0.606495 0.225365 
0.873229 0.134231 -0.468457 
0.792458 -0.591781 -0.147666 
0.987490 0.157436 -0.008821 
0.981019 -0.193819 0.005931 
0.805981 -0.072177 -0.587525 
0.862474 -0.178110 -0.473726 
0.838704 0.130759 -0.528657 
0.723352 -0.403131 -0.560577 
0.612169 -0.564564 -0.553639 
0.964929 -0.238919 0.108760 
0.857687 -0.315574 -0.405937 
0.913702 -0.352183 0.202771 
0.933615 0.034009 -0.356661 
