-0.316354 -0.684276 0.660823 
-0.287425 -0.762528 0.604419 
-0.389262 -0.584509 0.715419 
-0.712008 -0.309462 0.807417 
-0.300492 -0.593818 0.749724 
-0.195380 -0.490629 0.892961 
-0.444908 -0.600095 0.674669 
-0.634204 -0.653114 0.536043 
-0.414749 -0.529826 0.752301 
-0.458828 -0.435253 0.816087 
-0.280141 -0.548599 0.800134 
-0.226817 -0.430115 0.932222 
-0.279752 -0.496095 0.847496 
-0.279001 -0.394731 0.938932 
-0.455556 -0.478513 0.778791 
-0.553043 -0.355928 0.842075 
-0.503245 -0.611508 0.636373 
-0.553482 -0.621337 0.603395 
-0.522682 -0.657170 0.586003 
-0.598717 -0.835795 0.388963 
-0.254635 -0.718757 0.659508 
0.063045 -0.896236 0.652739 
-0.208942 -0.767933 0.637286 
-0.042006 -0.947597 0.556098 
-0.467360 -0.423928 0.822162 
-0.481240 -0.359737 0.873165 
-0.156867 -0.747600 0.680585 
-0.146372 -0.743502 0.689311 
-0.217089 -0.580567 0.801718 
-0.157731 -0.610661 0.803209 
-0.255335 -0.794575 0.591048 
-0.355866 -0.852307 0.490855 
-0.229887 -0.473156 0.892074 
-0.026913 -0.379783 1.073531 
-0.301509 -0.821437 0.544719 
-0.455087 -0.910779 0.390628 
-0.111625 -0.797002 0.657944 
0.067020 -0.992072 0.568541 
-0.164075 -0.480903 0.916747 
-0.053526 -0.493916 0.958191 
-0.587589 -0.629932 0.579279 
-0.718901 -0.574826 0.565675 
-0.465691 -0.697986 0.576724 
-0.463297 -0.699700 0.576334 
-0.522114 -0.464035 0.759808 
-0.626338 -0.441363 0.730082 
-0.584472 -0.467573 0.726656 
-0.646008 -0.471065 0.693941 
-0.107929 -0.723630 0.725645 
0.005224 -0.668206 0.829831 
-0.147339 -0.433993 0.966940 
-0.121439 -0.361394 1.044619 
-0.501068 -0.370513 0.853953 
-0.515104 -0.348271 0.867191 
-0.041406 -0.737299 0.745338 
0.115188 -0.769478 0.791694 
-0.450732 -0.752814 0.534651 
-0.442519 -0.782915 0.511553 
-0.155820 -0.675644 0.745741 
-0.169804 -0.661632 0.751609 
-0.650509 -0.458514 0.703054 
-0.655343 -0.457851 0.701326 
-0.530468 -0.316295 0.888536 
-0.535961 -0.306165 0.894998 
-0.070885 -0.848340 0.631399 
-0.061145 -0.860614 0.625053 
-0.010475 -0.884893 0.627592 
0.171336 -0.994905 0.616137 
-0.648876 -0.594731 0.581449 
-0.716222 -0.556049 0.583834 
-0.017249 -0.792086 0.707723 
-0.013744 -0.800035 0.702266 
-0.043785 -0.684166 0.791934 
-0.045924 -0.636391 0.833832 
-0.121770 -0.870103 0.587386 
-0.145267 -0.880153 0.567062 
-0.481542 -0.792080 0.484562 
-0.581219 -0.919109 0.322516 
-0.415073 -0.811033 0.499482 
-0.411855 -0.811950 0.500204 
-0.499414 -0.838477 0.434284 
-0.543359 -0.952561 0.310658 
-0.100957 -0.407339 1.013182 
0.008396 -0.344500 1.122204 
-0.386135 -0.865319 0.464616 
-0.331565 -0.967685 0.398869 
-0.591869 -0.281278 0.890486 
-0.595789 -0.279043 0.890610 
-0.547153 -0.700240 0.535543 
-0.550611 -0.706326 0.528413 
0.047234 -0.924919 0.619368 
0.098584 -0.960533 0.612050 
-0.369753 -0.920214 0.423166 
-0.358679 -0.957327 0.395143 
-0.134290 -0.918772 0.537640 
-0.152965 -0.991368 0.463436 
-0.548780 -0.861976 0.389442 
-0.612012 -0.892077 0.332003 
-0.188815 -0.935929 0.496016 
-0.219330 -0.945532 0.472721 
-0.708890 -0.603170 0.545020 
-0.780676 -0.613264 0.501446 
-0.775458 -0.588401 0.526294 
-0.781380 -0.587087 0.524628 
-0.706929 -0.417103 0.713143 
-0.841549 -0.318293 0.737217 
0.022639 -0.696401 0.812869 
0.103258 -0.711249 0.838278 
-0.468513 -0.311832 0.922325 
-0.401066 -0.306974 0.959109 
-0.034463 -0.425950 1.028421 
-0.034234 -0.426014 1.028474 
-0.612727 -0.832044 0.385599 
-0.721589 -0.781088 0.379057 
-0.515846 -0.556849 0.679427 
-0.518514 -0.545276 0.688544 
-0.698987 -0.657549 0.500920 
-0.691219 -0.700201 0.466332 
-0.657852 -0.272555 0.866608 
-0.745766 -0.260932 0.834795 
-0.538306 -0.916422 0.345557 
-0.532808 -0.945006 0.322517 
-0.048929 -0.473835 0.978444 
-0.051893 -0.483646 0.968203 
-0.732276 -0.362408 0.750103 
-0.743977 -0.337159 0.767165 
0.038656 -0.975029 0.570221 
0.028251 -1.035808 0.510610 
0.083718 -0.731935 0.810300 
0.119855 -0.752958 0.808780 
-0.127108 -0.635048 0.796016 
-0.125689 -0.633043 0.798500 
-0.185070 -0.381639 0.995844 
-0.200292 -0.360518 1.007504 
-0.247577 -0.348582 0.995500 
-0.312280 -0.314365 0.995144 
-0.561461 -0.378228 0.817993 
-0.593385 -0.382306 0.798984 
0.030631 -0.430447 1.055669 
0.032793 -0.430596 1.056574 
0.006030 -0.516660 0.966382 
0.007955 -0.518160 0.965959 
-0.312776 -0.442531 0.879750 
-0.330547 -0.413706 0.897106 
-0.656153 -0.861539 0.338225 
-0.689268 -0.884030 0.302100 
-0.694934 -0.487077 0.656037 
-0.713700 -0.499142 0.636177 
0.097619 -1.013552 0.563950 
0.115945 -1.025525 0.562000 
0.020997 -0.376100 1.099869 
0.011531 -0.322711 1.143289 
-0.017112 -0.560449 0.915914 
-0.018355 -0.562801 0.913203 
0.109190 -0.689425 0.860738 
0.116604 -0.677051 0.875420 
-0.151124 -0.988296 0.467082 
-0.134461 -1.011447 0.454290 
-0.676261 -0.906876 0.287825 
-0.703569 -0.968450 0.219375 
-0.785923 -0.318435 0.763827 
-0.809091 -0.299445 0.769753 
-0.599674 -0.720019 0.492528 
-0.603002 -0.721272 0.489802 
-0.084726 -1.008080 0.481220 
-0.066894 -1.013393 0.485017 
-0.350152 -0.477129 0.830698 
-0.351610 -0.478478 0.828785 
0.107085 -0.636350 0.907414 
0.106989 -0.633933 0.909540 
-0.840581 -0.275336 0.776279 
-0.851620 -0.266632 0.778793 
0.098160 -0.786732 0.768007 
0.107583 -0.822486 0.740411 
-0.770923 -0.416334 0.683075 
-0.817354 -0.415776 0.661258 
0.111485 -0.954071 0.624058 
0.119357 -0.957643 0.624632 
-0.753430 -0.280290 0.813718 
-0.743891 -0.269092 0.828364 
0.163393 -1.037441 0.574101 
0.209273 -1.054104 0.581181 
-0.304720 -0.307929 1.004561 
-0.352741 -0.273766 1.012175 
-0.195690 -0.526458 0.860619 
-0.194249 -0.528704 0.859294 
