0.189241 0.968057 -0.164476 
0.410744 0.894883 -0.174570 
0.408031 0.912492 -0.029483 
0.246319 0.968666 -0.031841 
0.205009 0.946770 -0.248188 
0.020909 0.933683 -0.357491 
0.104402 0.975267 -0.194818 
0.228825 0.972445 0.044605 
0.109074 0.982806 -0.148981 
0.136637 0.980777 -0.139306 
0.025936 0.997388 -0.067411 
0.240331 0.970468 0.020806 
0.038855 0.999236 0.004318 
0.266587 0.948823 -0.169312 
0.307499 0.940026 -0.147632 
0.304630 0.927241 -0.217772 
0.403438 0.903572 -0.144202 
0.350924 0.913610 -0.205352 
0.412061 0.872249 -0.263414 
0.299790 0.950922 -0.076641 
0.162072 0.980306 0.112837 
0.155578 0.958315 0.239641 
0.116444 0.993105 0.013548 
-0.051371 0.997622 0.045959 
-0.242395 0.961123 0.132238 
-0.149453 0.988156 0.034817 
-0.205382 0.978463 -0.020717 
-0.007006 0.990130 -0.139975 
-0.046117 0.986215 -0.158913 
0.178117 0.982956 0.045510 
0.078992 0.976618 -0.199945 
0.126223 0.967558 -0.218859 
0.328122 0.851516 -0.408970 
0.195809 0.949665 -0.244529 
0.388837 0.896880 -0.210741 
0.312885 0.942839 -0.114703 
0.223670 0.934983 -0.275280 
0.135572 0.882689 -0.449978 
0.239562 0.912295 -0.332157 
0.179535 0.904483 -0.386883 
-0.025406 0.963927 -0.264951 
-0.157548 0.970866 -0.180547 
0.076105 0.983103 -0.166483 
0.321528 0.902153 -0.287644 
0.132730 0.908610 -0.395993 
0.046424 0.981065 -0.188031 
0.016522 0.961476 -0.274391 
-0.092751 0.994719 -0.043944 
0.123396 0.981359 -0.147333 
0.238482 0.969989 -0.047404 
0.165560 0.979104 0.118089 
0.011459 0.995883 -0.089926 
-0.071689 0.997341 -0.013133 
-0.143209 0.985376 -0.092328 
-0.018612 0.957196 -0.288840 
0.187762 0.969133 -0.159773 
0.110260 0.993609 0.024153 
0.077404 0.988861 -0.127132 
0.016951 0.981941 -0.188427 
0.161319 0.962427 -0.218426 
0.109071 0.959598 -0.259375 
0.256042 0.891023 -0.374859 
0.077637 0.956973 -0.279597 
-0.088804 0.871266 -0.482710 
0.062725 0.786136 -0.614862 
0.263617 0.871241 -0.414060 
0.074800 0.794943 -0.602055 
0.266724 0.651720 -0.710013 
0.236659 0.603128 -0.761727 
0.241796 0.476431 -0.845309 
0.444613 0.318687 -0.837113 
0.248221 0.294771 -0.922766 
0.306061 0.207068 -0.929220 
0.403624 0.194352 -0.894044 
0.597982 0.347986 -0.722027 
0.565042 0.352190 -0.746116 
0.645157 0.234128 -0.727294 
0.512240 0.060960 -0.856676 
0.425194 0.260583 -0.866780 
0.278061 0.045985 -0.959462 
0.042651 -0.155030 -0.986989 
-0.203892 -0.260644 -0.943659 
-0.397158 -0.420760 -0.815615 
-0.397313 -0.604621 -0.690344 
-0.491376 -0.519590 -0.698982 
-0.306338 -0.483249 -0.820139 
-0.408703 -0.585628 -0.700001 
-0.366539 -0.500999 -0.783996 
-0.174784 -0.656397 -0.733889 
-0.156186 -0.445063 -0.881774 
-0.113702 -0.611788 -0.782807 
-0.197644 -0.596198 -0.778129 
-0.243195 -0.553606 -0.796478 
-0.346649 -0.491855 -0.798695 
-0.227215 -0.392356 -0.891308 
-0.072610 -0.516324 -0.853310 
-0.001168 -0.631741 -0.775179 
-0.002083 -0.814154 -0.580646 
-0.144295 -0.718250 -0.680659 
-0.064574 -0.559067 -0.826604 
