-0.334713 -0.014001 0.942216 
-0.461669 0.070670 0.884232 
-0.387424 -0.139088 0.911349 
-0.448178 -0.360094 0.818211 
-0.314183 -0.427235 0.847797 
-0.229338 -0.627668 0.743933 
-0.122369 -0.529152 0.839657 
-0.178361 -0.331809 0.926332 
-0.261978 -0.546601 0.795359 
-0.371940 -0.714447 0.592643 
-0.451908 -0.539425 0.710493 
-0.388818 -0.493176 0.778202 
-0.293429 -0.297736 0.908434 
-0.417692 -0.373511 0.828265 
-0.514677 -0.402371 0.757103 
-0.581037 -0.584794 0.566049 
-0.497564 -0.677637 0.541514 
-0.533793 -0.688405 0.491084 
-0.537149 -0.724320 0.432241 
-0.466072 -0.666947 0.581342 
-0.314450 -0.774720 0.548570 
-0.080854 -0.821241 0.564823 
-0.174065 -0.811738 0.557479 
-0.147634 -0.837485 0.526141 
-0.190866 -0.812065 0.551471 
-0.192496 -0.750140 0.632641 
-0.298418 -0.629423 0.717477 
-0.137417 -0.739899 0.658534 
-0.092201 -0.861339 0.499594 
-0.052698 -0.958773 0.279245 
-0.302482 -0.880101 0.365960 
-0.511949 -0.769974 0.380852 
-0.660392 -0.667373 0.344231 
-0.793069 -0.585055 0.169562 
-0.869494 -0.486770 0.083874 
-0.857927 -0.425850 0.287424 
-0.961503 -0.158125 0.224740 
-0.965814 -0.010415 0.259029 
-0.992705 -0.020379 0.118830 
-0.967491 -0.227172 -0.111147 
-0.985472 -0.168554 0.020843 
-0.980909 -0.186950 0.053548 
-0.907097 -0.392799 0.151274 
-0.893638 -0.446689 -0.043363 
-0.840878 -0.508176 -0.186230 
-0.867439 -0.351903 -0.351729 
-0.798329 -0.393055 -0.456267 
-0.809665 -0.539174 -0.231806 
-0.820758 -0.542122 -0.180165 
-0.923143 -0.299722 -0.240777 
-0.973183 -0.212882 -0.087153 
-0.997071 0.010863 0.075703 
-0.958197 0.149565 0.243902 
-0.988211 0.062074 0.139952 
-0.982598 -0.173732 0.065715 
-0.955156 -0.266625 0.128792 
-0.999121 -0.041625 -0.004887 
-0.965675 -0.176478 -0.190596 
-0.962728 -0.096412 -0.252705 
-0.991264 -0.127525 -0.033664 
-0.967181 -0.050035 -0.249112 
-0.864902 0.104007 -0.491047 
-0.892035 -0.071900 -0.446211 
-0.949546 0.139948 -0.280673 
-0.941195 0.276080 -0.194763 
-0.984141 0.108144 -0.140612 
-0.985937 -0.079809 -0.146830 
-0.954074 -0.164668 -0.250253 
-0.995375 -0.079963 -0.053234 
-0.991251 0.131048 -0.015740 
-0.977981 -0.091184 0.187717 
-0.941609 -0.269642 0.201657 
-0.930421 -0.152830 0.333106 
-0.930334 -0.219563 0.293720 
-0.989689 -0.063678 0.128301 
-0.995473 0.045575 0.083405 
-0.974893 -0.010927 0.222407 
-0.955005 -0.152758 0.254224 
-0.969408 -0.131694 0.207137 
-0.972994 -0.226869 0.042580 
-0.920104 -0.385813 -0.067502 
-0.916862 -0.390810 0.081435 
-0.931353 -0.350685 -0.097990 
-0.898754 -0.434817 0.056349 
-0.951452 -0.300909 0.064760 
-0.892505 -0.413179 0.180880 
-0.779724 -0.541653 0.314075 
-0.918689 -0.296099 0.261413 
-0.872369 -0.404899 0.273915 
-0.837077 -0.409415 0.362880 
-0.958218 -0.148412 0.244526 
-0.974948 0.009939 0.222212 
-0.892417 -0.094325 0.441243 
-0.959643 0.113032 0.257507 
-0.989877 0.067622 0.124783 
-0.994359 0.081165 -0.068280 
-0.983704 0.127757 0.126509 
-0.992217 -0.073643 -0.100409 
-0.950335 -0.291139 0.110006 
-0.900363 -0.361071 0.242845 
