0.874820 -0.217442 -0.480209 
0.767672 -0.332462 -0.577876 
0.684507 -0.278015 -0.690199 
0.752590 -0.472644 -0.528097 
0.636817 -0.606260 -0.507404 
0.662877 -0.675235 -0.361958 
0.659764 -0.635308 -0.405491 
0.740222 -0.632193 -0.275354 
0.685326 -0.782293 -0.035542 
0.524991 -0.872380 0.045389 
0.316023 -0.978740 -0.012448 
0.262880 -0.968710 0.210502 
0.336383 -0.964332 0.014224 
0.254225 -0.970236 0.018960 
0.412136 -0.925108 0.043285 
0.221436 -0.993869 0.068991 
0.336230 -0.933698 0.263022 
0.256954 -0.938319 0.243911 
0.253439 -0.881890 0.452458 
0.055506 -0.947734 0.382819 
-0.142856 -0.857091 0.572780 
-0.194895 -0.836679 0.516366 
-0.453471 -0.757658 0.542302 
-0.247722 -0.871313 0.486330 
-0.158285 -0.746647 0.695752 
-0.311938 -0.562933 0.809310 
-0.136887 -0.418583 0.933731 
0.078061 -0.344363 0.962717 
-0.123982 -0.340458 0.953412 
-0.290541 -0.444937 0.873112 
-0.171871 -0.248510 0.986818 
0.003355 -0.370878 0.953013 
0.042675 -0.354922 0.934788 
0.026116 -0.452791 0.897518 
0.135200 -0.620537 0.803438 
-0.089229 -0.646871 0.790097 
0.120770 -0.492398 0.907830 
0.143997 -0.501947 0.853968 
0.147138 -0.289362 0.977251 
0.357739 -0.290532 0.913840 
0.302842 -0.368658 0.884207 
0.194106 -0.557444 0.837385 
0.353074 -0.602142 0.740785 
0.530116 -0.661905 0.583313 
0.441239 -0.555225 0.733491 
0.519992 -0.310928 0.842827 
0.422032 -0.503195 0.785547 
0.480910 -0.390497 0.794935 
0.626941 -0.173792 0.803140 
0.799800 -0.206640 0.617878 
0.793591 -0.105690 0.606955 
0.683994 -0.019080 0.757613 
0.749821 -0.039780 0.669530 
0.823328 0.175382 0.590940 
0.873424 0.322117 0.427970 
0.869772 0.215924 0.456477 
0.802349 0.343944 0.511759 
0.655484 0.376785 0.696399 
0.604643 0.409069 0.685590 
0.707086 0.438731 0.575381 
0.640008 0.263650 0.770757 
0.612910 0.067627 0.811995 
0.623542 0.350423 0.755816 
0.541356 0.550644 0.674885 
0.693975 0.315862 0.705203 
0.639999 0.301432 0.707941 
0.566060 0.366515 0.745914 
0.422417 0.496189 0.783714 
0.568895 0.562191 0.637955 
0.579964 0.726231 0.446517 
0.637806 0.727610 0.297352 
0.585093 0.633832 0.598220 
0.440147 0.668494 0.615986 
0.616246 0.533428 0.620378 
0.782116 0.439112 0.496603 
0.935609 0.262642 0.358770 
0.937408 0.210767 0.288439 
0.977000 0.133972 0.204850 
1.015142 0.000324 0.074970 
1.012449 -0.232865 -0.130686 
0.962555 -0.175054 -0.243097 
1.011747 -0.179184 -0.011784 
0.968269 -0.252430 -0.227817 
0.964157 -0.079658 -0.318534 
0.896379 -0.217396 -0.429985 
0.862428 -0.185982 -0.474834 
0.899743 -0.055803 -0.454001 
0.871647 0.200929 -0.520472 
0.768643 -0.008434 -0.704391 
0.785709 -0.226730 -0.620074 
0.912654 -0.076560 -0.470645 
0.802870 -0.173719 -0.602724 
0.707943 -0.146472 -0.705163 
0.699882 -0.088301 -0.711165 
0.774531 0.008768 -0.647369 
0.802404 0.248259 -0.595985 
0.720666 0.046947 -0.738231 
0.854653 -0.082905 -0.569891 
0.789335 -0.183029 -0.597995 
0.698989 -0.101364 -0.730373 
