0.250949 0.788216 0.561907 
0.333072 0.894865 0.297118 
0.513892 0.821711 0.246384 
0.555860 0.814528 0.166025 
0.457688 0.888179 0.040729 
0.455992 0.864492 0.211484 
0.368557 0.929490 0.014644 
0.173287 0.982986 -0.060916 
0.344606 0.930980 0.120510 
0.206795 0.968688 -0.137402 
0.078453 0.961660 -0.262784 
0.170031 0.981198 -0.091323 
0.107870 0.951483 -0.288173 
-0.077451 0.985041 -0.153934 
-0.234567 0.954670 -0.183257 
-0.392114 0.918370 0.053312 
-0.200055 0.976551 0.079541 
-0.363477 0.922076 -0.132895 
-0.250251 0.968180 0.001344 
-0.035330 0.994765 -0.095887 
-0.191144 0.938235 -0.288408 
-0.294320 0.925202 -0.239534 
-0.214143 0.920953 -0.325557 
-0.386749 0.899929 -0.201380 
-0.344524 0.938431 -0.025502 
-0.183718 0.961592 -0.203934 
0.060062 0.915644 -0.397479 
-0.103251 0.922497 -0.371938 
-0.123276 0.881220 -0.456349 
0.014194 0.860243 -0.509687 
-0.081785 0.878461 -0.470762 
-0.235022 0.926057 -0.295269 
-0.408612 0.813240 -0.414339 
-0.597031 0.639401 -0.484480 
-0.471765 0.748738 -0.465650 
-0.300828 0.913773 -0.272985 
-0.174353 0.954004 -0.243878 
-0.358143 0.857087 -0.370319 
-0.126147 0.860590 -0.493429 
0.041102 0.808007 -0.587738 
-0.032089 0.889546 -0.455718 
0.151485 0.925029 -0.348388 
0.051078 0.908070 -0.415693 
0.183940 0.801318 -0.569259 
0.131649 0.861381 -0.490604 
0.050979 0.854248 -0.517360 
-0.028582 0.909509 -0.414701 
0.197492 0.915203 -0.351283 
0.347435 0.883056 -0.315438 
0.192595 0.972292 -0.132497 
0.409856 0.903201 -0.127456 
0.304998 0.902733 -0.303397 
0.277237 0.912964 -0.299393 
0.416797 0.835641 -0.357748 
0.432254 0.812716 -0.390702 
0.312861 0.853184 -0.417367 
0.140618 0.949756 -0.279626 
0.076794 0.888454 -0.452495 
-0.053748 0.883442 -0.465447 
-0.149325 0.735472 -0.660896 
-0.159202 0.788329 -0.594300 
-0.197959 0.797388 -0.570074 
-0.395222 0.828020 -0.397721 
-0.448486 0.781351 -0.433995 
-0.506737 0.832078 -0.225532 
-0.427431 0.851582 -0.303499 
-0.234629 0.892362 -0.385539 
-0.052371 0.930733 -0.361931 
0.110313 0.905654 -0.409416 
0.228346 0.920095 -0.318251 
0.102067 0.896382 -0.431372 
0.015092 0.764037 -0.644996 
-0.140555 0.718962 -0.680690 
0.074901 0.767746 -0.636361 
0.126571 0.738642 -0.662109 
-0.050408 0.607098 -0.793026 
0.102941 0.458350 -0.882790 
0.332405 0.464444 -0.820853 
0.486388 0.593781 -0.640976 
0.623386 0.504784 -0.597146 
0.450507 0.457838 -0.766438 
0.530357 0.297967 -0.793686 
0.692425 0.356362 -0.627338 
0.712724 0.259022 -0.651869 
0.721030 0.099682 -0.685696 
0.558465 0.296727 -0.774642 
0.503993 0.107700 -0.856967 
0.605746 -0.111627 -0.787788 
0.521829 -0.017087 -0.852879 
0.601668 0.101722 -0.792243 
0.495430 0.334764 -0.801550 
0.597752 0.240310 -0.764816 
0.673016 0.101654 -0.732609 
0.606238 0.152283 -0.780567 
0.465306 0.261134 -0.845754 
0.414005 0.250488 -0.875132 
0.507311 0.264514 -0.820163 
0.335303 0.355542 -0.872446 
0.412466 0.238373 -0.879233 
0.596004 0.343361 -0.725866 
