0.538122 -0.583044 -0.608674 
0.655030 -0.515562 -0.552387 
0.770992 -0.477021 -0.421927 
0.778051 -0.334659 -0.531639 
0.792664 -0.450736 -0.410513 
0.740025 -0.637274 -0.215047 
0.732129 -0.599764 -0.322907 
0.734625 -0.534574 -0.417800 
0.846569 -0.473775 -0.242606 
0.821577 -0.390219 -0.415621 
0.781126 -0.505227 -0.366862 
0.760669 -0.293223 -0.579140 
0.719321 -0.246148 -0.649606 
0.733508 -0.014724 -0.679521 
0.787382 0.211418 -0.579079 
0.747391 0.359095 -0.558978 
0.613530 0.393201 -0.684817 
0.430322 0.604666 -0.670225 
0.419330 0.462621 -0.781117 
0.365758 0.568050 -0.737251 
0.430671 0.424022 -0.796698 
0.542731 0.398698 -0.739245 
0.669074 0.489230 -0.559458 
0.774670 0.407528 -0.483535 
0.789950 0.387752 -0.475003 
0.851095 0.342402 -0.397993 
0.744441 0.380914 -0.548373 
0.767867 0.447298 -0.458590 
0.750815 0.565236 -0.341737 
0.790846 0.400746 -0.462563 
0.874880 0.388722 -0.288930 
0.846435 0.520083 -0.114289 
0.896018 0.352090 -0.270526 
0.876297 0.424117 -0.228534 
0.865701 0.416845 -0.277133 
0.915103 0.399135 -0.057244 
0.967043 0.190519 -0.168911 
0.994826 0.100974 0.011166 
0.988840 -0.045067 0.142002 
0.973038 0.056431 0.223634 
0.979925 -0.125050 0.155274 
0.980778 -0.161432 0.109612 
0.906554 -0.369458 0.204110 
0.905602 -0.423207 0.027943 
0.915679 -0.381940 -0.125116 
0.869794 -0.482593 0.102776 
0.741310 -0.604641 0.291324 
0.868408 -0.440955 0.226772 
0.860291 -0.335034 0.384255 
0.736632 -0.302893 0.604673 
0.899500 -0.273103 0.341050 
0.987002 -0.144917 0.069466 
0.975037 -0.221979 -0.005345 
0.966172 -0.163025 0.199838 
0.989842 -0.142071 0.005416 
0.965548 -0.259687 -0.016723 
0.991035 -0.123822 0.050186 
0.998183 0.059738 -0.007933 
0.980222 -0.182377 0.076834 
0.999475 -0.006036 -0.031820 
0.973663 0.153817 -0.168289 
0.985353 0.053396 -0.161954 
0.995554 0.039248 -0.085622 
0.997873 0.043659 0.048413 
0.974352 0.168577 -0.149061 
0.887228 0.354279 -0.295486 
0.908668 0.397971 -0.126263 
0.875886 0.296553 -0.380632 
0.798696 0.136884 -0.585958 
0.716998 0.219970 -0.661458 
0.830346 0.271340 -0.486723 
0.804166 0.363993 -0.469921 
0.819449 0.378379 -0.430502 
0.696183 0.561671 -0.447052 
0.763712 0.553287 -0.332593 
0.726867 0.649678 -0.222674 
0.590091 0.735556 -0.332791 
0.542141 0.641198 -0.543092 
0.667183 0.625797 -0.404037 
0.686122 0.681564 -0.254374 
0.693626 0.699233 -0.173079 
0.567507 0.814110 -0.123131 
0.733694 0.678525 -0.036005 
0.772157 0.632358 -0.062416 
0.734226 0.564495 -0.377169 
0.749444 0.629829 -0.204080 
0.654310 0.751406 -0.085244 
0.697011 0.683783 -0.215908 
0.624862 0.603949 -0.494766 
0.647832 0.653928 -0.390757 
0.503595 0.786825 -0.356789 
0.472261 0.782315 -0.406143 
0.503940 0.738636 -0.447729 
0.657497 0.703350 -0.270179 
0.639362 0.690823 -0.337608 
0.436712 0.795687 -0.419720 
0.475991 0.640865 -0.602266 
0.451744 0.591506 -0.667868 
0.553271 0.546104 -0.629016 
0.490094 0.714758 -0.498928 
