-0.348583 -0.014581 0.981263 
-0.467904 0.071625 0.896174 
-0.397408 -0.142673 0.934835 
-0.462327 -0.371462 0.844043 
-0.317893 -0.432279 0.857806 
-0.236207 -0.646468 0.766215 
-0.124252 -0.537295 0.852579 
-0.182897 -0.340245 0.949885 
-0.271519 -0.566508 0.824326 
-0.387712 -0.744742 0.617774 
-0.463713 -0.553516 0.729053 
-0.390910 -0.495829 0.782389 
-0.303170 -0.307619 0.938589 
-0.423539 -0.378740 0.839859 
-0.518646 -0.405474 0.762941 
-0.603419 -0.607321 0.587854 
-0.501625 -0.683167 0.545934 
-0.534855 -0.689775 0.492061 
-0.538431 -0.726049 0.433273 
-0.473308 -0.677301 0.590367 
-0.320162 -0.788792 0.558534 
-0.083226 -0.845331 0.581392 
-0.174838 -0.815339 0.559952 
-0.147807 -0.838467 0.526758 
-0.191168 -0.813349 0.552343 
-0.193505 -0.754071 0.635957 
-0.303423 -0.639980 0.729509 
-0.140336 -0.755616 0.672522 
-0.094181 -0.879840 0.510324 
-0.054317 -0.988226 0.287823 
-0.314447 -0.914914 0.380436 
-0.526758 -0.792246 0.391869 
-0.671780 -0.678881 0.350167 
-0.815449 -0.601565 0.174347 
-0.879540 -0.492394 0.084843 
-0.877800 -0.435714 0.294082 
-1.004881 -0.165259 0.234879 
-0.977056 -0.010536 0.262044 
-1.002975 -0.020590 0.120059 
-1.016426 -0.238663 -0.116768 
-0.996020 -0.170359 0.021066 
-0.981610 -0.187083 0.053587 
-0.933887 -0.404399 0.155742 
-0.912326 -0.456030 -0.044270 
-0.852375 -0.515124 -0.188776 
-0.890831 -0.361393 -0.361214 
-0.805334 -0.396504 -0.460270 
-0.839841 -0.559269 -0.240445 
-0.821908 -0.542882 -0.180417 
-0.958072 -0.311062 -0.249887 
-0.989835 -0.216525 -0.088644 
-1.037079 0.011299 0.078741 
-0.982283 0.153324 0.250033 
-0.997871 0.062681 0.141320 
-1.013587 -0.179211 0.067787 
-0.961580 -0.268418 0.129658 
-1.035589 -0.043145 -0.005066 
-0.992366 -0.181356 -0.195864 
-0.967700 -0.096910 -0.254010 
-1.016556 -0.130779 -0.034523 
-0.993511 -0.051397 -0.255893 
-0.906949 0.109063 -0.514920 
-0.907318 -0.073132 -0.453856 
-0.986844 0.145445 -0.291697 
-0.953583 0.279714 -0.197327 
-1.000641 0.109957 -0.142970 
-1.003686 -0.081245 -0.149473 
-0.963183 -0.166240 -0.252642 
-1.019694 -0.081916 -0.054535 
-1.014560 0.134130 -0.016110 
-1.024578 -0.095529 0.196661 
-0.957584 -0.274216 0.205078 
-0.945093 -0.155240 0.338359 
-0.933135 -0.220224 0.294604 
-1.017773 -0.065485 0.131942 
-1.002483 0.045896 0.083992 
-0.986203 -0.011054 0.224988 
-0.965395 -0.154420 0.256989 
-0.970800 -0.131883 0.207435 
-0.990905 -0.231045 0.043364 
-0.938967 -0.393723 -0.068886 
-0.927162 -0.395200 0.082350 
-0.947466 -0.356752 -0.099685 
-0.913350 -0.441878 0.057264 
-0.961441 -0.304068 0.065440 
-0.905896 -0.419379 0.183594 
-0.798474 -0.554678 0.321628 
-0.958156 -0.308819 0.272644 
-0.878580 -0.407782 0.275865 
-0.840937 -0.411303 0.364554 
-1.006957 -0.155961 0.256963 
-0.987715 0.010069 0.225122 
-0.922708 -0.097527 0.456220 
-1.000292 0.117820 0.268415 
-1.000175 0.068326 0.126081 
-1.013348 0.082715 -0.069583 
-1.003896 0.130379 0.129106 
-1.040129 -0.077199 -0.105258 
-0.996855 -0.305390 0.115391 
-0.911776 -0.365648 0.245924 
