-0.905076 0.023191 0.497328 
-0.951272 -0.048651 0.348118 
-0.933587 -0.087609 0.349820 
-0.911729 -0.110257 0.400144 
-0.816310 -0.008214 0.641270 
-0.736271 -0.096082 0.680350 
-0.718517 -0.002376 0.702322 
-0.855459 -0.139561 0.554959 
-0.756909 -0.061086 0.672441 
-0.778331 -0.235265 0.610924 
-0.666311 -0.362161 0.676400 
-0.585393 -0.593144 0.608110 
-0.643869 -0.483837 0.604741 
-0.500098 -0.468738 0.757965 
-0.593760 -0.307827 0.766122 
-0.538907 -0.161722 0.844797 
-0.326384 0.026807 0.998417 
-0.343486 -0.202322 0.945565 
-0.329801 -0.260729 0.909646 
-0.512891 -0.320914 0.823701 
-0.595938 -0.163033 0.806178 
-0.500752 -0.018531 0.885984 
-0.341560 -0.050322 0.954761 
-0.460810 0.207364 0.909449 
-0.400326 0.151673 0.906570 
-0.487007 0.124119 0.870068 
-0.273787 0.186640 0.974966 
-0.314386 0.141251 0.940849 
-0.451089 -0.064751 0.923976 
-0.618310 -0.134587 0.803720 
-0.654621 0.094329 0.784935 
-0.665267 0.322689 0.714057 
-0.432598 0.499378 0.810813 
-0.356558 0.333498 0.894321 
-0.282711 0.516620 0.833939 
-0.162463 0.604890 0.794412 
-0.135944 0.489285 0.873063 
-0.154782 0.341746 0.941234 
-0.300465 0.422317 0.873763 
-0.287770 0.551759 0.797056 
-0.417897 0.705373 0.629513 
-0.421206 0.804898 0.460510 
-0.335540 0.802223 0.502621 
-0.365869 0.634786 0.740867 
-0.315820 0.561663 0.769212 
-0.618163 0.439781 0.729584 
-0.738385 0.214693 0.687615 
-0.818278 0.139888 0.577830 
-0.712180 -0.084013 0.762237 
-0.689065 -0.071192 0.721337 
-0.844193 -0.269266 0.553457 
-0.728121 -0.393774 0.585475 
-0.772580 -0.212625 0.627943 
-0.620936 -0.212697 0.785248 
-0.619375 -0.295813 0.733428 
-0.674170 -0.288134 0.684069 
-0.850279 -0.224830 0.533165 
-0.767755 -0.370896 0.548224 
-0.857319 -0.395084 0.381123 
-0.782672 -0.369839 0.527105 
-0.700017 -0.306380 0.668390 
-0.566197 -0.488926 0.701774 
-0.722935 -0.354118 0.631636 
-0.745930 -0.247515 0.627452 
-0.589276 -0.410217 0.740417 
-0.692385 -0.474065 0.579272 
-0.660705 -0.650048 0.438525 
-0.583994 -0.806321 0.263112 
-0.370393 -0.909985 0.303009 
-0.178414 -1.008416 0.146584 
-0.202773 -0.988323 0.011576 
-0.297244 -0.961319 -0.120064 
-0.335333 -0.962720 0.098232 
-0.566171 -0.840878 0.252324 
-0.569865 -0.739835 0.395910 
-0.575519 -0.624266 0.567046 
-0.458815 -0.718295 0.544137 
-0.276682 -0.662610 0.750387 
-0.436813 -0.507878 0.774553 
-0.634308 -0.392654 0.706931 
-0.780194 -0.187571 0.649595 
-0.806583 -0.319974 0.528168 
-0.845271 -0.364200 0.411837 
-0.809040 -0.334249 0.492284 
-0.730915 -0.455100 0.529858 
-0.700070 -0.506274 0.507483 
-0.605827 -0.686852 0.453447 
-0.806974 -0.505165 0.410414 
-0.657525 -0.677467 0.399368 
-0.425430 -0.854768 0.416347 
-0.590306 -0.813237 0.229023 
-0.548577 -0.790198 0.280393 
-0.642898 -0.703910 0.331947 
-0.632855 -0.678191 0.377188 
-0.720147 -0.625388 0.322060 
-0.679500 -0.610264 0.421375 
-0.468755 -0.809208 0.459171 
-0.530144 -0.661115 0.562604 
-0.490000 -0.725818 0.493344 
-0.393779 -0.886390 0.342211 
