-0.562656 0.171930 0.808615 
-0.764729 0.010721 0.644263 
-0.632144 0.216741 0.743920 
-0.487416 0.404592 0.773777 
-0.528045 0.495852 0.689420 
-0.630644 0.591203 0.502759 
-0.368168 0.717982 0.590723 
-0.410541 0.537759 0.736391 
-0.580019 0.489354 0.651238 
-0.478039 0.290794 0.828805 
-0.439403 0.286767 0.851287 
-0.430186 0.480838 0.764025 
-0.378250 0.610796 0.695597 
-0.201706 0.614340 0.762824 
-0.043932 0.553039 0.831996 
-0.175297 0.380485 0.908021 
-0.103464 0.162310 0.981301 
-0.107192 0.192637 0.975398 
-0.308155 0.188070 0.932561 
-0.436104 0.150894 0.887155 
-0.620523 0.082043 0.779885 
-0.454719 -0.187356 0.870706 
-0.539084 -0.027737 0.841795 
-0.570752 -0.217950 0.791669 
-0.712343 -0.366219 0.598708 
-0.671251 -0.301320 0.677221 
-0.629542 -0.084913 0.772312 
-0.601871 -0.310686 0.735681 
-0.480776 -0.371888 0.794074 
-0.387765 -0.313192 0.866919 
-0.273474 -0.101805 0.956477 
-0.151623 -0.298157 0.942397 
-0.117737 -0.122548 0.985454 
0.102926 -0.205803 0.973166 
0.161336 -0.418275 0.893877 
-0.006183 -0.527397 0.849597 
-0.110016 -0.381707 0.917713 
-0.258964 -0.553692 0.791431 
-0.364236 -0.680914 0.635365 
-0.493536 -0.625740 0.604046 
-0.579372 -0.666937 0.468534 
-0.455075 -0.560075 0.692260 
-0.440151 -0.670111 0.597677 
-0.259021 -0.519769 0.814094 
-0.199761 -0.353122 0.914003 
-0.039395 -0.281101 0.958869 
0.087525 -0.307169 0.947621 
-0.027610 -0.275421 0.960927 
0.186532 -0.325913 0.926815 
0.144975 -0.460338 0.875826 
0.173000 -0.457539 0.872198 
0.099202 -0.480436 0.871401 
0.109659 -0.295068 0.949163 
-0.112396 -0.334451 0.935687 
-0.326328 -0.196781 0.924547 
-0.500893 -0.290486 0.815306 
-0.568670 -0.431771 0.700134 
-0.744308 -0.376410 0.551653 
-0.718084 -0.175947 0.673349 
-0.716911 -0.175352 0.674752 
-0.826483 -0.078211 0.557503 
-0.854254 -0.277025 0.439895 
-0.738073 -0.135389 0.660997 
-0.787314 -0.248130 0.564418 
-0.769298 -0.078294 0.634074 
-0.738879 -0.155103 0.655745 
-0.836064 -0.310285 0.452461 
-0.947090 -0.155852 0.280591 
-0.889642 -0.317235 0.328479 
-0.955432 -0.266769 0.126426 
-0.945652 -0.325041 -0.009499 
-0.955872 -0.292080 0.031592 
-0.946682 -0.312320 0.079056 
-0.886316 -0.431026 -0.169295 
-0.904401 -0.407122 -0.127711 
-0.830949 -0.545387 -0.109889 
-0.905151 -0.416630 0.084390 
-0.839904 -0.534921 0.091765 
-0.892008 -0.394204 0.221189 
-0.877168 -0.272444 0.395412 
-0.850162 -0.424979 0.310833 
-0.830862 -0.541793 0.127001 
-0.765995 -0.583454 0.269875 
-0.791788 -0.603534 0.093905 
-0.828479 -0.540942 -0.144930 
-0.884910 -0.419319 -0.202747 
-0.901519 -0.319625 -0.291726 
-0.862848 -0.490830 -0.120746 
-0.916774 -0.379554 0.124352 
-0.872947 -0.484646 0.055509 
-0.816873 -0.538455 0.206844 
-0.895787 -0.426091 0.126536 
-0.866457 -0.350508 0.355524 
-0.797902 -0.301547 0.521940 
-0.742695 -0.325373 0.585267 
-0.765543 -0.257751 0.589498 
-0.873758 -0.184021 0.450204 
-0.833741 -0.005539 0.552127 
-0.863485 -0.152609 0.480732 
-0.758479 -0.224756 0.611714 
-0.753657 -0.201527 0.625610 
-0.674753 -0.369218 0.639052 
-0.548736 -0.382054 0.743588 
-0.632078 -0.268650 0.726846 
-0.652576 -0.242955 0.717717 
-0.759262 -0.002356 0.650780 
-0.768092 0.157052 0.620781 
-0.882228 0.028484 0.469961 
-0.734580 0.094255 0.671944 
-0.624325 -0.083271 0.776714 
-0.563952 -0.185360 0.804736 
-0.415861 -0.071472 0.906615 
-0.289162 0.102654 0.951760 
-0.338864 0.000187 0.940835 
-0.403611 0.210798 0.890316 
-0.327449 0.156319 0.931849 
-0.180749 0.068172 0.981164 
-0.120691 0.146858 0.981767 
0.106759 0.309007 0.945049 
0.038493 0.252853 0.966739 
0.018791 0.276044 0.960961 
-0.047239 0.446414 0.893579 
-0.092471 0.388693 0.916715 
-0.369813 0.248053 0.895382 
-0.199791 0.179901 0.963182 
-0.345873 0.011143 0.938215 
-0.539144 -0.103557 0.835823 
-0.669795 0.114739 0.733628 
-0.689756 0.279798 0.667794 
-0.632164 0.199744 0.748646 
-0.755431 0.285565 0.589726 
-0.813050 0.123033 0.569046 
-0.796636 0.249212 0.550694 
-0.870125 0.076138 0.486915 
-0.828448 0.066271 0.556131 
-0.776047 -0.136044 0.615827 
-0.875288 -0.309818 0.371328 
-0.742247 -0.400066 0.537603 
-0.764546 -0.178164 0.619457 
-0.764419 0.037068 0.643653 
-0.616418 0.108046 0.779971 
-0.783516 -0.072122 0.617172 
-0.656504 0.115989 0.745352 
-0.639032 -0.048487 0.767650 
-0.720433 -0.000318 0.693524 
-0.738252 0.194471 0.645883 
-0.698299 0.179266 0.692995 
-0.840235 0.128571 0.526758 
-0.902516 0.119895 0.413631 
-0.808406 0.065041 0.585021 
-0.677706 -0.132262 0.723341 
-0.476495 -0.383912 0.790926 
-0.609052 -0.137161 0.781180 
-0.644771 -0.042323 0.763203 
-0.430861 0.086461 0.898267 
-0.261486 0.112622 0.958614 
-0.217859 0.189015 0.957502 
-0.023510 0.081883 0.996365 
0.019935 -0.108093 0.993941 
0.185195 0.132233 0.973764 
0.275177 0.041313 0.960506 
0.160634 0.147803 0.975885 
-0.049502 0.289014 0.956044 
-0.152586 0.086887 0.984463 
-0.120046 0.241493 0.962949 
0.096167 0.184106 0.978191 
0.329216 0.382547 0.863293 
0.311714 0.230100 0.921894 
0.490615 0.399365 0.774471 
0.599602 0.552647 0.578843 
0.516107 0.563061 0.645442 
0.614215 0.412952 0.672466 
0.445654 0.393801 0.803936 
0.531783 0.449583 0.717692 
0.501869 0.598758 0.624193 
0.536575 0.611487 0.581525 
0.661663 0.630537 0.405741 
0.604369 0.550944 0.575498 
0.713424 0.493375 0.497601 
0.512513 0.559859 0.651067 
0.315145 0.715946 0.622981 
0.158052 0.849871 0.502731 
0.374681 0.784848 0.493586 
0.236770 0.760731 0.604342 
0.226358 0.897854 0.377651 
0.226502 0.873796 0.430322 
0.179248 0.880673 0.438504 
0.262717 0.808453 0.526673 
0.152088 0.902364 0.403247 
0.126714 0.780525 0.612148 
0.434434 0.674201 0.597261 
0.586508 0.666504 0.460197 
0.582800 0.730450 0.356070 
0.619631 0.634954 0.461401 
0.657924 0.609413 0.442438 
0.574046 0.630231 0.522762 
0.549383 0.769194 0.326373 
0.495216 0.719500 0.486910 
0.627733 0.726818 0.278723 
0.701619 0.604139 0.377818 
