166
186
194
173
148
187
158
203
189
173
171
207
169
186
217
185
178
177
155
155
176
157
213
175
171
186
187
198
180
187
194
198
187
181
178
176
172
187
157
174
189
194
193
211
197
188
160
169
174
181
174
182
155
201
176
193
195
137
169
147
189
183
179
179
192
206
188
199
182
178
143
114
200
176
182
167
202
194
195
202
185
164
197
165
173
203
183
195
175
182
141
147
178
158
185
155
176
192
178
142
174
188
189
169
175
158
161
182
184
188
188
194
131
188
174
168
168
170
163
174
150
161
204
166
200
192
191
181
181
158
181
183
183
161
185
153
167
178
158
219
178
180
178
209
202
190
149
190
186
160
161
200
166
170
176
194
150
177
206
177
156
134
167
180
165
187
202
174
151
176
198
197
165
189
159
177
206
162
185
161
182
188
161
184
164
170
168
164
183
163
209
202
171
173
179
161
208
175
202
175
