-0.783729 -0.428868 -0.449268 
-0.853346 -0.258513 -0.452738 
-0.785387 -0.391334 -0.479609 
-0.845368 -0.343348 -0.409224 
-0.753521 -0.385217 -0.532743 
-0.677218 -0.415558 -0.607197 
-0.739020 -0.534451 -0.410136 
-0.667221 -0.663773 -0.337966 
-0.577401 -0.769509 -0.272881 
-0.555131 -0.831060 -0.034185 
-0.595436 -0.774698 -0.212833 
-0.658482 -0.676295 -0.330192 
-0.806341 -0.546697 -0.225692 
-0.752045 -0.596258 -0.280902 
-0.610318 -0.775561 -0.161297 
-0.634493 -0.745104 -0.205521 
-0.681469 -0.689797 -0.244498 
-0.717125 -0.696621 0.021249 
-0.733097 -0.678112 0.052272 
-0.608748 -0.756492 0.239053 
-0.788066 -0.592591 0.166697 
-0.760639 -0.647338 0.048801 
-0.528640 -0.844081 0.089820 
-0.406791 -0.885899 0.222946 
-0.381642 -0.910025 0.161876 
-0.316544 -0.917981 0.238980 
-0.524829 -0.809490 0.263211 
-0.508481 -0.756304 0.411645 
-0.643331 -0.715171 0.273233 
-0.606189 -0.791386 0.079015 
-0.679621 -0.732009 0.047722 
-0.674490 -0.696644 0.244440 
-0.681359 -0.593837 0.427910 
-0.712607 -0.520284 0.470634 
-0.747555 -0.602071 0.280486 
-0.622498 -0.671291 0.402323 
-0.497940 -0.779620 0.379801 
-0.533302 -0.812655 0.234906 
-0.412334 -0.818660 0.399720 
-0.546207 -0.821919 0.161575 
-0.388568 -0.899729 0.198751 
-0.572093 -0.798401 0.187792 
-0.658616 -0.676406 0.329697 
-0.748676 -0.561404 0.352574 
-0.646178 -0.589980 0.484125 
-0.532716 -0.554986 0.638909 
-0.554012 -0.588064 0.589281 
-0.649556 -0.492981 0.578832 
-0.647645 -0.636127 0.419404 
-0.757930 -0.498165 0.421158 
-0.842185 -0.422499 0.334991 
-0.698376 -0.604759 0.382801 
-0.779149 -0.415123 0.469680 
-0.883726 -0.307543 0.352769 
-0.904872 -0.366359 0.216767 
-0.891235 -0.320042 0.321361 
-0.873836 -0.451331 0.180860 
-0.961910 -0.270475 0.039645 
-0.941592 -0.293960 0.164294 
-0.923897 -0.372886 0.085854 
-0.914395 -0.380959 -0.136939 
-0.831747 -0.552262 -0.056596 
-0.903644 -0.427799 0.020388 
-0.933250 -0.310210 -0.181150 
-0.937910 -0.146319 -0.314509 
-0.976421 0.040693 -0.212006 
-0.860521 0.233055 -0.452977 
-0.762790 0.442633 -0.471410 
-0.674718 0.498450 -0.544337 
-0.628212 0.574843 -0.524313 
-0.646795 0.368152 -0.667923 
-0.713390 0.199266 -0.671839 
-0.838190 0.071262 -0.540702 
-0.837365 -0.072479 -0.541817 
-0.866511 -0.016500 -0.498886 
-0.846271 0.187866 -0.498530 
-0.812931 0.364874 -0.453884 
-0.891429 0.276572 -0.358973 
-0.880043 0.361699 -0.307731 
-0.822444 0.536238 -0.189827 
-0.773840 0.589795 -0.230896 
-0.743470 0.617668 -0.256395 
-0.840880 0.519076 -0.153238 
-0.830750 0.423375 -0.361397 
-0.949018 0.294807 -0.111598 
-0.905557 0.414019 0.092493 
-0.984345 0.175201 0.019239 
-0.924020 0.343091 -0.168748 
-0.901859 0.235864 -0.361966 
-0.839689 0.239649 -0.487330 
-0.646446 0.282459 -0.708748 
-0.558232 0.361432 -0.746823 
-0.717825 0.323871 -0.616308 
-0.821367 0.397557 -0.409028 
-0.766038 0.557797 -0.319450 
-0.836639 0.369940 -0.403956 
-0.761224 0.455089 -0.461987 
-0.886059 0.333195 -0.322305 
-0.970979 0.227091 -0.075030 
-0.892691 0.356995 -0.275059 
-0.967663 0.237476 -0.085046 
-0.973024 0.221145 0.065728 
-0.881953 0.425548 0.202653 
-0.806805 0.583795 0.090830 
-0.848951 0.511541 0.132695 
-0.861361 0.504411 0.060218 
-0.816374 0.493268 0.300367 
-0.931198 0.340880 0.129117 
-0.991238 0.126981 -0.036360 
-0.978017 0.135618 0.158399 
-0.925859 0.301237 0.228128 
-0.979690 0.195230 0.045739 
-0.969186 0.151630 0.194129 
-0.990125 0.086485 0.110335 
-0.949193 0.073958 0.305882 
-0.995298 -0.062826 0.073722 
-0.984676 0.174135 -0.009495 
-0.999828 -0.014684 -0.011356 
-0.974848 0.183779 0.126084 
-0.930373 0.051491 0.362981 
-0.935763 -0.027357 0.351567 
-0.907604 0.111859 0.404651 
-0.868318 0.096805 0.486470 
-0.733614 0.119423 0.668991 
-0.650573 0.069554 0.756252 
-0.610248 0.065737 0.789478 
-0.584673 -0.141658 0.798805 
-0.420684 -0.171894 0.890773 
-0.530510 -0.195554 0.824813 
-0.388576 -0.296818 0.872300 
-0.280355 -0.066743 0.957573 
-0.493980 -0.109915 0.862498 
-0.321463 0.096690 0.941973 
-0.436845 0.300849 0.847736 
-0.441987 0.122769 0.888581 
-0.539781 0.362555 0.759730 
-0.445664 0.431870 0.784138 
-0.422180 0.235191 0.875471 
-0.442296 0.340241 0.829825 
-0.400601 0.141802 0.905213 
-0.572751 0.053486 0.817982 
-0.648158 0.190495 0.737295 
-0.542376 0.356228 0.760874 
-0.490810 0.238833 0.837893 
-0.323863 0.220749 0.919990 
-0.249769 0.259317 0.932936 
-0.154145 0.473490 0.867206 
-0.085980 0.458583 0.884483 
0.110937 0.534177 0.838062 
0.056178 0.531638 0.845107 
0.251294 0.439528 0.862361 
0.280504 0.383676 0.879836 
0.099393 0.276487 0.955864 
0.208860 0.302298 0.930050 
0.371254 0.259434 0.891552 
0.555704 0.372623 0.743199 
0.490126 0.460170 0.740284 
0.554203 0.332390 0.763135 
0.294181 0.446236 0.845181 
0.518032 0.532343 0.669517 
0.518250 0.544485 0.659510 
0.543193 0.349878 0.763234 
0.608517 0.225084 0.760950 
0.543474 0.219466 0.810229 
0.248290 0.324978 0.912547 
0.455057 0.423385 0.783369 
0.318135 0.425589 0.847150 
0.417170 0.414452 0.808826 
0.306420 0.350393 0.885060 
0.210091 0.212028 0.954414 
0.305243 -0.020001 0.952064 
0.297743 -0.183642 0.936816 
0.252811 -0.200154 0.946586 
0.330948 -0.404479 0.852567 
0.527906 -0.378982 0.760058 
0.653062 -0.259576 0.711428 
0.528287 -0.391125 0.753614 
0.628252 -0.102424 0.771239 
0.577065 -0.153086 0.802222 
0.552109 -0.259419 0.792388 
0.410424 -0.363400 0.836356 
0.623313 -0.333435 0.707320 
0.756823 -0.284569 0.588422 
0.765381 -0.163801 0.622384 
0.926051 -0.097450 0.364599 
0.874765 0.090440 0.476033 
0.913359 -0.203814 0.352470 
0.857885 -0.333251 0.391123 
0.795995 -0.457802 0.395990 
0.892552 -0.415152 0.176068 
0.922170 -0.386719 -0.007140 
0.950532 -0.308817 0.033482 
0.983441 -0.174208 0.049946 
0.978374 -0.150120 -0.142295 
0.936121 0.056274 -0.347145 
0.930296 0.075496 -0.358956 
0.818745 0.234797 -0.523954 
0.783643 0.250359 -0.568527 
0.817662 0.094321 -0.567919 
0.672020 0.217854 -0.707763 
