219
180
180
184
175
174
165
192
199
177
173
203
165
165
191
161
189
133
161
173
201
202
214
189
177
194
169
188
161
187
198
163
164
152
200
188
211
164
184
172
193
186
178
188
195
204
185
226
194
163
185
164
205
175
187
170
173
184
178
210
186
216
185
202
177
197
194
218
195
160
193
206
172
162
183
193
167
179
167
187
178
166
187
169
152
172
194
178
179
181
186
142
183
192
170
161
175
160
178
168
206
175
183
155
163
188
199
161
205
188
147
181
170
187
170
210
189
170
154
185
170
146
170
178
192
173
199
206
187
166
195
164
178
198
167
166
190
198
189
160
179
179
171
179
185
164
200
174
181
146
180
218
180
207
181
203
187
184
189
189
148
196
167
188
158
194
189
163
171
187
201
189
165
161
204
173
172
203
215
170
193
197
166
194
180
221
171
185
178
196
167
173
153
154
174
175
173
150
160
154
