177
155
183
183
201
185
172
180
199
195
169
153
188
187
166
182
186
199
192
187
174
230
208
185
181
204
198
186
187
190
202
188
172
172
167
165
184
170
202
177
190
134
177
188
158
166
170
197
170
165
152
197
157
148
168
175
166
191
166
183
191
196
186
179
172
195
184
168
197
195
149
167
174
172
179
174
178
167
194
177
210
189
165
204
162
149
150
176
179
150
154
168
180
175
163
134
152
170
189
169
195
173
184
168
194
145
191
163
158
178
180
180
179
187
175
184
181
168
183
204
164
148
177
171
162
141
171
162
172
176
198
172
156
156
162
170
193
179
198
155
173
159
163
150
191
202
189
183
171
174
166
154
171
164
201
166
177
152
209
185
169
184
176
199
159
174
151
180
162
193
190
163
197
173
192
179
172
164
201
195
186
162
170
160
171
177
198
152
182
157
176
210
169
158
203
168
192
159
203
166
