0.046582 0.157183 -1.032823 
-0.052819 0.250151 -0.976832 
-0.219620 0.187752 -0.973729 
-0.041424 0.195526 -0.996052 
-0.268378 0.079106 -0.993243 
-0.461877 -0.102544 -0.922285 
-0.452544 0.152330 -0.914208 
-0.498829 -0.142328 -0.904974 
-0.675108 -0.167006 -0.754244 
-0.807198 0.005592 -0.638950 
-0.714834 0.042233 -0.707794 
-0.500627 0.081882 -0.912024 
-0.568731 0.099219 -0.823183 
-0.322862 -0.002621 -0.998670 
-0.108153 -0.047103 -1.015875 
0.043860 -0.010749 -1.010891 
-0.071186 -0.122439 -1.002784 
0.022974 -0.313752 -0.973246 
-0.008027 -0.271214 -0.963701 
0.115170 -0.267483 -0.964562 
0.188003 -0.138831 -0.983638 
0.319046 -0.124810 -0.949243 
0.317053 0.010869 -0.958000 
0.108087 0.155886 -1.015863 
0.212691 0.308435 -0.947325 
0.052748 0.294126 -0.967761 
0.113277 0.254432 -0.963083 
0.247164 0.089517 -0.988254 
0.019332 -0.026552 -1.032343 
0.140977 -0.212702 -0.992395 
0.060013 -0.287311 -0.962425 
0.288379 -0.256167 -0.951015 
0.258534 -0.469791 -0.874183 
0.077830 -0.640978 -0.805662 
0.269605 -0.670524 -0.722013 
0.252931 -0.801993 -0.575636 
0.305848 -0.817471 -0.497042 
0.319958 -0.693681 -0.683029 
0.238581 -0.639314 -0.739245 
-0.011272 -0.710646 -0.749966 
-0.048395 -0.798333 -0.620517 
-0.100897 -0.861124 -0.515599 
-0.220639 -0.849447 -0.494570 
-0.231102 -0.813503 -0.536578 
-0.396531 -0.810412 -0.467113 
-0.321688 -0.911146 -0.321141 
-0.279639 -0.899531 -0.338400 
-0.500208 -0.841753 -0.306953 
-0.496686 -0.881302 -0.116831 
-0.510214 -0.818858 -0.370400 
-0.415893 -0.905971 -0.214378 
-0.430165 -0.871669 -0.238137 
-0.471756 -0.806165 -0.399504 
-0.435565 -0.831181 -0.351321 
-0.375710 -0.913774 -0.224417 
-0.325623 -0.973023 -0.007588 
-0.405567 -0.920444 0.208838 
-0.324106 -0.913184 0.264814 
-0.103596 -0.979925 0.287370 
0.103006 -1.010451 0.163340 
0.269463 -0.997201 -0.040658 
0.371978 -0.934961 -0.029229 
0.242527 -0.978337 -0.059648 
0.251619 -0.951553 -0.297570 
0.247691 -0.861955 -0.489760 
0.344072 -0.727594 -0.631893 
0.388050 -0.636046 -0.675688 
0.402231 -0.518542 -0.769477 
0.655618 -0.405125 -0.698574 
0.595694 -0.329649 -0.738762 
0.564716 -0.566815 -0.651612 
0.436566 -0.718911 -0.579881 
0.417404 -0.908573 -0.321103 
0.487495 -0.792222 -0.395160 
0.556752 -0.606215 -0.655385 
0.337974 -0.694727 -0.675662 
0.579297 -0.570713 -0.642439 
0.521068 -0.697244 -0.523899 
0.350801 -0.739713 -0.605817 
0.188155 -0.738562 -0.670377 
0.303955 -0.812121 -0.534081 
0.140090 -0.791448 -0.623658 
0.041364 -0.711504 -0.719015 
-0.261301 -0.719607 -0.710965 
-0.320207 -0.672470 -0.671207 
-0.401287 -0.498786 -0.802609 
-0.443148 -0.598674 -0.685521 
-0.549153 -0.654773 -0.549857 
-0.669133 -0.697490 -0.349245 
-0.776146 -0.574799 -0.307682 
-0.604437 -0.820964 -0.236018 
-0.509397 -0.834177 -0.227566 
-0.245521 -0.958544 -0.346681 
-0.083044 -0.890679 -0.502823 
-0.242852 -0.766714 -0.642597 
-0.318144 -0.657420 -0.697374 
-0.259256 -0.624003 -0.741514 
-0.189571 -0.576680 -0.801355 
-0.318021 -0.460105 -0.848186 
-0.268335 -0.337345 -0.914243 
-0.031091 -0.375825 -0.957775 
0.019477 -0.426118 -0.908148 
0.181236 -0.395304 -0.915449 
0.393944 -0.235590 -0.927372 
0.477418 -0.219845 -0.857135 
0.378515 -0.160041 -0.921163 
0.423060 -0.084480 -0.906486 
0.412707 -0.225899 -0.893809 
0.453402 -0.464347 -0.803368 
0.424621 -0.656162 -0.666629 
0.184206 -0.684365 -0.750011 
0.141233 -0.589532 -0.803218 
0.382453 -0.536518 -0.791812 
0.170861 -0.686837 -0.753013 
0.008511 -0.775990 -0.662661 
0.011022 -0.725756 -0.689935 
-0.075205 -0.813391 -0.597058 
-0.006943 -0.692437 -0.750440 
0.195937 -0.574098 -0.832777 
0.109255 -0.430752 -0.914517 
-0.057509 -0.405875 -0.927510 
-0.142895 -0.263232 -0.969265 
-0.170167 -0.453974 -0.898279 
-0.033534 -0.591180 -0.831228 
0.102000 -0.414693 -0.936963 
0.222664 -0.234246 -0.971057 
0.038849 -0.331418 -0.965075 
-0.156154 -0.498188 -0.893291 
-0.209622 -0.661474 -0.752722 
-0.374274 -0.525308 -0.794216 
-0.297476 -0.481693 -0.829450 
-0.400676 -0.260689 -0.915644 
-0.258616 -0.122622 -0.979991 
-0.095074 -0.141499 -0.998981 
-0.040594 -0.217296 -0.979814 
-0.030942 -0.215096 -0.976149 
0.070402 -0.454884 -0.926477 
-0.149753 -0.484925 -0.889909 
-0.268724 -0.415317 -0.879662 
-0.120217 -0.232212 -1.000911 
-0.093491 -0.036021 -1.013976 
0.016297 -0.104626 -1.002656 
-0.173901 -0.057665 -1.002370 
-0.339664 0.064533 -0.961351 
-0.133080 -0.089012 -1.021660 
-0.025768 0.001635 -1.008990 
0.018026 -0.012394 -1.000808 
0.218789 -0.111004 -0.994924 
0.114574 -0.178554 -0.984838 
-0.054020 -0.069267 -1.016666 
0.015757 0.152956 -1.014984 
0.264607 0.007598 -1.006157 
0.221367 -0.043215 -0.976140 
0.038757 0.038248 -1.019251 
-0.173133 0.273091 -0.997761 
-0.158598 0.198500 -0.969351 
-0.083534 0.443934 -0.929206 
-0.262352 0.260923 -0.963663 
-0.011467 0.220135 -1.008455 
-0.057604 0.090805 -1.003134 
0.147073 0.255340 -0.991061 
0.040346 0.050203 -1.024344 
-0.209299 0.056731 -1.007438 
-0.044748 0.120985 -1.006795 
0.066764 0.046282 -1.005580 
-0.043430 0.050369 -1.003823 
0.056814 -0.022606 -1.005785 
-0.058019 0.100902 -1.007392 
-0.108270 -0.086495 -1.009080 
-0.300802 -0.156179 -0.963724 
-0.181671 -0.167107 -0.976255 
-0.222562 -0.117668 -0.969911 
-0.074039 -0.129497 -1.000438 
0.051461 -0.133167 -0.997626 
0.198245 -0.017472 -0.997629 
0.213242 -0.202155 -0.973788 
0.271124 -0.344038 -0.913741 
0.371149 -0.515086 -0.804901 
0.239118 -0.494389 -0.846996 
0.061472 -0.387760 -0.948118 
-0.105818 -0.306458 -0.963869 
0.067596 -0.340086 -0.954348 
-0.108357 -0.481648 -0.899995 
-0.258052 -0.470307 -0.857808 
-0.220177 -0.483408 -0.848175 
-0.018962 -0.563235 -0.853990 
-0.202543 -0.662521 -0.756662 
-0.177036 -0.534934 -0.840071 
0.056362 -0.457639 -0.924580 
0.128854 -0.460878 -0.881482 
0.208170 -0.414654 -0.890635 
0.044100 -0.461547 -0.902367 
-0.082069 -0.226202 -1.012592 
-0.094099 -0.402984 -0.930199 
-0.090704 -0.373821 -0.923370 
0.015027 -0.340120 -0.947085 
-0.174237 -0.273508 -0.967190 
-0.369701 -0.322818 -0.896825 
-0.452915 -0.242327 -0.866025 
-0.302733 -0.390563 -0.895063 
