-0.451654 -0.405970 0.838325 
-0.296390 -0.558015 0.804908 
-0.349606 -0.679678 0.671370 
-0.172892 -0.651048 0.766143 
-0.397522 -0.472689 0.840170 
-0.470400 -0.601933 0.679906 
-0.371369 -0.668034 0.655790 
-0.132531 -0.781042 0.665025 
-0.277742 -0.651046 0.735358 
-0.318520 -0.603750 0.733150 
-0.295280 -0.740288 0.628434 
-0.232231 -0.757398 0.613741 
-0.077338 -0.631465 0.824285 
-0.257766 -0.527372 0.835009 
-0.436763 -0.328844 0.879850 
-0.225798 -0.458987 0.893697 
-0.259461 -0.467006 0.846816 
-0.211705 -0.379520 0.908211 
-0.318832 -0.268013 0.922267 
-0.310987 -0.181064 0.937124 
-0.235458 -0.233513 0.947939 
-0.126743 -0.023082 1.022257 
-0.279553 -0.102216 0.970942 
-0.438211 0.012520 0.921084 
-0.529123 -0.000071 0.855755 
-0.480708 0.026046 0.878491 
-0.243574 0.122568 1.003391 
-0.358736 0.230824 0.920988 
-0.111468 0.397625 0.958985 
0.114898 0.482501 0.902070 
-0.133453 0.368399 0.961142 
0.003020 0.354049 0.944619 
0.001217 0.329952 0.944265 
-0.177778 0.245811 0.973629 
-0.028531 0.315540 0.962543 
0.135884 0.108326 1.021296 
0.309355 0.039032 0.969073 
0.356158 0.247946 0.926808 
0.131898 0.272497 0.980608 
0.297118 0.240931 0.939656 
0.233734 0.420440 0.897979 
0.270420 0.213681 0.964012 
0.169637 0.162713 0.978337 
0.091580 0.071553 1.000678 
-0.059698 -0.060413 1.016505 
-0.129693 -0.232030 0.982078 
0.080864 -0.326257 0.969579 
0.195222 -0.094600 1.010273 
0.013861 -0.188211 1.002492 
-0.157013 -0.425020 0.939941 
0.057981 -0.249551 1.006965 
-0.084064 -0.367163 0.945707 
-0.264180 -0.225263 0.965459 
-0.084985 -0.040521 1.029982 
0.032086 0.088368 1.010293 
0.098494 0.013031 1.000052 
0.079088 -0.170563 0.999356 
0.111089 -0.267755 0.963052 
0.157304 -0.141016 0.986969 
0.366026 0.074551 0.974966 
0.093761 0.178445 1.022038 
-0.105862 0.102637 1.011056 
0.093723 -0.036961 1.024143 
-0.026656 0.161951 1.013111 
-0.059720 0.385985 0.949765 
-0.145422 0.259259 0.966749 
0.076313 0.304530 0.976017 
0.044227 0.412675 0.918242 
0.181598 0.266394 0.968936 
0.225801 0.311211 0.926023 
0.432508 0.053450 0.959350 
0.291686 -0.119095 0.973475 
0.315840 -0.162870 0.936508 
0.124544 -0.126652 1.005543 
0.165642 -0.281915 0.959458 
0.437236 -0.407798 0.861168 
0.386399 -0.373404 0.844378 
0.431638 -0.537819 0.749956 
0.189521 -0.558187 0.849133 
-0.037888 -0.480449 0.909977 
-0.223805 -0.275101 0.977024 
-0.022432 -0.360520 0.957189 
0.059653 -0.166880 1.007380 
0.166697 -0.094925 0.989760 
-0.009440 0.128095 1.032484 
-0.106104 -0.116385 1.021177 
-0.054150 -0.283775 0.973854 
-0.013619 -0.445490 0.912503 
0.180103 -0.580343 0.832271 
0.065298 -0.516137 0.864133 
0.218641 -0.531968 0.832986 
0.453091 -0.539144 0.751973 
0.433428 -0.634657 0.653885 
0.636000 -0.543624 0.593975 
0.524139 -0.632942 0.586961 
0.525139 -0.778991 0.411577 
0.456265 -0.812412 0.372234 
0.369432 -0.894978 0.289384 
0.157748 -0.902367 0.499933 
-0.032295 -1.018320 0.259611 
-0.078850 -1.015568 0.056500 
-0.174523 -1.000328 -0.167646 
-0.313161 -0.984829 0.063361 
-0.526123 -0.873095 0.169680 
-0.430290 -0.929169 -0.025048 
-0.428189 -0.901909 -0.079863 
-0.310033 -0.950470 -0.145130 
-0.355860 -0.927309 -0.127664 
-0.156909 -0.980897 -0.281870 
-0.149608 -0.958299 -0.245210 
-0.358499 -0.936792 -0.200084 
-0.397441 -0.946639 0.032383 
-0.173656 -1.012743 -0.016160 
0.054292 -1.026343 0.145000 
0.207334 -1.002281 -0.013688 
0.085130 -1.000495 -0.231245 
-0.119640 -0.951534 -0.383032 
-0.117015 -0.848125 -0.552612 
-0.195658 -0.794342 -0.583442 
-0.347234 -0.777414 -0.547354 
-0.237421 -0.902141 -0.417314 
-0.348502 -0.936147 -0.226855 
-0.448340 -0.849311 -0.321881 
-0.326490 -0.893153 -0.335361 
-0.513965 -0.777523 -0.435669 
-0.709184 -0.737023 -0.209541 
-0.668542 -0.791128 0.062726 
-0.610071 -0.781397 0.185416 
-0.578917 -0.825359 0.056217 
-0.484824 -0.878485 0.070721 
-0.336704 -0.959403 -0.002612 
-0.221232 -0.982063 -0.034642 
-0.343647 -0.952827 0.129685 
-0.479538 -0.887917 0.079798 
-0.421285 -0.893840 0.208111 
-0.385874 -0.887886 0.257705 
-0.401891 -0.907943 0.157524 
-0.385869 -0.880941 0.320014 
-0.374959 -0.845329 0.388165 
-0.217657 -0.974434 0.251412 
-0.451031 -0.869026 0.336637 
-0.442990 -0.763481 0.511138 
-0.361847 -0.902874 0.333337 
-0.441610 -0.886713 0.203489 
-0.707019 -0.718201 0.305740 
-0.803503 -0.573224 0.240031 
-0.870572 -0.442382 0.261190 
-0.846066 -0.427407 0.326242 
-0.966845 -0.295122 0.178745 
-0.995619 -0.127485 0.147316 
-1.005309 0.016051 0.106180 
-0.974924 -0.198535 0.321297 
-0.898650 -0.092965 0.469827 
-0.830862 -0.143915 0.549724 
-0.743493 -0.261101 0.639015 
-0.851858 -0.383017 0.440030 
-0.979651 -0.160903 0.309787 
-0.893544 -0.074818 0.492558 
-0.858105 -0.298778 0.474954 
-0.800867 -0.472186 0.414715 
-0.653769 -0.679986 0.417984 
-0.542517 -0.634231 0.588060 
-0.581269 -0.728286 0.414455 
-0.440997 -0.769778 0.489487 
-0.512205 -0.782246 0.378341 
-0.611843 -0.813590 0.155542 
-0.755578 -0.676548 0.109714 
-0.800092 -0.616781 -0.015402 
-0.817237 -0.584801 0.273392 
-0.929006 -0.366636 0.248068 
-0.804751 -0.592424 0.259042 
-0.729134 -0.654394 0.223414 
-0.774482 -0.700195 -0.080683 
-0.796566 -0.608593 -0.051184 
-0.868731 -0.495002 -0.205095 
-0.768253 -0.549140 -0.397123 
-0.869935 -0.348478 -0.414846 
-0.776658 -0.565012 -0.367162 
-0.739547 -0.485715 -0.488650 
-0.704217 -0.560927 -0.445112 
-0.726165 -0.621269 -0.324568 
-0.684007 -0.687357 -0.263547 
-0.647388 -0.787103 -0.079834 
-0.722811 -0.712579 0.082076 
-0.680390 -0.705171 0.292767 
-0.684571 -0.631942 0.380148 
-0.883281 -0.447616 0.312234 
-0.712965 -0.646742 0.381267 
-0.602962 -0.787255 0.252612 
-0.718453 -0.696601 0.165073 
-0.558345 -0.853246 0.113409 
-0.594744 -0.807125 0.046147 
-0.674070 -0.742648 0.072268 
-0.622369 -0.754628 0.354249 
-0.740443 -0.580848 0.398542 
-0.674205 -0.616654 0.413013 
-0.844605 -0.458558 0.364358 
-0.787675 -0.619730 0.215042 
-0.560732 -0.859163 0.236849 
-0.469521 -0.783875 0.490552 
