-0.240295 0.933221 0.320347 
-0.041292 0.946843 0.380763 
-0.109774 0.994677 0.197063 
-0.280989 0.933538 0.307111 
-0.219766 0.943561 0.258981 
-0.289935 0.896289 0.360693 
-0.578194 0.848736 0.222790 
-0.547246 0.827205 0.145258 
-0.663497 0.717332 0.316290 
-0.580383 0.823074 0.162987 
-0.750644 0.713823 -0.018191 
-0.641170 0.771410 -0.224338 
-0.697828 0.697246 -0.189771 
-0.795499 0.632669 -0.043772 
-0.905643 0.451333 -0.259745 
-0.755575 0.535979 -0.456195 
-0.599546 0.760383 -0.377158 
-0.552717 0.834122 -0.194995 
-0.557490 0.783300 -0.297179 
-0.356395 0.979275 -0.136490 
-0.249775 0.991915 0.068605 
-0.349122 0.923267 0.323200 
-0.236254 0.920989 0.327463 
-0.239535 0.907852 0.344790 
-0.268327 0.857005 0.458014 
-0.094153 0.874605 0.509328 
-0.071947 0.859752 0.506066 
0.188392 0.847087 0.564147 
-0.070194 0.927044 0.466151 
-0.179642 0.841851 0.529816 
-0.171276 0.948611 0.342437 
-0.034748 1.037082 0.097036 
0.069546 0.988906 0.196128 
-0.075097 0.956572 0.356021 
0.137740 0.886048 0.523032 
0.018109 0.738248 0.729334 
-0.058432 0.672749 0.743578 
-0.061267 0.853397 0.573907 
0.086311 0.915383 0.443190 
0.169964 0.877167 0.458199 
0.276825 0.900958 0.363987 
0.216483 0.945497 0.270854 
0.413522 0.924934 0.158861 
0.657476 0.810729 0.023872 
0.559896 0.831098 0.091212 
0.649759 0.776192 -0.028998 
0.586161 0.809580 -0.117850 
0.465117 0.875505 -0.212143 
0.301487 0.986067 -0.048525 
0.512013 0.886895 -0.069345 
0.348751 0.942130 -0.177218 
0.334845 0.956833 -0.010607 
0.431139 0.909924 0.115329 
0.460862 0.863587 0.251342 
0.304083 0.962834 0.155116 
0.483341 0.899028 0.057797 
0.552437 0.828604 0.179974 
0.381770 0.926666 0.184837 
0.223709 0.929735 0.390450 
0.179271 0.877423 0.453413 
0.400172 0.749572 0.605095 
0.574311 0.735532 0.432957 
0.639877 0.752075 0.249608 
0.488006 0.882115 0.171588 
0.508428 0.795741 0.422835 
0.710189 0.738422 0.203326 
0.782717 0.585000 0.278590 
0.871106 0.484544 0.182434 
0.849608 0.549413 0.038607 
0.770202 0.639260 0.179332 
0.882843 0.499804 0.097013 
0.905864 0.426202 0.065738 
0.849461 0.521214 0.177004 
0.977015 0.281899 0.199704 
0.868792 0.467287 0.279133 
0.906742 0.247327 0.436621 
0.902875 0.058556 0.465340 
0.855084 0.005547 0.526640 
0.880840 0.229831 0.474325 
0.814238 0.184572 0.562606 
0.768843 0.410935 0.541937 
0.833018 0.267561 0.509432 
0.797564 0.358277 0.495044 
0.905303 0.326460 0.334834 
0.856830 0.498884 0.240106 
0.774261 0.598713 0.241750 
0.843256 0.528831 0.159830 
0.749486 0.684649 0.087837 
0.683490 0.698146 0.326343 
0.569584 0.645152 0.583328 
0.537889 0.754800 0.422299 
0.653991 0.573303 0.554150 
0.823381 0.438077 0.435999 
0.715775 0.575361 0.431508 
0.820449 0.600195 0.190248 
0.639792 0.797035 0.162444 
0.483775 0.842043 0.333850 
0.517770 0.835658 0.217938 
0.322724 0.932644 0.277427 
0.073421 0.973386 0.337519 
-0.020757 1.009524 0.153244 
0.002634 0.993452 0.120338 
-0.129994 0.983709 0.197709 
-0.085724 0.951288 0.327914 
-0.030293 1.032909 0.075241 
-0.047663 1.001547 0.001831 
-0.247682 0.989000 0.189336 
-0.319777 0.968564 -0.000734 
-0.109037 1.016950 -0.189461 
-0.256778 1.001741 0.034517 
-0.403280 0.933748 -0.122349 
-0.548290 0.824820 -0.271011 
-0.488776 0.819051 -0.307285 
-0.400358 0.906691 -0.207533 
-0.539682 0.818589 -0.261981 
-0.427896 0.837255 -0.376299 
-0.574174 0.806018 -0.245110 
-0.422305 0.865745 -0.323269 
-0.359763 0.861255 -0.366549 
-0.407336 0.921491 -0.170746 
-0.505532 0.844611 -0.220497 
-0.328846 0.900029 -0.373337 
-0.401830 0.820383 -0.422875 
-0.375095 0.788618 -0.494104 
-0.458707 0.693191 -0.576092 
-0.472291 0.756050 -0.469733 
-0.287728 0.831693 -0.517183 
-0.509716 0.791090 -0.417977 
-0.529371 0.708820 -0.476482 
-0.539558 0.777646 -0.352579 
-0.428417 0.840118 -0.356128 
-0.437821 0.886882 -0.211710 
-0.338903 0.937072 -0.151229 
-0.511223 0.898700 0.049710 
-0.390855 0.934616 -0.093125 
-0.323848 0.945423 -0.076657 
-0.364835 0.911405 -0.293154 
-0.186259 0.940912 -0.337859 
-0.339971 0.937363 -0.212030 
-0.118992 0.943419 -0.446280 
-0.012700 0.910717 -0.425097 
0.195746 0.931477 -0.374734 
0.055319 0.945592 -0.350401 
0.237903 1.019045 -0.094698 
0.338487 0.952294 0.002480 
0.325912 0.945595 -0.054989 
0.238958 0.965815 -0.191784 
0.431882 0.952725 0.052691 
0.548653 0.837772 0.232480 
0.460018 0.925305 0.002089 
0.441101 0.897291 0.080043 
0.439298 0.881147 0.232739 
0.238779 0.959513 0.263597 
0.406168 0.960310 0.018575 
0.479591 0.877357 0.296608 
0.649903 0.752133 0.240622 
0.570278 0.773832 0.291243 
0.554644 0.834497 0.145433 
0.670859 0.755927 0.065999 
0.631974 0.786797 -0.089273 
0.577000 0.842627 0.162494 
0.684294 0.738301 0.105517 
0.758151 0.627168 0.287434 
0.610707 0.772702 0.269416 
0.594274 0.790480 0.175762 
0.600778 0.710261 0.489144 
0.788460 0.605474 0.301134 
0.886003 0.455664 0.213373 
0.883307 0.414948 0.221262 
0.791671 0.642584 0.157085 
0.664983 0.722951 0.258844 
0.548573 0.826022 0.208004 
0.387278 0.883343 0.341616 
0.603537 0.768046 0.325033 
0.750783 0.665215 0.201286 
0.823422 0.605700 0.009704 
0.758712 0.659740 -0.216099 
0.712474 0.639068 -0.306410 
0.733760 0.656008 -0.205365 
0.657305 0.642786 -0.494097 
0.571012 0.483698 -0.723499 
0.750534 0.232560 -0.690873 
0.684818 0.447708 -0.619761 
0.656445 0.295473 -0.717343 
0.835836 0.068581 -0.623587 
0.853753 0.043418 -0.526794 
0.968637 -0.091569 -0.343845 
0.912614 0.013817 -0.433917 
0.828885 -0.126475 -0.589765 
0.724979 -0.196332 -0.677158 
0.791325 -0.014946 -0.641873 
0.743029 -0.118831 -0.668786 
0.805656 0.033237 -0.616109 
0.817003 -0.101640 -0.584205 
0.828976 0.037331 -0.575197 
0.749768 0.063736 -0.670653 
0.881125 -0.142033 -0.531387 
0.953762 -0.137183 -0.336565 
0.974877 -0.099124 -0.229574 
0.964181 -0.199763 -0.203323 
