-0.183204 -0.677190 0.714990 
-0.275724 -0.732905 0.636161 
-0.406211 -0.760443 0.533769 
-0.441955 -0.825931 0.386678 
-0.415075 -0.810551 0.415099 
-0.231902 -0.895418 0.430631 
-0.202274 -0.881697 0.427039 
-0.123686 -0.854170 0.520317 
-0.083469 -0.751073 0.684042 
-0.239059 -0.659790 0.736512 
-0.052242 -0.783770 0.662174 
0.193037 -0.886172 0.517846 
0.171307 -0.784187 0.610966 
-0.062428 -0.679567 0.796338 
0.035232 -0.729976 0.696784 
0.197287 -0.633122 0.775914 
0.007838 -0.833557 0.633318 
0.015671 -0.904706 0.462073 
-0.034320 -0.957045 0.326118 
0.083620 -0.897649 0.476652 
-0.129779 -0.808688 0.639293 
-0.177470 -0.733146 0.661791 
-0.288712 -0.668509 0.698293 
-0.230250 -0.808034 0.576037 
-0.095121 -0.668926 0.792110 
-0.307728 -0.552675 0.810693 
-0.152113 -0.466452 0.892667 
-0.143829 -0.669602 0.766688 
-0.363581 -0.717869 0.645711 
-0.306485 -0.683128 0.665782 
-0.441239 -0.610165 0.675709 
-0.319941 -0.630916 0.718632 
-0.243738 -0.715403 0.666612 
-0.212428 -0.810010 0.564797 
-0.493151 -0.645957 0.676486 
-0.271857 -0.727152 0.670557 
-0.028629 -0.850250 0.596182 
0.142131 -0.858062 0.525572 
0.126662 -0.918150 0.400298 
-0.025257 -0.961559 0.324604 
-0.195552 -0.982050 0.203162 
0.063040 -1.022894 0.145340 
-0.043010 -0.961943 0.370411 
-0.128270 -0.944060 0.318682 
0.128544 -0.985841 0.283714 
0.354191 -0.861987 0.488396 
0.306127 -0.895593 0.351612 
0.303428 -0.840701 0.466013 
0.549556 -0.867432 0.240281 
0.735025 -0.759585 -0.034226 
0.848113 -0.564038 -0.167313 
0.885634 -0.385044 -0.381910 
0.752560 -0.489993 -0.480031 
0.830565 -0.523430 -0.284858 
0.782676 -0.607635 -0.189975 
0.873695 -0.542059 0.022570 
0.841182 -0.531457 0.240087 
0.770492 -0.499235 0.458641 
0.743133 -0.589158 0.347921 
0.798705 -0.499303 0.351912 
0.841704 -0.468701 0.281961 
0.866978 -0.407804 0.294154 
0.856638 -0.565942 0.097766 
0.703108 -0.765519 -0.042970 
0.538213 -0.857725 -0.122751 
0.316917 -0.961393 -0.202337 
0.348813 -0.963943 0.024551 
0.430581 -0.909429 -0.057984 
0.303526 -0.951721 -0.201188 
0.186638 -1.009518 -0.007848 
0.340439 -0.954131 0.012220 
0.575697 -0.854780 0.127558 
0.663314 -0.735199 0.220552 
0.598472 -0.701458 0.461491 
0.459446 -0.887698 0.289195 
0.443956 -0.844811 0.299566 
0.261942 -0.900036 0.412664 
0.382408 -0.920861 0.230733 
0.333073 -0.943839 0.116759 
0.425675 -0.886923 0.246476 
0.387673 -0.844289 0.407133 
0.550022 -0.666587 0.585343 
0.416754 -0.612249 0.694370 
0.603021 -0.464224 0.690832 
0.685813 -0.339607 0.660932 
0.513379 -0.360804 0.811847 
0.517378 -0.288640 0.808432 
0.518481 -0.477313 0.737543 
0.527231 -0.536318 0.665394 
0.520444 -0.602720 0.610957 
0.672527 -0.483798 0.592655 
0.513328 -0.426837 0.787800 
0.255310 -0.336703 0.961988 
0.145941 -0.119977 1.011493 
0.276624 -0.175069 0.956616 
0.447539 -0.333520 0.866483 
0.218346 -0.391206 0.926152 
0.134043 -0.314721 0.946317 
0.050139 -0.414755 0.918291 
0.260677 -0.453391 0.879614 
0.121873 -0.672844 0.780473 
0.253838 -0.793405 0.605879 
0.073247 -0.758399 0.676282 
-0.123699 -0.928223 0.478893 
-0.185056 -0.843884 0.512796 
-0.320296 -0.840822 0.459897 
-0.329932 -0.885636 0.348221 
-0.431785 -0.864122 0.285592 
-0.456706 -0.849545 0.266175 
-0.338657 -0.867244 0.410063 
-0.184284 -0.951464 0.316453 
-0.057794 -0.928579 0.396087 
-0.174543 -0.865666 0.498003 
-0.336786 -0.933791 0.294566 
-0.344011 -0.881115 0.328675 
-0.316507 -0.796987 0.578832 
-0.530792 -0.708831 0.521185 
-0.575769 -0.707123 0.423428 
-0.552970 -0.789302 0.304375 
-0.379134 -0.882379 0.343454 
-0.273107 -0.827880 0.541268 
-0.407692 -0.908384 0.300690 
-0.337804 -0.933421 0.181136 
-0.215624 -0.973050 0.154322 
-0.481182 -0.876945 0.333495 
-0.608212 -0.767668 0.265521 
-0.761707 -0.624661 0.270970 
-0.813176 -0.464455 0.413877 
-0.747503 -0.626433 0.302137 
-0.875785 -0.495069 0.186116 
-0.845706 -0.474786 0.254628 
-0.956037 -0.308551 0.187381 
-0.997920 -0.186825 0.054582 
-1.014513 0.001839 0.085455 
-0.990649 0.179083 0.149220 
-0.958791 0.151678 0.272861 
-0.892062 0.227078 0.434620 
-0.784219 0.230537 0.612107 
-0.744301 0.441248 0.548544 
-0.735237 0.502451 0.465868 
-0.699073 0.342891 0.684205 
-0.598275 0.316426 0.745101 
-0.644760 0.303647 0.704293 
-0.657027 0.497223 0.606801 
-0.530036 0.655294 0.575501 
-0.512253 0.447707 0.791782 
-0.423755 0.529502 0.744884 
-0.572561 0.434494 0.717801 
-0.349664 0.518349 0.822480 
-0.494813 0.577525 0.681821 
-0.330746 0.675931 0.685479 
-0.212588 0.531555 0.858248 
-0.120779 0.502205 0.861103 
-0.329480 0.366369 0.906225 
-0.152891 0.293062 0.964191 
-0.202858 0.263907 0.944751 
-0.337991 0.504406 0.846778 
-0.468008 0.526810 0.729895 
-0.524479 0.507611 0.687322 
-0.467058 0.696040 0.588220 
-0.568887 0.635264 0.537465 
-0.576393 0.817283 0.299380 
-0.753195 0.653084 0.254018 
-0.794815 0.462855 0.503215 
-0.919234 0.304321 0.351631 
-0.840065 0.282966 0.488693 
-0.759517 0.517739 0.465893 
-0.770934 0.597841 0.290752 
-0.857254 0.565167 0.066092 
-0.771817 0.644705 0.043976 
-0.850696 0.551027 -0.118559 
-0.716871 0.702420 -0.198925 
-0.854477 0.483186 -0.358006 
-0.867595 0.510143 -0.159336 
-0.843462 0.473713 -0.285887 
-0.733982 0.586896 -0.390496 
-0.698138 0.566449 -0.442536 
-0.684483 0.646070 -0.357527 
-0.620062 0.767020 -0.243004 
-0.593298 0.820903 -0.075178 
-0.747755 0.713428 0.181574 
-0.604315 0.742071 0.374682 
-0.513353 0.709570 0.509668 
-0.458704 0.703919 0.546131 
-0.580660 0.685155 0.464061 
-0.664178 0.738773 0.256611 
-0.486133 0.881880 0.201304 
-0.390385 0.854738 0.414115 
-0.330858 0.973084 0.159326 
-0.086428 1.016400 0.140791 
-0.188763 1.005170 -0.058464 
-0.123601 0.989692 -0.107242 
-0.310262 0.975243 0.003820 
-0.353290 0.937517 -0.132341 
-0.214560 1.005554 0.060061 
-0.046823 1.018520 -0.071266 
0.173457 1.017846 0.091088 
0.082431 0.983198 0.235905 
0.211041 0.970809 0.180427 
0.412431 0.961531 -0.059685 
