171
197
153
198
215
165
156
193
180
202
196
186
175
196
177
192
205
185
176
216
164
198
155
158
166
178
137
212
157
164
176
146
152
172
163
186
195
167
182
179
197
185
168
165
195
205
194
154
155
170
135
168
183
150
172
190
149
166
204
186
175
199
189
183
192
174
166
150
166
185
174
200
180
194
184
179
183
167
187
171
163
213
172
174
170
184
181
202
177
189
178
187
176
185
180
189
203
182
165
152
189
168
167
180
200
199
161
189
172
178
178
198
176
186
174
160
163
168
167
174
159
183
137
171
173
170
150
162
192
141
149
167
213
179
168
171
178
208
188
194
162
196
205
157
182
209
163
180
234
168
154
224
190
181
169
188
198
185
158
174
178
176
181
207
204
181
192
185
177
194
171
167
204
189
181
152
195
156
191
198
175
168
141
194
159
195
187
192
171
198
200
189
190
168
193
145
203
184
194
150
