134
191
185
150
164
192
155
192
159
165
189
170
172
176
167
152
202
179
167
182
205
169
206
163
189
169
207
169
172
193
174
158
211
187
166
167
184
153
130
162
171
182
204
207
162
183
185
177
191
159
193
187
149
170
185
175
181
180
191
168
171
191
177
188
133
187
192
171
172
207
168
201
207
170
157
198
165
158
187
168
200
164
191
180
181
169
155
168
161
142
184
210
195
225
149
205
172
192
182
219
173
160
176
189
180
222
164
200
174
180
171
200
165
192
183
190
194
182
174
162
189
193
195
201
199
197
174
171
152
163
181
187
196
162
199
199
166
182
194
183
167
190
188
170
185
195
148
174
190
167
185
192
196
150
170
175
184
163
196
212
188
157
160
184
197
174
150
181
185
158
163
173
167
186
201
163
171
205
164
215
162
187
171
173
167
170
149
152
205
208
158
158
208
168
172
172
194
194
179
172
