203
158
169
169
156
172
156
189
181
186
168
169
208
204
168
173
171
142
167
190
191
158
175
162
157
197
166
157
170
160
160
165
164
170
199
157
174
172
182
178
171
163
164
186
186
189
168
163
167
122
169
166
173
183
188
177
212
187
185
186
193
151
173
212
166
143
192
182
197
190
189
202
186
167
185
219
194
183
174
193
175
175
178
197
183
184
184
173
177
167
169
161
203
174
141
196
161
193
171
204
189
151
200
165
168
198
203
194
172
169
171
172
183
186
179
200
181
196
188
170
202
221
178
177
177
206
170
173
187
193
188
191
167
158
158
203
152
153
172
174
171
175
181
194
205
156
201
160
160
158
206
179
205
161
169
151
190
205
208
179
165
181
183
167
160
199
154
182
178
202
178
196
156
186
172
161
188
174
204
181
123
160
186
164
182
152
200
186
160
160
204
174
189
186
186
188
169
196
175
193
