198
185
177
180
181
171
184
172
192
206
168
198
187
171
180
165
203
189
169
152
209
173
143
165
154
184
190
199
172
165
172
201
189
191
178
185
185
191
157
176
186
192
143
188
192
171
159
203
199
186
166
152
195
177
182
189
190
163
215
152
170
170
168
194
178
179
179
187
191
202
162
172
172
172
168
164
181
172
166
166
179
196
167
166
189
169
192
175
209
167
205
152
156
169
159
185
203
211
176
153
206
185
185
182
182
171
172
201
194
199
212
190
179
172
178
155
198
184
168
162
166
192
159
176
143
183
180
161
166
204
178
193
184
179
184
162
215
189
174
177
196
166
161
161
181
159
185
193
167
145
171
161
143
211
183
182
162
173
171
164
201
177
189
179
169
169
170
181
195
163
182
189
174
155
199
164
211
161
181
165
197
164
168
168
173
144
225
202
159
168
191
159
180
154
185
187
203
164
179
193
