192
178
178
203
173
162
192
162
165
228
153
161
175
204
158
167
169
145
178
178
192
197
195
151
139
225
175
176
172
184
188
191
180
186
192
186
193
191
163
173
186
185
178
158
188
189
191
156
170
177
179
164
168
190
162
180
190
170
185
193
151
160
164
167
178
185
163
170
208
172
187
154
167
188
187
160
190
167
175
172
183
146
157
198
193
172
163
179
201
192
169
173
172
175
176
175
157
192
159
181
198
193
206
182
174
166
214
176
176
147
208
161
189
205
184
194
175
165
166
212
173
174
170
191
152
161
169
155
185
174
190
150
172
197
147
167
186
161
182
186
178
191
171
170
187
144
169
150
192
158
160
164
163
198
198
154
178
161
169
187
174
196
177
157
204
187
173
163
184
194
170
164
201
157
168
163
158
184
182
212
154
164
188
202
181
168
167
194
168
167
172
165
187
194
188
145
181
175
153
190
