-0.767169 -0.629724 -0.122063 
-0.772222 -0.612448 -0.169057 
-0.663526 -0.748149 -0.002358 
-0.721512 -0.680837 -0.126021 
-0.771060 -0.633216 -0.067113 
-0.850346 -0.525686 -0.023783 
-0.881103 -0.469210 0.059150 
-0.795711 -0.601542 -0.070644 
-0.783437 -0.609298 0.122403 
-0.654592 -0.754076 0.053643 
-0.549141 -0.819608 0.163364 
-0.488425 -0.796340 0.356769 
-0.345713 -0.861949 0.370845 
-0.107834 -0.964506 0.241040 
0.036203 -0.906678 0.420267 
0.112561 -0.876309 0.468416 
0.356169 -0.848965 0.390387 
0.270731 -0.935544 0.226852 
0.194734 -0.966023 0.169937 
-0.021822 -0.960984 0.275741 
-0.045904 -0.901745 0.429825 
-0.078710 -0.908625 0.410128 
0.120135 -0.949601 0.289525 
-0.114011 -0.951333 0.286298 
-0.283370 -0.918934 0.274339 
-0.290970 -0.953098 0.083309 
-0.105759 -0.971972 0.209966 
-0.301561 -0.953359 0.012928 
-0.449315 -0.889142 0.086852 
-0.273885 -0.942000 0.193964 
-0.212733 -0.977033 -0.012309 
-0.253387 -0.955031 -0.153982 
-0.317908 -0.936187 -0.149964 
-0.145048 -0.988558 -0.041396 
-0.203901 -0.977239 0.058547 
-0.208979 -0.937669 0.277678 
-0.277447 -0.855777 0.436658 
-0.509352 -0.672878 0.536466 
-0.479585 -0.746510 0.461216 
-0.277585 -0.884524 0.374919 
-0.426787 -0.815519 0.390874 
-0.458046 -0.858129 0.231968 
-0.444855 -0.894490 0.044635 
-0.550053 -0.816253 0.176561 
-0.642845 -0.749926 0.156081 
-0.574339 -0.801362 0.167191 
-0.575034 -0.751029 0.324486 
-0.546855 -0.832323 0.090486 
-0.743512 -0.667204 0.045041 
-0.616473 -0.786817 0.029673 
-0.654027 -0.723920 -0.219521 
-0.454037 -0.875537 -0.165181 
-0.575598 -0.802051 -0.159375 
-0.327058 -0.905974 -0.268782 
-0.511504 -0.844743 -0.157397 
-0.411869 -0.894409 -0.174348 
-0.204800 -0.953946 -0.219188 
-0.233039 -0.965503 -0.116176 
-0.420393 -0.876949 -0.232875 
-0.545908 -0.834942 -0.069688 
-0.439069 -0.893950 -0.089843 
-0.372486 -0.894653 -0.246677 
-0.450120 -0.862020 -0.233050 
-0.434243 -0.844739 -0.312808 
-0.564112 -0.792306 -0.232439 
-0.503596 -0.733176 -0.456995 
-0.619489 -0.728610 -0.292165 
-0.569964 -0.722709 -0.390937 
-0.634698 -0.654865 -0.410257 
-0.604758 -0.581638 -0.544027 
-0.533187 -0.432442 -0.727122 
-0.519545 -0.320335 -0.792123 
-0.326447 -0.332565 -0.884778 
-0.464481 -0.455752 -0.759307 
-0.476583 -0.492671 -0.728110 
-0.658501 -0.331693 -0.675541 
-0.522162 -0.417792 -0.743503 
-0.587575 -0.226135 -0.776929 
-0.517515 -0.404021 -0.754284 
-0.619825 -0.262944 -0.739376 
-0.387388 -0.321367 -0.864091 
-0.195413 -0.226291 -0.954257 
-0.345238 0.007535 -0.938485 
-0.418913 0.083321 -0.904195 
-0.537857 0.128553 -0.833177 
-0.532741 0.354237 -0.768572 
-0.528343 0.445675 -0.722653 
-0.475746 0.439696 -0.761796 
-0.488436 0.604063 -0.629713 
-0.581202 0.642993 -0.498762 
-0.386141 0.601415 -0.699425 
-0.468187 0.386044 -0.794840 
-0.644695 0.235963 -0.727110 
-0.656045 0.319110 -0.683940 
-0.637476 0.287643 -0.714762 
-0.700025 0.424419 -0.574312 
-0.648195 0.420300 -0.634973 
-0.623775 0.409287 -0.665874 
-0.515235 0.520010 -0.681265 
-0.335684 0.504917 -0.795220 
-0.480692 0.435243 -0.761248 
-0.607384 0.362985 -0.706631 
-0.472118 0.565296 -0.676421 
-0.426549 0.691738 -0.582712 
-0.394786 0.711969 -0.580727 
-0.321353 0.563325 -0.761181 
-0.490322 0.452350 -0.744959 
-0.364360 0.617129 -0.697419 
-0.353813 0.458162 -0.815416 
-0.339504 0.427311 -0.837939 
-0.452178 0.557778 -0.696002 
-0.575246 0.657021 -0.487253 
-0.385718 0.744383 -0.545084 
-0.406213 0.821877 -0.399387 
-0.574848 0.658802 -0.485315 
-0.652985 0.661864 -0.368167 
-0.754938 0.632047 -0.174886 
-0.592380 0.805484 0.016793 
-0.483231 0.863516 0.144320 
-0.440510 0.896861 0.039889 
-0.389928 0.917269 -0.081080 
-0.277995 0.956801 0.085150 
-0.154768 0.980808 0.118583 
0.018393 0.991824 0.126279 
0.230806 0.965780 -0.118312 
0.445715 0.884369 -0.138668 
0.410070 0.877422 -0.248942 
0.333278 0.851744 -0.404300 
0.106292 0.929902 -0.352114 
-0.146651 0.950878 -0.272627 
-0.328858 0.839942 -0.431683 
-0.395736 0.862513 -0.315378 
-0.323618 0.939807 -0.109702 
-0.211321 0.958433 -0.191702 
0.031309 0.965881 -0.257089 
0.122054 0.884137 -0.451005 
0.305858 0.890274 -0.337436 
0.268632 0.864488 -0.424850 
0.446731 0.825016 -0.346093 
0.498510 0.744779 -0.443611 
0.472338 0.837265 -0.275472 
0.346571 0.872162 -0.345285 
0.388159 0.915107 -0.109138 
0.335929 0.941769 -0.014958 
0.503763 0.855971 -0.116347 
0.625641 0.774852 0.090437 
0.667198 0.744876 -0.002667 
0.678590 0.718047 -0.154673 
0.796010 0.565455 -0.215938 
0.688173 0.720832 -0.082578 
0.495322 0.851801 -0.170562 
0.478969 0.801095 -0.358937 
0.397507 0.899212 -0.182772 
0.348879 0.932629 -0.092122 
0.548953 0.832038 -0.079765 
0.395850 0.869915 -0.294194 
0.390262 0.875963 -0.283521 
0.378780 0.874276 -0.303592 
0.583885 0.742711 -0.327810 
0.452523 0.697418 -0.555726 
0.648981 0.510887 -0.563754 
0.647322 0.310707 -0.696014 
0.608837 0.252518 -0.752032 
0.664872 0.253865 -0.702494 
0.481577 0.340722 -0.807460 
0.259600 0.464400 -0.846723 
0.091609 0.523719 -0.846951 
0.162056 0.336629 -0.927587 
0.291735 0.405959 -0.866076 
0.086868 0.198837 -0.976175 
-0.136355 0.293315 -0.946242 
-0.238563 0.175411 -0.955154 
-0.111928 0.229025 -0.966964 
0.012184 0.350580 -0.936454 
0.194384 0.453089 -0.870015 
0.324715 0.588973 -0.740048 
0.451293 0.685235 -0.571653 
0.346818 0.608063 -0.714127 
0.534651 0.463193 -0.706824 
0.640327 0.334749 -0.691321 
0.626210 0.453115 -0.634467 
0.806798 0.242705 -0.538676 
0.633090 0.471208 -0.614133 
0.640532 0.561130 -0.524264 
0.688890 0.648444 -0.323962 
0.691265 0.675507 -0.256599 
0.732131 0.681125 0.007301 
0.615042 0.784621 0.078060 
0.578918 0.796741 0.173373 
0.612693 0.790260 0.009847 
0.687103 0.698883 -0.198626 
0.660615 0.653183 -0.370055 
0.581063 0.771668 -0.258639 
0.419861 0.822719 -0.383210 
0.309199 0.808615 -0.500538 
0.484144 0.722366 -0.493754 
0.342409 0.869444 -0.356123 
0.560234 0.683467 -0.467986 
0.666849 0.610417 -0.427439 
0.576004 0.640591 -0.507802 
