0.490922 0.653405 0.612123 
0.401613 0.669977 0.630868 
0.404726 0.632962 0.661718 
0.588068 0.563805 0.613983 
0.621445 0.351304 0.743694 
0.603691 0.394336 0.695415 
0.477845 0.423057 0.785825 
0.299166 0.588876 0.789308 
0.210670 0.411022 0.917447 
0.359411 0.285878 0.908965 
0.228382 0.421560 0.897496 
0.199541 0.289646 0.946920 
0.223598 0.405943 0.895468 
0.128324 0.297996 0.958859 
0.308100 0.388395 0.893758 
0.495845 0.306626 0.839360 
0.579413 0.231917 0.790545 
0.428955 0.283261 0.876575 
0.542024 0.286478 0.801447 
0.309999 0.366183 0.918485 
0.411346 0.411070 0.825491 
0.637164 0.348636 0.732114 
0.607256 0.231638 0.769812 
0.802719 0.197327 0.616152 
0.756589 0.124739 0.647644 
0.700950 0.237248 0.685226 
0.521276 0.325391 0.825936 
0.283500 0.438429 0.894758 
0.202569 0.536130 0.830909 
0.170122 0.414655 0.905785 
-0.075008 0.300658 0.992176 
0.176816 0.353091 0.954007 
0.156716 0.443463 0.889105 
0.346254 0.247821 0.946664 
0.220016 0.011706 1.012962 
0.447146 -0.186628 0.928418 
0.383324 -0.093723 0.924536 
0.131598 0.034988 1.036266 
-0.073341 0.155764 1.012651 
0.129753 -0.073413 1.035039 
0.215792 0.007421 0.983794 
0.423347 0.134562 0.929927 
0.518729 0.240006 0.837358 
0.660841 0.223804 0.737221 
0.646078 -0.066502 0.817885 
0.820452 -0.063576 0.623679 
0.641251 -0.095709 0.802254 
0.563086 0.108140 0.848561 
0.678895 0.232254 0.726789 
0.633440 0.429160 0.676388 
0.595220 0.674381 0.524527 
0.570670 0.570236 0.604394 
0.633162 0.484717 0.612682 
0.512860 0.402108 0.793175 
0.535775 0.509296 0.689632 
0.519034 0.372153 0.787860 
0.683349 0.345941 0.673703 
0.800261 0.129443 0.635918 
0.900632 0.102948 0.465871 
0.811221 0.100715 0.597207 
0.814807 -0.083541 0.602451 
0.934157 0.075951 0.434832 
0.805240 -0.016122 0.648990 
0.796829 0.239644 0.611050 
0.716149 0.432460 0.585985 
0.597763 0.485245 0.654401 
0.702025 0.399523 0.606579 
0.726757 0.559069 0.455973 
0.778747 0.350425 0.574952 
0.907322 0.304561 0.375984 
0.891232 0.459420 0.212035 
0.765746 0.685093 0.130395 
0.817503 0.612953 -0.078271 
0.907369 0.458071 -0.028293 
0.853882 0.526957 -0.023406 
0.848794 0.531553 0.051664 
0.874152 0.463398 0.281335 
0.759198 0.695453 0.151703 
0.611265 0.769015 0.275621 
0.435091 0.834525 0.408437 
0.397466 0.791895 0.470457 
0.217410 0.911812 0.413908 
0.259333 0.841809 0.484978 
0.251205 0.914014 0.352519 
0.126957 0.888139 0.475634 
-0.024297 0.847094 0.559667 
-0.138315 0.916073 0.422056 
-0.052662 0.854533 0.540129 
-0.259372 0.799721 0.583652 
-0.157968 0.902622 0.446576 
0.080523 0.909162 0.473509 
0.107278 0.835358 0.549351 
0.092872 0.842561 0.531064 
0.393027 0.784783 0.569711 
0.350776 0.662539 0.682053 
0.131097 0.623076 0.813295 
0.011525 0.642902 0.775611 
0.128571 0.462041 0.914063 
-0.112209 0.518317 0.883074 
0.001322 0.470089 0.890721 
0.136430 0.502616 0.865259 
-0.005958 0.402245 0.934453 
-0.137157 0.577216 0.839389 
-0.115419 0.413669 0.921249 
-0.369746 0.340906 0.903923 
-0.463680 0.579891 0.735990 
-0.258545 0.512371 0.853874 
-0.196626 0.462944 0.867557 
-0.404314 0.545702 0.773073 
-0.440595 0.485173 0.758184 
-0.437027 0.627983 0.665993 
-0.443438 0.663919 0.606048 
-0.469544 0.758237 0.479724 
-0.551894 0.661330 0.525513 
-0.780516 0.533734 0.428680 
-0.557895 0.647501 0.599871 
-0.528595 0.514745 0.693482 
-0.666056 0.580417 0.521610 
-0.593438 0.680892 0.451476 
-0.486915 0.697712 0.544300 
-0.278608 0.762641 0.628814 
-0.136349 0.819318 0.579072 
-0.284367 0.772447 0.588644 
-0.391161 0.720758 0.584341 
-0.233868 0.759883 0.629394 
-0.316301 0.573006 0.801784 
-0.384849 0.420574 0.838490 
-0.272737 0.511928 0.827279 
-0.216453 0.318850 0.952648 
0.093245 0.477389 0.940130 
0.033344 0.689286 0.772597 
0.326932 0.648088 0.748517 
0.324582 0.795571 0.562396 
0.399439 0.767267 0.510067 
0.460830 0.812151 0.386205 
0.477864 0.833387 0.293753 
0.250765 0.910872 0.427703 
0.221461 0.921669 0.332022 
0.019535 0.939074 0.405177 
0.223442 0.857852 0.525673 
0.270791 0.875457 0.416793 
0.469432 0.753416 0.527866 
0.604654 0.675658 0.454450 
0.578376 0.617017 0.544860 
0.578102 0.547506 0.612729 
0.646849 0.646803 0.451450 
0.600491 0.641934 0.479463 
0.556539 0.522441 0.691830 
0.494076 0.472497 0.734825 
0.313304 0.505373 0.830233 
0.482098 0.479914 0.755957 
0.558751 0.498533 0.672438 
0.653958 0.614737 0.497545 
0.764356 0.430446 0.526073 
0.871948 0.399960 0.350212 
0.765147 0.540381 0.393848 
0.740980 0.467297 0.499384 
0.663988 0.558348 0.511530 
0.634846 0.414796 0.692025 
0.712561 0.338604 0.626884 
0.600087 0.638901 0.580215 
0.611534 0.583631 0.536542 
0.693961 0.548925 0.478037 
0.578231 0.689167 0.473024 
0.490764 0.587918 0.692235 
0.634848 0.377425 0.720659 
0.689276 0.467581 0.579809 
0.623489 0.666836 0.471345 
0.707482 0.653529 0.319316 
0.531988 0.782642 0.397216 
0.749990 0.643140 0.312123 
0.914060 0.406977 0.284619 
0.889963 0.365519 0.274133 
0.883695 0.418961 0.221789 
0.776216 0.530218 0.427140 
0.582635 0.574177 0.645754 
0.489845 0.674888 0.571851 
0.364311 0.716512 0.610533 
0.540082 0.583788 0.645892 
0.345906 0.623781 0.733190 
0.378896 0.375516 0.896897 
0.411038 0.460067 0.797246 
0.443152 0.487090 0.754885 
0.352970 0.307093 0.921654 
0.402835 0.415585 0.828720 
0.593291 0.609780 0.625554 
0.645415 0.610079 0.481287 
0.428238 0.850080 0.447007 
0.292886 0.835143 0.483720 
0.108671 0.863697 0.528074 
0.076838 0.861653 0.502959 
0.243711 0.954054 0.317858 
0.197145 0.873037 0.483707 
0.230079 0.861417 0.454733 
0.243758 0.907677 0.358246 
0.102987 0.848883 0.586706 
0.155654 0.794107 0.591261 
0.251291 0.919475 0.393960 
0.077452 0.991154 0.255344 
-0.042640 0.920262 0.460650 
