198
158
183
184
170
168
165
163
188
196
174
190
183
174
161
194
176
181
165
179
187
179
177
165
213
176
163
154
179
191
180
193
185
185
173
184
200
194
183
212
184
157
175
196
200
171
187
207
142
147
188
183
199
186
213
182
167
178
215
180
170
174
142
185
167
160
146
144
168
139
214
198
186
194
175
184
162
156
180
198
173
185
200
174
178
179
180
190
164
162
185
186
186
174
178
190
150
191
189
171
192
161
148
175
185
198
176
179
195
192
168
174
177
178
187
168
155
158
162
166
174
174
157
200
169
187
190
178
177
174
172
176
197
182
180
184
190
148
184
193
160
158
184
202
152
174
190
199
156
156
173
182
188
172
149
173
172
173
173
170
206
215
207
180
195
180
182
176
170
171
192
199
148
173
151
208
188
162
161
173
163
226
167
178
207
174
196
183
181
164
156
169
189
204
193
172
184
167
158
188
