194
187
181
179
173
178
207
203
190
161
193
200
178
181
181
173
159
172
162
133
175
194
223
186
155
174
175
189
183
208
175
173
177
182
160
185
186
196
185
154
157
199
153
195
158
191
164
173
197
196
143
142
181
174
164
163
164
197
158
169
175
173
146
187
156
186
156
172
167
172
212
191
210
130
156
209
186
200
184
173
173
189
188
202
175
191
164
190
182
165
183
160
157
156
183
178
171
170
179
154
172
189
191
177
168
159
170
204
169
166
166
147
173
175
187
167
168
146
163
192
187
196
145
175
185
131
193
173
190
231
179
172
189
187
179
185
195
184
217
162
154
198
172
192
169
187
162
194
198
162
167
158
159
198
187
177
167
194
175
169
173
195
199
176
176
178
206
151
157
170
182
152
173
175
172
190
179
155
187
170
187
164
189
200
197
167
166
200
167
192
182
199
198
174
194
189
171
176
160
172
