181
175
174
175
175
175
173
156
192
157
191
176
168
177
185
148
208
132
172
159
197
173
183
190
152
166
190
202
198
173
187
181
183
154
172
210
166
183
181
165
168
205
157
167
154
188
162
172
166
184
183
167
206
187
167
165
193
172
161
161
196
191
173
151
196
182
154
165
170
209
172
171
173
171
180
199
174
189
170
197
180
164
185
168
169
197
200
204
182
186
227
186
168
177
176
176
164
183
177
182
186
167
169
162
176
158
153
180
157
168
182
217
195
184
201
192
209
222
176
193
203
183
212
181
184
171
148
169
160
202
174
173
171
183
173
175
153
183
142
164
201
172
160
178
177
175
189
172
147
230
201
167
180
185
186
186
170
174
159
183
169
190
193
186
183
180
197
171
188
166
218
164
170
155
186
141
185
189
155
175
177
197
188
174
167
157
171
153
157
174
178
191
191
222
163
168
199
192
196
192
