177
210
169
174
216
142
182
171
197
186
187
189
197
184
190
154
178
173
178
159
171
181
161
188
219
192
183
198
197
167
184
177
193
181
189
170
171
171
177
162
189
186
161
156
193
171
186
195
172
171
197
210
182
149
167
192
164
187
188
172
181
182
169
173
181
182
187
179
172
202
188
193
184
196
139
203
184
187
199
198
197
165
207
154
163
190
171
165
156
192
158
183
195
192
185
179
161
172
211
167
172
167
179
202
174
173
173
175
190
199
187
191
195
150
162
205
176
191
213
178
191
170
162
172
163
188
165
205
172
179
162
166
185
185
187
175
178
178
178
144
167
201
153
154
155
142
157
178
163
195
155
159
182
169
178
170
158
192
169
217
205
174
184
164
187
175
198
207
178
192
175
179
171
142
161
189
182
192
193
164
172
155
178
195
167
191
169
195
185
192
164
185
181
157
188
163
195
196
186
161
