159
169
175
207
172
206
165
185
195
139
168
155
156
200
150
187
193
152
191
170
141
166
213
197
171
167
161
188
204
169
165
166
165
193
161
153
155
159
175
187
189
164
174
174
175
199
187
176
151
200
152
174
196
202
213
196
212
196
187
183
174
197
180
174
190
181
169
185
173
166
184
193
180
172
189
189
200
184
176
189
183
190
189
191
176
179
169
183
169
172
196
173
139
165
178
168
222
176
142
167
163
180
139
164
183
153
193
172
184
195
169
203
181
181
197
180
163
165
168
159
187
155
152
174
204
197
197
182
199
169
179
167
177
203
169
188
154
144
168
186
159
169
167
187
168
192
171
205
183
197
165
166
165
195
191
168
180
218
151
167
167
164
193
166
184
160
195
210
160
188
180
188
164
205
181
173
187
166
193
162
164
164
185
164
163
189
176
178
163
182
141
166
170
176
185
170
172
184
196
194
