186
177
152
184
185
141
195
166
178
181
151
165
190
201
150
202
171
182
173
178
196
158
196
172
163
155
210
160
172
183
159
171
166
188
193
187
178
202
195
180
176
197
211
168
178
165
143
163
183
147
172
176
176
148
168
191
160
205
199
159
220
161
184
175
172
191
205
188
176
195
192
104
193
202
209
169
191
169
173
179
155
149
171
185
167
205
155
158
196
163
202
180
181
187
168
170
196
185
169
202
222
201
176
162
165
211
168
172
191
221
164
224
186
210
185
195
208
200
179
174
177
184
174
203
177
150
165
150
148
176
189
185
182
186
159
177
180
203
142
161
163
213
169
197
172
170
157
179
192
137
196
159
191
182
205
201
178
164
179
163
188
192
159
173
186
201
163
205
188
182
207
163
184
155
175
176
157
186
180
167
171
186
160
170
161
142
155
170
156
186
186
195
182
179
181
150
194
173
189
172
