189
189
189
153
171
196
186
214
202
152
174
185
146
173
159
205
187
176
193
143
196
157
165
167
181
211
184
193
234
184
160
187
175
186
203
194
167
172
174
173
194
200
172
165
164
191
190
207
189
160
179
169
170
177
187
164
183
176
197
168
169
174
169
199
188
177
181
211
158
162
212
179
170
183
194
183
183
165
171
187
179
168
189
194
164
189
199
192
184
161
177
215
167
185
169
163
174
169
162
199
223
169
182
163
189
184
169
176
139
212
181
185
181
165
188
194
211
193
190
181
172
193
172
178
157
196
173
180
176
194
190
204
176
215
166
191
165
207
147
188
204
166
125
177
167
172
165
173
177
183
175
170
187
193
161
220
202
181
208
167
165
184
174
189
175
167
170
166
188
196
172
195
178
178
158
186
200
191
168
185
184
168
156
212
173
155
165
170
183
183
169
178
187
193
219
192
156
172
180
169
