-0.787417 -0.261999 0.557971 
-0.861931 -0.003226 0.507015 
-0.811897 0.144811 0.565555 
-0.749147 -0.045448 0.660843 
-0.785078 0.047644 0.617561 
-0.821301 0.033411 0.569516 
-0.727406 0.088615 0.680462 
-0.693804 0.061556 0.717528 
-0.505753 0.034310 0.861996 
-0.410744 0.020042 0.911530 
-0.384736 -0.072170 0.920201 
-0.403253 -0.259177 0.877618 
-0.207276 -0.389542 0.897382 
-0.198477 -0.474836 0.857402 
-0.086336 -0.635247 0.767468 
-0.069788 -0.629698 0.773699 
-0.052925 -0.708490 0.703734 
-0.261081 -0.620021 0.739872 
-0.205571 -0.761070 0.615234 
-0.200490 -0.832329 0.516752 
-0.101386 -0.905866 0.411250 
0.094109 -0.785849 0.611216 
0.119506 -0.838826 0.531120 
0.283147 -0.813236 0.508405 
0.483086 -0.724412 0.491787 
0.614621 -0.623117 0.483701 
0.671551 -0.566144 0.478017 
0.663766 -0.630837 0.401820 
0.665475 -0.495069 0.558614 
0.415239 -0.509306 0.753780 
0.413543 -0.593560 0.690412 
0.444834 -0.562270 0.697119 
0.295141 -0.445979 0.844982 
0.062636 -0.432322 0.899541 
0.246967 -0.239513 0.938957 
0.025396 -0.288324 0.957196 
-0.018813 -0.250025 0.968057 
0.189222 -0.447337 0.874119 
0.121350 -0.257752 0.958561 
0.079816 -0.154699 0.984732 
-0.027166 -0.214978 0.976241 
0.188875 -0.297782 0.935763 
0.188962 -0.084676 0.978327 
0.356658 -0.122586 0.926158 
0.298984 -0.286240 0.910316 
0.258754 -0.129438 0.957231 
0.176232 -0.024641 0.984040 
0.285330 -0.213354 0.934381 
0.389200 -0.094438 0.916299 
0.353605 0.017076 0.935239 
0.475609 -0.077585 0.876229 
0.519852 -0.156329 0.839831 
0.506781 -0.072175 0.859048 
0.364318 -0.090383 0.926878 
0.587217 -0.248301 0.770404 
0.614045 -0.436533 0.657563 
0.590442 -0.576190 0.565141 
0.454652 -0.719122 0.525505 
0.493064 -0.546811 0.676672 
0.277615 -0.461799 0.842420 
0.354137 -0.200162 0.913522 
0.438249 -0.090588 0.894277 
0.574737 -0.185793 0.796968 
0.706172 -0.113161 0.698939 
0.604533 -0.225189 0.764088 
0.528041 -0.358551 0.769814 
0.682427 -0.281940 0.674391 
0.532155 -0.404455 0.743792 
0.628862 -0.362115 0.688045 
0.573571 -0.313158 0.756933 
0.636273 -0.179785 0.750223 
0.665348 0.057531 0.744314 
0.655507 -0.196564 0.729159 
0.388025 -0.164090 0.906924 
0.466365 0.102334 0.878653 
0.647339 0.006600 0.762174 
0.633349 0.207858 0.745429 
0.709983 0.361174 0.604547 
0.650867 0.176006 0.738508 
0.439797 0.153844 0.884822 
0.330999 -0.038224 0.942857 
0.399243 -0.126381 0.908093 
0.149484 -0.056677 0.987138 
0.130609 0.034086 0.990848 
0.068899 0.057503 0.995965 
-0.075715 0.259192 0.962853 
-0.221807 0.406843 0.886160 
-0.456340 0.340326 0.822151 
-0.352037 0.077450 0.932776 
-0.430880 0.234714 0.871350 
-0.225010 0.148712 0.962941 
-0.131979 0.254508 0.958022 
-0.275614 0.150775 0.949370 
-0.154141 0.283085 0.946628 
-0.269279 0.299685 0.915247 
-0.104629 0.228007 0.968021 
-0.068444 0.054413 0.996170 
-0.279048 0.154916 0.947699 
-0.026129 0.221222 0.974873 
-0.184838 0.260873 0.947513 
-0.404817 0.102163 0.908673 
-0.312921 -0.042107 0.948845 
-0.147929 0.113617 0.982450 
-0.139843 0.251606 0.957674 
0.054435 0.322898 0.944867 
0.223923 0.318092 0.921236 
0.076238 0.175803 0.981469 
0.040875 0.218742 0.974926 
-0.075482 0.209300 0.974934 
-0.184442 0.327495 0.926676 
-0.122446 0.116392 0.985627 
-0.291870 0.081932 0.952942 
-0.413330 -0.045507 0.909444 
-0.526311 -0.232115 0.817997 
-0.326379 -0.372241 0.868857 
-0.528068 -0.212570 0.822167 
-0.595508 -0.175879 0.783861 
-0.666478 -0.307484 0.679161 
-0.720160 -0.162900 0.674413 
-0.790057 0.087157 0.606806 
-0.782335 0.106920 0.613613 
-0.874723 0.225718 0.428848 
-0.806527 0.341448 0.482625 
-0.917052 0.170264 0.360592 
-0.886072 0.365497 0.285112 
-0.775254 0.419701 0.472051 
-0.862760 0.415359 0.288310 
-0.856819 0.511945 0.061429 
-0.910793 0.399483 -0.104256 
-0.776093 0.573811 -0.261572 
-0.816551 0.567024 -0.108299 
-0.748697 0.624097 -0.223509 
-0.798231 0.580607 -0.160385 
-0.721360 0.692420 0.013936 
-0.725677 0.657683 0.202101 
-0.524960 0.773047 0.356110 
-0.454596 0.691230 0.561732 
-0.538478 0.562965 0.626987 
-0.454507 0.620223 0.639333 
-0.490425 0.633671 0.598285 
-0.669700 0.607247 0.427497 
-0.766061 0.465965 0.442750 
-0.845532 0.337481 0.413741 
-0.841116 0.188906 0.506793 
-0.919776 0.125995 0.371669 
-0.822960 0.325145 0.465852 
-0.767319 0.552210 0.326014 
-0.819413 0.488331 0.300157 
-0.791871 0.396292 0.464643 
-0.914684 0.201584 0.350311 
-0.835763 0.030837 0.548224 
-0.915769 0.109146 0.386593 
-0.826378 0.305440 0.473081 
-0.767392 0.429041 0.476480 
-0.861368 0.385827 0.330427 
-0.933704 0.340636 0.110290 
-0.975488 0.188799 0.113042 
-0.886565 0.367523 0.280943 
-0.956136 0.171422 0.237525 
-0.916109 0.208180 0.342645 
-0.929145 0.101463 0.355521 
-0.964931 0.078223 0.250579 
-0.886527 0.196839 0.418718 
-0.845357 0.251968 0.471045 
-0.834951 0.085016 0.543717 
-0.743014 -0.004909 0.669258 
-0.650715 0.200407 0.732398 
-0.542075 0.407838 0.734726 
-0.433240 0.494965 0.753202 
-0.668258 0.330984 0.666244 
-0.683703 0.532721 0.498756 
-0.735048 0.501802 0.455960 
-0.821175 0.414795 0.391940 
-0.812255 0.515691 0.272590 
-0.730704 0.658277 0.180952 
-0.730249 0.632862 0.257336 
-0.695722 0.572310 0.434087 
-0.627000 0.741198 0.239784 
-0.568545 0.749835 0.338385 
-0.379388 0.791931 0.478446 
-0.448589 0.697065 0.559346 
-0.370367 0.835702 0.405501 
-0.391586 0.876638 0.279583 
-0.444731 0.883340 0.148068 
-0.218246 0.965375 0.142901 
-0.053051 0.998422 -0.018437 
0.016576 0.995223 0.096209 
-0.201287 0.979519 -0.005071 
-0.159714 0.967361 0.196735 
-0.046457 0.996660 0.067165 
-0.190103 0.981434 0.025475 
0.031887 0.988872 0.145311 
0.190653 0.979096 -0.070868 
0.297389 0.939744 0.168643 
0.408830 0.902184 0.137557 
0.446394 0.858377 0.252827 
0.306477 0.838087 0.451312 
0.497454 0.766860 0.405544 
0.435845 0.884313 0.167421 
0.316551 0.948383 -0.019093 
