-0.439279 0.471266 0.764815 
-0.350171 0.191510 0.916899 
-0.216853 -0.023079 0.975931 
-0.384399 -0.052369 0.921680 
-0.555042 0.023264 0.831497 
-0.650761 -0.194551 0.733934 
-0.452333 -0.284741 0.845173 
-0.528995 -0.346874 0.774495 
-0.519002 -0.502987 0.691116 
-0.408140 -0.328559 0.851746 
-0.218658 -0.183829 0.958330 
-0.346995 -0.019824 0.937657 
-0.568104 -0.219690 0.793091 
-0.732671 0.029891 0.679927 
-0.694658 -0.061045 0.716746 
-0.690636 -0.226635 0.686774 
-0.679226 -0.321546 0.659743 
-0.763165 -0.428754 0.483476 
-0.747506 -0.377285 0.546710 
-0.773690 -0.467588 0.427511 
-0.835859 -0.367582 0.407705 
-0.838030 -0.297354 0.457478 
-0.733623 -0.231898 0.638765 
-0.815827 0.024681 0.577769 
-0.882745 0.256903 0.393398 
-0.841076 0.001562 0.540915 
-0.716832 0.132687 0.684504 
-0.621344 -0.094510 0.777817 
-0.486235 -0.336587 0.806402 
-0.324002 -0.365702 0.872517 
-0.374618 -0.420182 0.826504 
-0.299206 -0.364905 0.881658 
-0.161654 -0.182635 0.969800 
-0.146385 -0.008588 0.989190 
-0.301124 -0.049048 0.952323 
-0.475103 0.106990 0.873402 
-0.545326 0.134354 0.827386 
-0.610418 0.272835 0.743606 
-0.666114 0.400677 0.629087 
-0.732103 0.288331 0.617164 
-0.722520 0.360545 0.589891 
-0.787430 0.178414 0.590019 
-0.872368 0.047678 0.486519 
-0.953439 -0.005050 0.301544 
-0.978255 -0.138465 0.154414 
-0.975220 -0.092532 0.200957 
-0.947517 -0.236617 0.214996 
-0.967782 -0.228775 0.105167 
-0.923702 -0.349362 -0.157227 
-0.858906 -0.327638 -0.393616 
-0.879240 -0.406636 -0.248161 
-0.894871 -0.438561 -0.082890 
-0.828693 -0.472641 -0.299797 
-0.686776 -0.600110 -0.410131 
-0.834176 -0.471836 -0.285518 
-0.857652 -0.463053 -0.223640 
-0.955031 -0.284258 -0.084341 
-0.867770 -0.440427 -0.230216 
-0.937380 -0.270251 -0.219734 
-0.847344 -0.447050 -0.286626 
-0.896874 -0.436887 -0.068897 
-0.812892 -0.582162 -0.017119 
-0.626471 -0.774132 0.090851 
-0.489680 -0.871795 0.013694 
-0.341656 -0.931738 -0.123027 
-0.383228 -0.919764 -0.084676 
-0.549067 -0.822485 -0.148472 
-0.641755 -0.748755 -0.165880 
-0.632357 -0.725797 -0.270820 
-0.776418 -0.607345 -0.168248 
-0.706863 -0.707109 -0.018481 
-0.668943 -0.699631 0.251059 
-0.717985 -0.695086 -0.036777 
-0.480301 -0.877082 0.006207 
-0.488376 -0.872500 -0.015239 
-0.551941 -0.788385 -0.271681 
-0.645367 -0.747586 -0.156897 
-0.706372 -0.680921 -0.193353 
-0.772941 -0.631087 0.065517 
-0.724526 -0.630680 0.278037 
-0.804265 -0.534803 0.259123 
-0.843728 -0.533566 0.058574 
-0.807142 -0.586149 0.070356 
-0.814814 -0.538433 0.214869 
-0.855615 -0.374812 0.356986 
-0.961691 -0.163531 0.220020 
-0.831628 -0.404488 0.380506 
-0.922323 -0.270385 0.276067 
-0.831851 -0.174437 0.526873 
-0.820833 -0.335040 0.462581 
-0.859972 -0.404764 0.310828 
-0.828311 -0.395825 0.396515 
-0.948318 -0.161239 0.273303 
-0.985427 0.012132 0.169665 
-0.912677 0.210005 0.350596 
-0.880438 0.302279 0.365318 
-0.971479 0.193301 0.137341 
-0.940263 0.264177 0.214745 
-0.945008 0.196014 0.261798 
-0.950846 0.137352 0.277535 
-0.904240 0.351868 0.241948 
-0.812875 0.562148 0.152397 
-0.864977 0.498676 -0.056006 
-0.939719 0.333276 -0.076523 
-0.958526 0.261808 0.112622 
-0.951345 0.085724 0.295962 
-0.958175 0.106655 0.265566 
-0.920129 0.248935 0.302314 
-0.983287 0.167144 0.072180 
-0.991415 0.101873 -0.081960 
-0.984425 -0.082995 0.154979 
-0.998976 0.039837 0.021431 
-0.983196 -0.020245 -0.181427 
-0.981062 0.159228 -0.110290 
-0.932982 0.256154 -0.252845 
-0.980734 0.145021 -0.130877 
-0.968267 0.226844 -0.104886 
-0.906029 0.269470 -0.326339 
-0.906908 0.374803 -0.192460 
-0.907217 0.362238 -0.213872 
-0.952375 0.162681 -0.257907 
-0.943729 0.248152 -0.218626 
-0.892209 0.352276 -0.282605 
-0.928980 0.114038 -0.352123 
-0.905199 0.151906 -0.396912 
-0.872732 0.052302 -0.485390 
-0.920448 0.225720 -0.319102 
-0.881561 0.357905 -0.307821 
-0.905151 0.280867 -0.319086 
-0.952613 0.086322 -0.291679 
-0.957267 0.178469 -0.227571 
-0.989280 0.125543 -0.074591 
-0.973820 0.091227 -0.208213 
-0.997585 0.062911 -0.029431 
-0.989482 -0.038360 0.139480 
-0.995047 -0.083521 0.053897 
-0.930978 -0.261747 0.254498 
-0.789909 -0.494638 0.362461 
-0.824737 -0.514180 0.235432 
-0.812741 -0.362786 0.455893 
-0.900114 -0.155705 0.406878 
-0.865371 -0.316384 0.388631 
-0.761702 -0.480408 0.434761 
-0.725689 -0.557783 0.402807 
-0.587913 -0.701431 0.402930 
-0.463329 -0.698686 0.545127 
-0.488764 -0.718983 0.494139 
-0.386529 -0.825446 0.411380 
-0.396333 -0.721500 0.567766 
-0.540725 -0.688849 0.482808 
-0.393311 -0.750887 0.530543 
-0.374951 -0.738649 0.560187 
-0.356281 -0.649980 0.671259 
-0.512743 -0.636537 0.576121 
-0.573851 -0.482453 0.661766 
-0.492714 -0.316265 0.810684 
-0.409365 -0.506988 0.758541 
-0.241710 -0.597091 0.764891 
-0.205631 -0.452505 0.867730 
-0.411146 -0.498695 0.763061 
-0.172696 -0.554943 0.813766 
-0.053635 -0.374228 0.925784 
-0.249166 -0.422466 0.871458 
-0.345151 -0.446788 0.825380 
-0.151724 -0.382568 0.911384 
-0.358931 -0.405477 0.840688 
-0.134598 -0.298743 0.944794 
-0.129336 -0.246275 0.960532 
-0.338925 -0.200584 0.919182 
-0.353810 -0.126112 0.926776 
-0.322661 -0.133414 0.937065 
-0.486740 -0.253551 0.835940 
-0.479801 -0.179667 0.858785 
-0.266916 -0.203396 0.942011 
-0.336927 -0.368540 0.866406 
-0.325901 -0.351799 0.877511 
-0.349451 -0.424183 0.835436 
-0.220689 -0.504876 0.834503 
-0.093867 -0.491923 0.865564 
-0.215514 -0.676182 0.704508 
-0.236702 -0.604363 0.760735 
-0.244350 -0.705308 0.665458 
-0.081515 -0.708928 0.700554 
-0.312678 -0.537957 0.782838 
-0.286726 -0.364052 0.886146 
-0.338866 -0.341297 0.876747 
-0.203932 -0.493776 0.845338 
-0.048137 -0.473050 0.879720 
-0.032568 -0.569295 0.821488 
-0.061979 -0.643016 0.763341 
0.085428 -0.484659 0.870522 
-0.107117 -0.316684 0.942463 
-0.212461 -0.413810 0.885224 
-0.077364 -0.211292 0.974356 
0.161686 -0.410068 0.897609 
0.213996 -0.163427 0.963067 
0.080916 -0.211455 0.974033 
0.307786 -0.338579 0.889175 
0.168604 -0.576075 0.799819 
0.411524 -0.670849 0.616935 
