-0.676888 -0.746924 -0.003212 
-0.785626 -0.636792 -0.184933 
-0.803647 -0.644750 0.075027 
-0.805521 -0.591270 0.059559 
-0.674096 -0.759427 0.150783 
-0.663762 -0.720646 0.211325 
-0.783277 -0.573460 0.327035 
-0.657800 -0.636716 0.440314 
-0.805980 -0.438061 0.469602 
-0.861724 -0.244370 0.487573 
-0.981292 0.040534 0.377609 
-0.852644 0.025104 0.568071 
-0.900453 -0.128392 0.458246 
-0.933325 -0.019979 0.382969 
-0.915008 -0.097466 0.399751 
-0.875514 0.128053 0.536943 
-0.797563 0.231143 0.571991 
-0.792061 0.188604 0.582188 
-0.741011 0.355229 0.596051 
-0.830483 0.166287 0.571594 
-0.899423 0.294763 0.395085 
-0.895887 0.534979 0.157352 
-0.956021 0.330310 0.140227 
-0.984982 0.094406 0.344453 
-0.891118 0.148097 0.452948 
-0.863620 0.072607 0.508220 
-0.751724 0.242075 0.664886 
-0.751369 0.057558 0.682226 
-0.855789 0.285707 0.523369 
-0.742450 0.422589 0.548209 
-0.777870 0.297996 0.568397 
-0.657351 0.321981 0.705776 
-0.808542 0.121290 0.632298 
-0.787788 0.272188 0.575029 
-0.727012 0.451672 0.551149 
-0.651400 0.281630 0.756996 
-0.789082 0.157240 0.633214 
-0.645457 0.005428 0.811274 
-0.468922 0.032842 0.904606 
-0.581093 -0.058330 0.827850 
-0.507863 -0.003735 0.867046 
-0.494975 0.197610 0.869851 
-0.470675 0.185402 0.862829 
-0.412863 0.218713 0.886986 
-0.472730 0.199906 0.860915 
-0.577474 0.286048 0.780717 
-0.340466 0.384895 0.903816 
-0.445772 0.391614 0.815636 
-0.227444 0.504257 0.870203 
-0.363329 0.658433 0.708442 
-0.487727 0.577552 0.671447 
-0.408437 0.551023 0.735175 
-0.368276 0.637510 0.685210 
-0.403297 0.433792 0.847465 
-0.447833 0.223797 0.892360 
-0.550961 0.101438 0.844685 
-0.631995 0.232123 0.759842 
-0.683399 0.337972 0.664425 
-0.702098 0.454480 0.568734 
-0.689543 0.244228 0.731954 
-0.783716 0.384479 0.547198 
-0.666490 0.460206 0.604889 
-0.619536 0.286706 0.770434 
-0.405187 0.344498 0.882058 
-0.496647 0.602546 0.704240 
-0.517191 0.533448 0.671961 
-0.696628 0.433957 0.610166 
-0.525880 0.464033 0.745675 
-0.330253 0.492951 0.833144 
-0.235447 0.433084 0.878109 
-0.205112 0.202703 0.991826 
-0.110420 0.178591 0.982076 
-0.223532 0.127474 0.974286 
-0.140141 -0.132434 1.019466 
-0.083402 -0.050435 0.999712 
-0.143152 -0.244971 0.980440 
0.017817 -0.157427 1.004299 
0.054976 -0.359191 0.955087 
-0.151119 -0.609002 0.849594 
-0.334837 -0.676825 0.698450 
-0.258146 -0.485438 0.878542 
-0.385187 -0.484363 0.798866 
-0.469087 -0.293108 0.861057 
-0.334339 -0.121378 0.965095 
-0.279984 -0.339609 0.926047 
-0.103805 -0.449452 0.910992 
0.107315 -0.345628 0.962597 
0.347258 -0.370957 0.896432 
0.172229 -0.515220 0.869557 
0.350392 -0.246768 0.963496 
0.119896 -0.213938 0.996068 
0.056749 -0.290513 0.960636 
-0.002317 -0.097562 1.017029 
0.206572 0.113550 1.015956 
0.042411 0.076908 1.009345 
0.007955 -0.168452 1.016280 
-0.023670 0.041125 1.020676 
0.058556 0.203376 0.994244 
0.088978 0.359445 0.943638 
0.188817 0.519033 0.858727 
0.304081 0.299352 0.941183 
0.445073 0.392821 0.829237 
0.214280 0.540025 0.859002 
0.094595 0.703698 0.741260 
0.074704 0.526208 0.875664 
-0.033128 0.719936 0.739980 
0.080250 0.800553 0.620634 
0.030547 0.670624 0.768254 
0.003510 0.869339 0.568992 
0.059157 0.899193 0.451827 
-0.008767 0.833513 0.573438 
-0.062427 0.708343 0.733814 
-0.189179 0.618795 0.779077 
-0.514677 0.533654 0.751093 
-0.278069 0.508824 0.853057 
-0.190640 0.279384 0.980359 
-0.145603 0.329098 0.935741 
0.052536 0.216613 1.003395 
0.187561 0.293440 0.951207 
0.205394 0.454434 0.884228 
0.268344 0.439850 0.859693 
0.228975 0.536505 0.819881 
0.335359 0.302802 0.935469 
0.572143 0.124879 0.865006 
0.573905 0.421904 0.767107 
0.502520 0.311511 0.817343 
0.593554 0.154135 0.810531 
0.677345 0.208031 0.718384 
0.646258 0.243843 0.724636 
0.581058 0.374195 0.737396 
0.721018 0.262305 0.669299 
0.670407 0.398886 0.642681 
0.743848 0.400376 0.548257 
0.927140 0.158584 0.463157 
0.860366 0.125831 0.498357 
0.760174 0.378368 0.603124 
0.707909 0.263875 0.669107 
0.728780 0.148409 0.678697 
0.718608 0.130902 0.683265 
0.757962 0.060346 0.655111 
0.827248 0.089665 0.566650 
0.803809 0.340959 0.549178 
0.690452 0.247932 0.713716 
0.593639 0.294173 0.757587 
0.529108 0.388617 0.762951 
0.772049 0.197887 0.683026 
0.626687 0.130037 0.790707 
0.593538 0.176002 0.787186 
0.686633 0.167288 0.717081 
0.735529 0.276100 0.635323 
0.735572 0.169729 0.664991 
0.759334 0.267777 0.604566 
0.925167 0.362600 0.342834 
0.831652 0.302846 0.501514 
0.820450 0.165935 0.567695 
0.718231 0.433854 0.616785 
0.549428 0.552633 0.659904 
0.672467 0.595802 0.488584 
0.612966 0.502533 0.636709 
0.505551 0.434664 0.767030 
0.409959 0.230446 0.924176 
0.413467 0.108507 0.911563 
0.184064 0.225825 0.994124 
0.314345 0.075033 0.966811 
0.198830 0.197806 0.974391 
-0.004358 -0.042471 1.050112 
0.113718 0.078673 1.004480 
0.217521 0.136810 0.974090 
0.197096 0.286676 0.949934 
0.120253 0.127013 1.001671 
-0.101126 0.220288 0.999339 
-0.196367 0.267993 0.950049 
-0.146846 0.081895 1.005930 
-0.240206 0.118305 0.969176 
-0.131852 0.074686 0.995667 
-0.291251 0.245416 0.954537 
-0.223260 0.289171 0.934194 
-0.426280 0.310076 0.875890 
-0.264493 0.445517 0.880684 
-0.186172 0.411027 0.896377 
-0.295886 0.531571 0.814351 
-0.151111 0.673693 0.753580 
-0.278457 0.581411 0.780642 
-0.304231 0.448485 0.854352 
-0.161125 0.539025 0.843884 
-0.156137 0.464847 0.875123 
0.078125 0.561368 0.862043 
0.282650 0.468321 0.866191 
0.111768 0.294080 0.987239 
-0.073588 0.434562 0.928431 
-0.156915 0.541040 0.841285 
-0.181673 0.438318 0.887715 
0.015094 0.442116 0.918669 
0.136697 0.435054 0.898281 
0.125708 0.386718 0.915058 
-0.055696 0.520108 0.882138 
-0.076659 0.310075 0.974929 
-0.026794 0.286017 0.959227 
0.121936 0.125310 1.009923 
0.138420 0.226162 0.970102 
