193
200
223
165
197
159
164
182
200
142
146
166
182
191
156
169
176
165
185
167
189
167
167
219
167
196
185
156
199
154
186
182
187
166
212
171
178
150
181
178
166
182
188
163
181
199
192
163
200
169
179
186
215
196
169
173
198
199
225
132
179
171
175
174
193
154
207
193
170
176
155
196
191
179
159
206
166
186
169
159
175
156
209
177
156
169
178
198
155
175
176
181
179
198
170
176
202
174
188
176
170
194
183
172
196
149
159
181
185
189
165
139
158
187
206
206
206
157
158
137
138
198
166
204
172
173
167
182
184
216
181
175
207
159
162
189
167
184
195
159
160
176
156
176
169
173
152
178
174
175
189
181
197
193
166
184
199
171
176
173
179
208
188
195
160
173
205
200
172
164
198
182
223
176
176
190
167
189
166
164
163
177
166
172
193
165
164
163
171
182
167
171
173
172
147
160
165
196
146
176
