-0.366651 0.508436 -0.779140 
-0.281153 0.698069 -0.658523 
-0.307130 0.733646 -0.606163 
-0.286318 0.805586 -0.518704 
-0.171214 0.822706 -0.542071 
-0.268313 0.788991 -0.552722 
-0.228162 0.753778 -0.616247 
-0.150111 0.875547 -0.459222 
-0.315274 0.879534 -0.356401 
-0.474502 0.870414 -0.131252 
-0.465026 0.876612 -0.123705 
-0.560159 0.806693 -0.188331 
-0.574193 0.817693 -0.040995 
-0.662599 0.735468 0.141597 
-0.754113 0.655634 -0.038191 
-0.826932 0.554639 0.092515 
-0.719326 0.683663 -0.123191 
-0.721055 0.685415 -0.101421 
-0.691514 0.678599 -0.247612 
-0.782777 0.460006 -0.419112 
-0.781048 0.579837 -0.231846 
-0.833544 0.468546 -0.292691 
-0.868032 0.280020 -0.410011 
-0.976476 0.137744 -0.165894 
-0.905628 0.342201 -0.250473 
-0.982348 0.186491 -0.014600 
-0.982571 0.170772 -0.073424 
-0.988230 0.037203 0.148381 
-0.981202 -0.191697 -0.022246 
-0.936232 -0.276989 -0.216208 
-0.888144 -0.348706 -0.299341 
-0.875487 -0.478990 -0.063955 
-0.874108 -0.476699 -0.093238 
-0.721643 -0.691004 -0.041783 
-0.765607 -0.622628 0.161801 
-0.623321 -0.778227 0.076375 
-0.661295 -0.749086 0.039471 
-0.558708 -0.797294 0.228403 
-0.402765 -0.837961 0.368241 
-0.202489 -0.860383 0.467696 
-0.197377 -0.752064 0.628842 
-0.290021 -0.622857 0.726593 
-0.520984 -0.408806 0.749302 
-0.578891 -0.546365 0.605285 
-0.554465 -0.704896 0.442369 
-0.590030 -0.716546 0.372057 
-0.661254 -0.619148 0.423555 
-0.775145 -0.526363 0.349417 
-0.642554 -0.614813 0.457306 
-0.573751 -0.722264 0.386192 
-0.623418 -0.743105 0.243196 
-0.456873 -0.862430 0.217903 
-0.624299 -0.756423 0.195128 
-0.700361 -0.708097 0.089965 
-0.887249 -0.450383 0.099725 
-0.743183 -0.629603 0.226447 
-0.859786 -0.505567 0.071897 
-0.889800 -0.456234 -0.010321 
-0.920650 -0.340693 -0.190608 
-0.842511 -0.523033 -0.128889 
-0.718096 -0.555955 -0.418631 
-0.793416 -0.464399 -0.393476 
-0.668412 -0.622118 -0.407669 
-0.816215 -0.465943 -0.341599 
-0.757888 -0.417464 -0.501328 
-0.874221 -0.217420 -0.434128 
-0.816876 -0.406056 -0.409673 
-0.723274 -0.344748 -0.598351 
-0.548753 -0.543531 -0.635173 
-0.606610 -0.609471 -0.510460 
-0.414303 -0.633556 -0.653421 
-0.468453 -0.702111 -0.536276 
-0.466234 -0.707639 -0.530916 
-0.625859 -0.652418 -0.427376 
-0.769301 -0.467885 -0.435040 
-0.690846 -0.640123 -0.336117 
-0.522578 -0.797479 -0.301563 
-0.344512 -0.875797 -0.338071 
-0.202408 -0.868502 -0.452476 
-0.070993 -0.901592 -0.426721 
0.133017 -0.877997 -0.459813 
0.061820 -0.904100 -0.422825 
-0.097661 -0.951755 -0.290905 
0.081123 -0.927486 -0.364952 
0.104205 -0.830735 -0.546828 
-0.137818 -0.799851 -0.584162 
-0.315622 -0.785528 -0.532286 
-0.218102 -0.846933 -0.484908 
-0.020335 -0.928785 -0.370060 
0.175427 -0.825927 -0.535789 
0.356342 -0.742263 -0.567509 
0.205738 -0.692794 -0.691165 
0.202628 -0.450021 -0.869726 
0.255378 -0.551233 -0.794308 
0.303277 -0.641018 -0.705066 
0.192139 -0.501529 -0.843535 
0.374152 -0.523521 -0.765464 
0.553706 -0.560283 -0.616030 
0.569416 -0.627723 -0.530782 
0.634948 -0.502690 -0.586638 
0.513008 -0.412228 -0.752921 
0.582806 -0.577397 -0.571795 
0.730769 -0.560048 -0.390286 
0.871427 -0.419180 -0.254762 
0.754785 -0.602445 -0.259538 
0.635415 -0.770435 -0.051753 
0.802724 -0.581508 0.132221 
0.645716 -0.752352 0.130450 
0.494732 -0.797896 0.344387 
0.426616 -0.805298 0.411697 
0.391932 -0.825314 0.406504 
0.342508 -0.887441 0.308441 
0.112473 -0.972764 0.202682 
0.190514 -0.896018 0.401069 
0.110210 -0.882099 0.457990 
0.199591 -0.868001 0.454684 
0.126299 -0.763562 0.633263 
0.281439 -0.586757 0.759281 
0.416589 -0.699895 0.580173 
0.376777 -0.629989 0.679083 
0.391758 -0.510548 0.765419 
0.500712 -0.465775 0.729617 
0.641807 -0.339513 0.687615 
0.574919 -0.254888 0.777496 
0.502471 -0.522960 0.688503 
0.541015 -0.649891 0.533802 
0.478820 -0.669135 0.568321 
0.465390 -0.538116 0.702740 
0.571015 -0.417866 0.706633 
0.505389 -0.567161 0.650315 
0.628739 -0.605826 0.487506 
0.415116 -0.598725 0.684987 
0.574438 -0.632476 0.519610 
0.385815 -0.573467 0.722691 
0.487115 -0.509588 0.709252 
0.386794 -0.504627 0.771843 
0.227489 -0.630421 0.742171 
0.440831 -0.701773 0.559627 
0.602359 -0.731036 0.320548 
0.544803 -0.831851 0.105893 
0.521627 -0.785715 0.332502 
0.529837 -0.774909 0.344656 
0.654410 -0.705387 0.272353 
0.492708 -0.827687 0.268650 
0.357505 -0.909884 0.210481 
0.440737 -0.888665 0.126588 
0.472992 -0.876931 -0.085267 
0.343883 -0.934199 -0.094958 
0.305153 -0.943377 -0.130080 
0.294215 -0.950405 0.100832 
0.064029 -0.996798 -0.047902 
-0.050268 -0.997935 -0.039984 
-0.134325 -0.968525 -0.209563 
-0.186519 -0.910910 -0.368040 
-0.082909 -0.839517 -0.536970 
-0.309976 -0.766091 -0.563045 
-0.398500 -0.816705 -0.417361 
-0.300913 -0.717430 -0.628288 
-0.378533 -0.817962 -0.433187 
-0.405175 -0.754830 -0.515815 
-0.589964 -0.568862 -0.573008 
-0.506402 -0.495471 -0.705737 
-0.689035 -0.356045 -0.631240 
-0.577434 -0.476780 -0.662761 
-0.656339 -0.350319 -0.668203 
-0.500065 -0.418756 -0.758009 
-0.578391 -0.263274 -0.772108 
-0.317109 -0.295446 -0.901196 
-0.298680 -0.184307 -0.936387 
-0.089314 -0.330343 -0.939626 
-0.195575 -0.387474 -0.900896 
-0.415535 -0.319873 -0.851476 
-0.622713 -0.241670 -0.744194 
-0.718410 -0.329226 -0.612779 
-0.856103 -0.237160 -0.459177 
-0.836527 -0.231892 -0.496435 
-0.680784 -0.475151 -0.557462 
-0.802022 -0.351352 -0.483024 
-0.632918 -0.537896 -0.556850 
-0.753004 -0.319899 -0.575021 
-0.606635 -0.206931 -0.767576 
-0.463146 -0.237729 -0.853803 
-0.431761 -0.273663 -0.859471 
-0.293301 -0.359713 -0.885766 
-0.063865 -0.198043 -0.978111 
-0.185101 -0.344838 -0.920231 
-0.330643 -0.456958 -0.825751 
-0.422747 -0.297072 -0.856174 
-0.237820 -0.363911 -0.900561 
-0.341321 -0.398047 -0.851504 
-0.444523 -0.240141 -0.862978 
-0.281104 -0.281388 -0.917497 
-0.270679 -0.107954 -0.956597 
-0.014260 -0.238602 -0.971013 
-0.170601 -0.145867 -0.974483 
-0.149071 -0.093036 -0.984440 
0.037410 -0.186463 -0.981749 
-0.040088 -0.010414 -0.999142 
-0.259024 -0.118338 -0.958594 
-0.346511 -0.314936 -0.883598 
