-0.966077 -0.021722 0.257337 
-0.987993 0.148289 0.043371 
-0.959536 0.280446 0.025303 
-0.929240 0.359737 -0.084274 
-0.831946 0.553692 0.035936 
-0.692406 0.717887 -0.072201 
-0.692676 0.721065 -0.016290 
-0.504143 0.862313 -0.047501 
-0.469953 0.876150 -0.107264 
-0.365745 0.930536 -0.018241 
-0.407954 0.900854 0.148447 
-0.427158 0.900277 -0.083891 
-0.624742 0.760391 -0.177490 
-0.664254 0.742820 -0.083575 
-0.723966 0.628143 -0.285150 
-0.808444 0.431790 -0.399971 
-0.657367 0.569943 -0.492984 
-0.730524 0.369008 -0.574602 
-0.725145 0.337435 -0.600252 
-0.819874 0.372587 -0.434725 
-0.898983 0.350744 -0.262314 
-0.874176 0.476718 -0.092501 
-0.913776 0.406211 0.002547 
-0.920122 0.376924 0.106315 
-0.981812 0.189833 0.002940 
-0.999468 -0.021797 -0.024275 
-0.979167 -0.031395 0.200612 
-0.995443 0.093988 0.016116 
-0.962171 0.092824 0.256145 
-0.998078 0.054215 0.030021 
-0.977262 0.207215 0.044955 
-0.994495 0.048200 -0.093038 
-0.987423 0.032860 -0.154649 
-0.998719 -0.015491 0.048176 
-0.983162 0.159837 -0.088568 
-0.979197 -0.034559 -0.199948 
-0.971688 -0.235490 0.019166 
-0.895371 -0.435125 -0.094751 
-0.909375 -0.400548 -0.112241 
-0.937678 -0.195839 -0.287065 
-0.934909 -0.164746 -0.314332 
-0.930813 -0.352859 -0.095272 
-0.988914 -0.118849 -0.089012 
-0.991020 0.012820 -0.133098 
-0.954584 -0.015576 -0.297534 
-0.917950 -0.063852 -0.391523 
-0.934445 0.045498 -0.353188 
-0.869815 -0.009813 -0.493280 
-0.952787 -0.156632 -0.260123 
-0.936867 -0.344143 -0.062016 
-0.834530 -0.512121 -0.203203 
-0.926776 -0.228678 -0.297981 
-0.790793 -0.369589 -0.487905 
-0.845371 -0.387287 -0.367909 
-0.832665 -0.397442 -0.385628 
-0.739385 -0.334373 -0.584384 
-0.701702 -0.166839 -0.692661 
-0.715176 -0.366623 -0.595073 
-0.824836 -0.312669 -0.471045 
-0.898676 -0.100814 -0.426870 
-0.761824 -0.314219 -0.566472 
-0.811175 -0.406656 -0.420270 
-0.895101 -0.268982 -0.355587 
-0.973172 -0.104707 -0.204872 
-0.996374 -0.084907 0.005383 
-0.993542 -0.059412 0.096668 
-0.964737 -0.199127 0.172137 
-0.940710 -0.247723 0.231729 
-0.846439 -0.462186 0.264433 
-0.843766 -0.534033 0.053560 
-0.806251 -0.567997 0.165346 
-0.756088 -0.651706 0.060083 
-0.717414 -0.687875 -0.110204 
-0.752471 -0.658174 0.024395 
-0.810939 -0.573520 -0.115989 
-0.699705 -0.691925 -0.177915 
-0.732950 -0.678788 -0.045063 
-0.637467 -0.767590 0.066647 
-0.707947 -0.696314 0.118148 
-0.527852 -0.829691 0.181616 
-0.367205 -0.863735 0.345141 
-0.197400 -0.895556 0.398765 
-0.385713 -0.831956 0.398842 
-0.427332 -0.860963 0.275918 
-0.391336 -0.911075 0.129610 
-0.410223 -0.883497 0.226164 
-0.262835 -0.954287 0.142317 
-0.265111 -0.963307 -0.041892 
-0.041816 -0.972040 -0.231064 
-0.217121 -0.883679 -0.414692 
-0.184749 -0.856288 -0.482326 
-0.322664 -0.707288 -0.628992 
-0.469957 -0.605177 -0.642574 
-0.390689 -0.685804 -0.614032 
-0.176983 -0.729393 -0.660805 
-0.111955 -0.710804 -0.694423 
-0.168947 -0.553483 -0.815545 
-0.270237 -0.549155 -0.790823 
-0.233222 -0.671490 -0.703356 
-0.199980 -0.732407 -0.650836 
-0.423244 -0.665362 -0.614945 
-0.561384 -0.528377 -0.636919 
-0.708853 -0.352695 -0.610847 
-0.821820 -0.132815 -0.554050 
-0.685921 -0.068698 -0.724426 
-0.771780 -0.180712 -0.609672 
-0.771970 -0.229624 -0.592735 
-0.834037 -0.158806 -0.528359 
-0.867662 -0.343610 -0.359296 
-0.867158 -0.363977 -0.339939 
-0.811999 -0.543266 -0.213353 
-0.670817 -0.669396 -0.319240 
-0.694701 -0.583827 -0.420162 
-0.779069 -0.498471 -0.380235 
-0.696499 -0.468058 -0.543885 
-0.663334 -0.297417 -0.686681 
-0.761102 -0.406673 -0.505313 
-0.776504 -0.344634 -0.527511 
-0.703586 -0.411205 -0.579549 
-0.681363 -0.439966 -0.584956 
-0.571799 -0.456723 -0.681505 
-0.641216 -0.231334 -0.731660 
-0.493224 -0.393943 -0.775590 
-0.387511 -0.454658 -0.801948 
-0.370309 -0.324274 -0.870470 
-0.455550 -0.443639 -0.771789 
-0.559771 -0.247340 -0.790873 
-0.714578 -0.226936 -0.661724 
-0.654880 -0.148656 -0.740968 
-0.714889 0.034440 -0.698389 
-0.617971 0.167495 -0.768152 
-0.561131 0.019877 -0.827488 
-0.597871 0.158903 -0.785684 
-0.541628 0.419895 -0.728236 
-0.537987 0.275754 -0.796574 
-0.536084 0.172583 -0.826335 
-0.679614 0.299342 -0.669716 
-0.716392 -0.027296 -0.697164 
-0.603568 0.034227 -0.796577 
-0.495716 0.015727 -0.868342 
-0.258277 -0.044865 -0.965028 
-0.458757 -0.031996 -0.887986 
-0.494343 -0.198562 -0.846285 
-0.669420 -0.023725 -0.742505 
-0.672109 0.171939 -0.720213 
-0.703429 0.325726 -0.631736 
-0.803215 0.101863 -0.586915 
-0.939420 0.021544 -0.342091 
-0.962286 0.225422 -0.152286 
-0.874059 0.283807 -0.394303 
-0.923391 0.055503 -0.379826 
-0.920906 -0.039283 -0.387800 
-0.885023 -0.085873 -0.457560 
-0.788542 -0.224693 -0.572463 
-0.602225 -0.182643 -0.777153 
-0.426520 -0.080029 -0.900931 
-0.658943 0.060746 -0.749736 
-0.689657 -0.203490 -0.694957 
-0.674254 -0.345718 -0.652580 
-0.548726 -0.591542 -0.590743 
-0.498672 -0.361954 -0.787601 
-0.548510 -0.300872 -0.780136 
-0.400105 -0.130569 -0.907121 
-0.236121 -0.179487 -0.955003 
-0.443344 -0.099431 -0.890820 
-0.663160 -0.014333 -0.748341 
-0.696245 -0.232548 -0.679091 
-0.695455 -0.307006 -0.649684 
-0.723757 -0.175783 -0.667290 
-0.721496 -0.151967 -0.675536 
-0.799946 0.081429 -0.594522 
-0.769951 0.142275 -0.622039 
-0.636007 0.019412 -0.771439 
-0.495026 0.048269 -0.867536 
-0.430368 0.305332 -0.849445 
-0.233572 0.337547 -0.911870 
-0.477965 0.442408 -0.758831 
-0.271926 0.474241 -0.837348 
-0.217688 0.581341 -0.784000 
-0.295769 0.648351 -0.701542 
-0.286237 0.728236 -0.622688 
-0.127328 0.744055 -0.655874 
-0.019232 0.852510 -0.522356 
0.006025 0.780042 -0.625698 
0.149926 0.772842 -0.616634 
0.025703 0.599569 -0.799910 
0.019851 0.705270 -0.708661 
0.139739 0.810065 -0.569445 
0.227999 0.675085 -0.701625 
0.440974 0.517474 -0.733323 
0.447204 0.540118 -0.712938 
0.409417 0.666564 -0.622952 
0.249740 0.698939 -0.670160 
0.143721 0.666152 -0.731837 
-0.055274 0.758707 -0.649082 
-0.047918 0.804044 -0.592636 
-0.275778 0.809626 -0.518125 
-0.258956 0.773664 -0.578261 
-0.233684 0.867051 -0.440016 
-0.302615 0.713981 -0.631391 
