0.702078 -0.425864 0.579666 
0.535400 -0.562553 0.672226 
0.489716 -0.569727 0.661146 
0.405237 -0.785925 0.536263 
0.441980 -0.711909 0.551110 
0.422937 -0.711296 0.561828 
0.228521 -0.652858 0.781749 
-0.012578 -0.507939 0.914732 
0.031689 -0.341545 0.954691 
-0.190787 -0.395589 0.927395 
-0.008544 -0.161170 1.035964 
-0.105497 -0.100660 0.995533 
-0.058892 -0.062120 0.998148 
0.122377 -0.083779 1.005677 
0.267014 -0.099535 0.970031 
0.459221 -0.025529 0.913230 
0.505600 -0.198658 0.859866 
0.616203 0.118559 0.847909 
0.417710 0.018106 0.937967 
0.317114 -0.202186 0.957531 
0.382862 -0.092114 0.928121 
0.430413 -0.018009 0.906948 
0.566482 0.081295 0.839852 
0.561489 0.231592 0.808949 
0.512780 0.042910 0.882289 
0.344612 0.076368 0.953648 
0.302059 -0.135143 0.967969 
0.378541 -0.103915 0.924187 
0.527110 0.170796 0.889770 
0.547183 0.103532 0.834018 
0.345700 0.128273 0.959705 
0.258250 -0.015773 0.980353 
0.153088 -0.173367 0.991123 
0.304131 -0.275024 0.931783 
0.284575 -0.386139 0.885688 
0.439147 -0.132935 0.938183 
0.487268 -0.299249 0.842700 
0.659105 -0.148708 0.774571 
0.669980 -0.346854 0.690307 
0.572546 -0.351935 0.748844 
0.505112 -0.382282 0.777812 
0.556025 -0.339089 0.761941 
0.345597 -0.403426 0.883781 
0.400727 -0.451139 0.804105 
0.496641 -0.178127 0.902811 
0.503528 0.083612 0.897754 
0.298169 0.243316 0.960431 
0.116266 0.475019 0.920858 
0.056472 0.350772 0.944197 
0.306362 0.407726 0.898658 
0.378773 0.551209 0.770598 
0.483991 0.598242 0.658287 
0.363577 0.639473 0.689871 
0.447863 0.560095 0.706630 
0.472060 0.488690 0.738227 
0.630505 0.298993 0.757981 
0.509293 0.338089 0.802233 
0.628489 0.309505 0.727804 
0.550322 0.145413 0.850938 
0.388069 0.332426 0.895321 
0.546899 0.531490 0.717016 
0.727889 0.324415 0.664209 
0.792750 0.074889 0.656557 
0.661377 -0.055336 0.779655 
0.538186 -0.255961 0.838549 
0.347399 -0.427334 0.873417 
0.084934 -0.321726 0.991003 
-0.027485 -0.198006 0.992939 
-0.021438 -0.285923 0.962454 
0.166722 -0.112302 1.013783 
0.210427 0.082526 0.994005 
-0.022189 0.102590 1.021708 
0.235447 0.233495 0.986931 
0.156060 0.453015 0.910527 
0.391590 0.573338 0.777636 
0.524648 0.609495 0.627019 
0.736961 0.525753 0.498649 
0.790302 0.296386 0.592159 
0.681078 0.552202 0.555819 
0.657981 0.621490 0.444053 
0.492328 0.833977 0.373609 
0.607342 0.756247 0.289922 
0.581344 0.860757 0.028693 
0.624037 0.791488 -0.173530 
0.731005 0.711925 -0.017759 
0.689757 0.722989 -0.091209 
0.727941 0.678516 -0.117652 
0.593539 0.792394 -0.274930 
0.816042 0.599153 -0.248737 
0.597229 0.804412 -0.294114 
0.552015 0.863691 -0.067029 
0.618920 0.807110 0.172002 
0.631739 0.752087 0.194922 
0.520948 0.806151 0.338400 
0.464043 0.815911 0.349420 
0.620694 0.769676 0.244844 
0.464532 0.887859 0.191697 
0.212269 0.986698 0.237652 
0.058561 1.030413 0.032559 
0.200671 0.994892 -0.132424 
0.163976 1.009809 0.105915 
0.179677 0.992366 -0.028879 
0.039956 1.013844 0.151294 
-0.186965 1.026539 -0.049120 
0.053365 1.018647 -0.180748 
-0.077870 0.955871 -0.367332 
-0.320056 0.928150 -0.312701 
-0.471421 0.773808 -0.515789 
-0.279304 0.866960 -0.465480 
-0.503249 0.803349 -0.399283 
-0.497597 0.755020 -0.429918 
-0.660806 0.605068 -0.501468 
-0.725922 0.525137 -0.457309 
-0.681656 0.676910 -0.340283 
-0.741796 0.712111 -0.092451 
-0.722183 0.676060 -0.165359 
-0.638276 0.757080 -0.182549 
-0.489599 0.854302 -0.261013 
-0.289512 1.013153 -0.043584 
-0.391143 0.927250 -0.044065 
-0.317505 0.960201 0.163398 
-0.283471 0.949973 0.136352 
-0.271709 0.943538 0.200517 
-0.204586 0.989468 0.064621 
-0.257156 0.971593 -0.023352 
-0.081316 1.009678 -0.146114 
-0.050144 1.004688 -0.033824 
-0.179361 0.999693 0.202988 
0.005557 0.968046 0.339868 
0.194033 1.006132 0.149849 
0.332468 0.946364 0.126081 
0.230874 0.968649 0.138838 
0.210449 0.990013 -0.015464 
0.045732 1.013709 0.061907 
-0.119909 1.008103 0.003020 
-0.212648 0.981809 -0.016362 
0.001029 1.025323 0.106697 
-0.032598 0.974901 0.293407 
-0.065958 0.942027 0.334296 
0.111751 0.938884 0.372948 
0.348013 0.831454 0.527893 
0.406238 0.727650 0.564837 
0.437961 0.662101 0.614434 
0.477766 0.521420 0.731365 
0.455850 0.641601 0.635843 
0.401007 0.573700 0.724893 
0.239544 0.513457 0.851222 
0.224192 0.536124 0.814787 
0.131784 0.613839 0.788114 
0.316257 0.714174 0.669383 
0.162140 0.819161 0.586146 
-0.007165 0.865907 0.532428 
-0.302730 0.874657 0.482668 
-0.290543 0.802527 0.526170 
-0.312188 0.711660 0.647749 
-0.344676 0.784700 0.533599 
-0.231101 0.940045 0.360359 
-0.143387 0.988509 0.195787 
-0.329005 0.925181 0.286725 
-0.541898 0.871706 0.133129 
-0.385594 0.901650 0.301099 
-0.488968 0.878371 0.150443 
-0.272934 0.949599 0.325289 
-0.265821 0.891428 0.372477 
-0.442176 0.863799 0.307310 
-0.448809 0.815254 0.374950 
-0.402086 0.874712 0.292706 
-0.391449 0.813926 0.467598 
-0.259748 0.891694 0.405438 
-0.107551 0.931667 0.381552 
-0.266110 0.827927 0.557003 
-0.533688 0.742507 0.495452 
-0.661025 0.736873 0.282755 
-0.542283 0.756121 0.402752 
-0.437715 0.710147 0.594858 
-0.388848 0.625981 0.688962 
-0.445207 0.454713 0.799846 
-0.400455 0.457738 0.794771 
-0.652707 0.383222 0.709613 
-0.512855 0.206191 0.879005 
-0.528371 0.160339 0.835398 
-0.353194 0.317866 0.914298 
-0.483246 0.465405 0.778504 
-0.484911 0.669626 0.618796 
-0.713418 0.510228 0.557669 
-0.571920 0.703249 0.488706 
-0.608628 0.777943 0.275471 
-0.837405 0.619358 0.123195 
-0.891776 0.426577 0.307160 
-0.809587 0.442191 0.405561 
-0.753088 0.419602 0.523861 
-0.659861 0.634794 0.468609 
-0.602173 0.652391 0.463273 
-0.436549 0.664860 0.657920 
-0.195591 0.786040 0.644798 
-0.195335 0.593206 0.823245 
-0.150494 0.696313 0.717746 
0.017519 0.583816 0.846238 
-0.117619 0.643936 0.773252 
-0.053296 0.555107 0.839824 
