0.735659 0.168949 0.716917 
0.671447 0.160713 0.725195 
0.556984 0.243171 0.811123 
0.692142 0.337527 0.673093 
0.735824 0.381620 0.571480 
0.597203 0.310027 0.785782 
0.528135 0.275719 0.806370 
0.406117 0.478965 0.813575 
0.557908 0.551533 0.660045 
0.706830 0.526778 0.515654 
0.868652 0.353053 0.429174 
0.813007 0.485395 0.357942 
0.757820 0.622315 0.262889 
0.765455 0.653475 0.108329 
0.803682 0.627777 -0.121399 
0.648833 0.754825 -0.261054 
0.540766 0.724222 -0.503721 
0.711870 0.677013 -0.316572 
0.706859 0.638143 -0.306160 
0.603084 0.704959 -0.405489 
0.608174 0.814072 -0.177080 
0.653824 0.705146 -0.337698 
0.726988 0.548315 -0.465594 
0.855869 0.454983 -0.324383 
0.730980 0.672513 -0.279061 
0.677590 0.744524 -0.128037 
0.809465 0.582874 -0.252738 
0.823402 0.424716 -0.454757 
0.735836 0.400998 -0.562665 
0.778829 0.418945 -0.476825 
0.730296 0.393247 -0.568742 
0.762696 0.412958 -0.503422 
0.688930 0.392792 -0.626079 
0.687250 0.537963 -0.520085 
0.511686 0.686338 -0.567396 
0.646405 0.479018 -0.647732 
0.782053 0.276422 -0.609747 
0.645066 0.490609 -0.638591 
0.661071 0.540843 -0.532454 
0.446825 0.727036 -0.597047 
0.485398 0.724786 -0.498546 
0.531343 0.742938 -0.417900 
0.615601 0.657141 -0.452598 
0.621202 0.785679 -0.241001 
0.576611 0.840657 -0.047713 
0.533593 0.836887 -0.195118 
0.611995 0.841219 0.097591 
0.444256 0.895260 0.203477 
0.294762 0.962552 0.133903 
0.512482 0.898892 -0.005609 
0.370181 0.939827 -0.039378 
0.445878 0.897069 -0.069219 
0.328215 0.960952 0.061075 
0.128347 1.020003 -0.081981 
-0.059188 1.009608 -0.111039 
-0.255859 0.955995 -0.334070 
-0.171316 0.981221 -0.187477 
-0.379357 0.954530 -0.063789 
-0.285427 0.953678 -0.165181 
-0.424052 0.927948 -0.018689 
-0.622344 0.813698 -0.077281 
-0.622455 0.768323 -0.190952 
-0.429887 0.887047 -0.303571 
-0.585833 0.798299 -0.235337 
-0.470164 0.896328 -0.113875 
-0.544934 0.809534 -0.322499 
-0.335835 0.942963 -0.252398 
-0.212339 0.928981 -0.336796 
-0.438243 0.874460 -0.312629 
-0.640159 0.729728 -0.346138 
-0.749901 0.590556 -0.345499 
-0.894071 0.527147 -0.096526 
-0.962267 0.366821 0.117276 
-0.978826 0.295620 -0.118204 
-0.952759 0.338192 0.027570 
-0.877134 0.514793 0.057349 
-0.796800 0.640592 -0.174617 
-0.886859 0.524377 0.030824 
-0.866739 0.491223 0.145529 
-0.776006 0.688292 -0.026557 
-0.774890 0.623931 -0.257751 
-0.733933 0.621392 -0.276559 
-0.812159 0.584274 -0.150064 
-0.873279 0.520176 0.009904 
-0.917946 0.416020 -0.152881 
-0.896659 0.379428 -0.251265 
-0.916790 0.343909 -0.210918 
-0.882700 0.401622 -0.257250 
-0.873549 0.344384 -0.365089 
-1.002193 0.207534 -0.165782 
-1.003804 0.095246 -0.066494 
-0.972947 0.171026 -0.264164 
-0.941231 0.350365 -0.177484 
-1.006881 0.245296 0.077542 
-0.916945 0.446754 0.082344 
-1.003388 0.221590 0.051723 
-0.912708 0.451183 0.253047 
-0.833179 0.513111 0.225870 
-0.921348 0.412535 0.110287 
-0.862771 0.446837 0.328661 
-0.910400 0.321926 0.293258 
-0.893111 0.553379 0.061225 
-0.812506 0.586345 0.037700 
-0.749897 0.656301 0.227459 
-0.574543 0.807458 0.269843 
-0.526346 0.866141 0.093772 
-0.574614 0.824304 0.015444 
-0.761472 0.689181 -0.046037 
-0.842267 0.551838 -0.138841 
-0.904994 0.465469 0.019002 
-0.953518 0.328874 0.097358 
-0.977976 0.168415 0.261126 
-0.974789 0.196065 0.152459 
-0.915674 0.334872 0.312782 
-0.838474 0.461391 0.324996 
-0.750175 0.670665 0.222382 
-0.890558 0.473028 0.203344 
-0.775330 0.540590 0.405703 
-0.659188 0.538116 0.558507 
-0.544064 0.649309 0.554712 
-0.672339 0.594724 0.469835 
-0.503000 0.779051 0.450472 
-0.516762 0.672940 0.547787 
-0.333958 0.800592 0.545110 
-0.165049 0.871988 0.497668 
-0.006787 0.866152 0.524629 
-0.014426 0.854927 0.518606 
0.062880 1.009815 0.265364 
0.197224 0.925697 0.372347 
0.341279 0.920557 0.262163 
0.369398 0.938801 0.098773 
0.411618 0.916411 0.013230 
0.470138 0.886468 -0.089996 
0.483708 0.857210 -0.223913 
0.553616 0.863783 -0.005285 
0.435307 0.907448 -0.217883 
0.367367 0.853344 -0.438252 
0.478407 0.841726 -0.303949 
0.379360 0.869732 -0.332972 
0.168661 0.964077 -0.309700 
0.157428 0.887408 -0.466480 
0.194700 0.955896 -0.291351 
0.277599 0.989972 -0.060899 
0.348147 0.946060 0.053533 
0.342731 0.937620 0.058651 
0.175706 1.015657 -0.213175 
0.084505 0.994686 -0.128762 
-0.047713 1.003013 -0.100091 
0.109407 1.007820 -0.034841 
0.080751 0.999503 0.052064 
0.287920 0.975114 0.119683 
0.392127 0.915691 0.149968 
0.294365 0.981800 -0.047405 
0.373511 0.933040 -0.001427 
0.393015 0.919655 -0.108789 
0.499046 0.881933 0.010978 
0.548320 0.837305 0.119598 
0.442915 0.895018 0.131486 
0.658421 0.777425 0.150585 
0.485724 0.863692 0.256199 
0.492621 0.851226 0.191312 
0.719801 0.736824 0.105255 
0.746777 0.648985 0.187210 
0.772994 0.629777 0.111954 
0.859820 0.550948 -0.073948 
0.843420 0.569607 0.204829 
0.947099 0.407315 0.035848 
0.989881 0.223584 0.083967 
0.974095 0.257164 -0.041098 
0.901458 0.468919 -0.233901 
0.890683 0.437075 -0.148922 
0.815847 0.553972 -0.231464 
0.952920 0.389289 -0.085790 
0.882326 0.509732 0.073205 
0.969850 0.293193 0.224509 
0.929899 0.256984 0.269769 
0.914259 0.289312 0.286340 
0.922209 0.357048 0.189790 
1.030119 0.190463 -0.058102 
0.998626 0.112683 0.016807 
1.013628 -0.062875 -0.002793 
0.992337 -0.147019 -0.170416 
0.961338 0.026929 -0.396256 
0.890432 -0.018022 -0.465937 
0.824078 -0.152386 -0.576475 
0.821611 0.008065 -0.592107 
0.896588 -0.214613 -0.469262 
0.738616 -0.408631 -0.606361 
0.741829 -0.613421 -0.397024 
0.657592 -0.788428 -0.175812 
0.574874 -0.761320 -0.360236 
0.599274 -0.756055 -0.276563 
0.362052 -0.894963 -0.397744 
0.463193 -0.698037 -0.632890 
0.392909 -0.574527 -0.737721 
0.322814 -0.621763 -0.718684 
0.274023 -0.452638 -0.881825 
0.363805 -0.247040 -0.926351 
0.546613 -0.119177 -0.860504 
0.356160 -0.159094 -0.944490 
