-0.067815 0.274503 -0.999168 
0.204357 0.106538 -1.023872 
0.373053 0.157832 -0.934138 
0.484465 0.342429 -0.838638 
0.661891 0.424749 -0.669130 
0.797123 0.314682 -0.554934 
0.655133 0.426287 -0.657024 
0.620797 0.219286 -0.792809 
0.672205 0.199698 -0.718270 
0.634683 0.138934 -0.764943 
0.668983 -0.055798 -0.767096 
0.487032 0.008341 -0.904718 
0.322309 -0.137688 -0.963491 
0.574325 0.061181 -0.880727 
0.443979 0.273763 -0.887316 
0.440057 0.358703 -0.829121 
0.503558 0.202942 -0.856905 
0.580614 0.339192 -0.762288 
0.610149 0.318372 -0.727071 
0.639164 0.189347 -0.757655 
0.649833 0.155850 -0.744812 
0.713842 0.190855 -0.680756 
0.755816 -0.009145 -0.685874 
0.600168 0.171605 -0.829046 
0.424057 0.158778 -0.911913 
0.518183 -0.031765 -0.881060 
0.591311 -0.021713 -0.812137 
0.691656 0.092739 -0.736159 
0.831465 0.169545 -0.575344 
0.891580 0.229181 -0.425933 
0.787716 0.463708 -0.483037 
0.648016 0.488460 -0.614642 
0.483550 0.655817 -0.625244 
0.347071 0.815965 -0.518369 
0.300560 0.873363 -0.405434 
0.202968 0.893081 -0.413660 
-0.007832 1.000762 -0.272612 
-0.262492 1.018786 -0.057369 
-0.000228 1.037568 0.060968 
0.165790 0.987009 0.251067 
0.134499 0.903160 0.470477 
0.264550 0.768048 0.633286 
0.293962 0.791095 0.544227 
0.343468 0.729897 0.598685 
0.158806 0.758082 0.662611 
-0.065559 0.725985 0.723425 
0.074838 0.769796 0.653875 
-0.076852 0.727828 0.700838 
-0.049812 0.506908 0.913974 
0.111272 0.534397 0.854480 
0.108473 0.424481 0.907031 
-0.104478 0.495033 0.891372 
-0.330409 0.534384 0.814351 
-0.377163 0.390898 0.853486 
-0.597518 0.393279 0.741177 
-0.733341 0.401392 0.585588 
-0.687596 0.302672 0.674472 
-0.534250 0.219073 0.853933 
-0.723537 0.061597 0.738688 
-0.780826 0.100050 0.629113 
-0.747933 0.282470 0.628576 
-0.895046 0.227609 0.450668 
-0.848281 0.308580 0.439658 
-0.814181 0.288501 0.510312 
-0.865391 0.361958 0.380661 
-0.925480 0.323949 0.247398 
-0.923023 0.314083 0.223449 
-0.831789 0.508781 0.325420 
-0.862417 0.405861 0.319836 
-0.921008 0.413822 0.134849 
-0.947978 0.276135 0.232144 
-0.948384 0.032338 0.458005 
-0.813030 -0.062494 0.621475 
-0.955577 -0.234298 0.376047 
-0.896959 -0.236611 0.374278 
-0.787345 -0.371081 0.551152 
-0.801106 -0.289790 0.529712 
-0.891239 -0.469049 0.289335 
-0.796010 -0.600898 0.195563 
-0.772848 -0.548215 0.366778 
-0.889930 -0.405965 0.288225 
-0.736063 -0.596143 0.425624 
-0.658945 -0.560409 0.515287 
-0.754217 -0.662211 0.269313 
-0.899575 -0.416699 0.314738 
-0.866678 -0.339869 0.377759 
-0.845080 -0.377832 0.380759 
-0.785098 -0.463246 0.426640 
-0.777154 -0.309405 0.593019 
-0.778326 -0.342751 0.530229 
-0.876883 -0.204541 0.470733 
-0.821664 -0.285149 0.503934 
-0.844285 -0.331456 0.430511 
-0.859718 -0.222432 0.474851 
-0.872816 -0.039960 0.521740 
-0.916793 0.022060 0.418490 
-0.888769 -0.122329 0.468145 
-0.808917 -0.259786 0.558002 
-0.699216 -0.089165 0.766473 
-0.516494 -0.190839 0.865205 
-0.311243 -0.408568 0.909414 
-0.288731 -0.345274 0.894529 
-0.393493 -0.341586 0.860593 
-0.442848 -0.154707 0.905129 
-0.512766 0.086555 0.890235 
-0.599474 0.260673 0.787474 
-0.810127 0.139410 0.636786 
-0.689184 0.064422 0.742036 
-0.650760 0.076167 0.756516 
-0.643817 0.288761 0.740022 
-0.836618 0.173591 0.586130 
-0.920305 0.308452 0.362827 
-0.853682 0.244348 0.482875 
-0.816469 0.481825 0.405960 
-0.795809 0.388820 0.478381 
-0.771979 0.267377 0.602739 
-0.683807 0.135583 0.748443 
-0.587261 0.008437 0.828512 
-0.728832 -0.135565 0.710548 
-0.819574 -0.292377 0.548728 
-0.941746 -0.237320 0.341725 
-0.895087 -0.324341 0.320834 
-0.928457 -0.430927 0.105440 
-0.956089 -0.259179 0.280996 
-0.888123 -0.187995 0.469153 
-0.788499 -0.391139 0.528717 
-0.845178 -0.543323 0.279613 
-0.820826 -0.516682 0.244850 
-0.897677 -0.351444 0.334540 
-0.825902 -0.348554 0.467890 
-0.962101 -0.154654 0.347717 
-0.995228 -0.193638 0.135672 
-0.948132 -0.156612 0.361120 
-1.013962 0.072480 0.212043 
-0.960489 -0.141479 0.352684 
-0.954078 -0.258735 0.226668 
-0.998429 -0.201538 0.041774 
-0.946392 -0.329216 0.195526 
-0.909143 -0.278149 0.352589 
-0.960703 -0.034355 0.371658 
-0.908373 -0.236482 0.403217 
-0.826086 -0.412131 0.430874 
-0.741249 -0.539751 0.427041 
-0.796616 -0.625958 0.194722 
-0.589143 -0.822174 0.244966 
-0.444225 -0.816834 0.438483 
-0.560968 -0.883972 0.129454 
-0.275608 -1.013989 0.030682 
-0.079631 -1.010217 0.160680 
-0.049883 -1.022306 -0.066668 
-0.169118 -0.975081 -0.306357 
-0.336601 -0.966961 -0.118103 
-0.276173 -0.974752 0.041037 
-0.280518 -0.961359 -0.014795 
-0.290443 -0.955874 -0.077511 
-0.093880 -0.999852 -0.245493 
-0.334781 -0.949985 -0.214044 
-0.201242 -0.993664 -0.085972 
-0.138223 -1.008093 0.140115 
-0.019721 -0.969396 0.336576 
-0.003450 -0.882254 0.508150 
0.166010 -0.801561 0.613064 
0.266844 -0.720059 0.654460 
0.150459 -0.642018 0.773957 
0.310709 -0.532216 0.811848 
0.347663 -0.365837 0.882596 
0.454767 -0.493485 0.768257 
0.589104 -0.280754 0.798724 
0.484017 -0.434393 0.781654 
0.605794 -0.407098 0.699516 
0.488216 -0.463856 0.752471 
0.247055 -0.431566 0.915671 
0.348442 -0.502991 0.806873 
0.492145 -0.312542 0.847665 
0.521211 -0.219906 0.829994 
0.486468 -0.148029 0.865476 
0.482575 -0.294648 0.838181 
0.644050 -0.261819 0.743412 
0.595632 -0.496316 0.678338 
0.725653 -0.510094 0.508271 
0.926820 -0.438955 0.247599 
0.806948 -0.564931 0.238714 
0.708215 -0.641850 0.332880 
0.532125 -0.687666 0.582383 
0.504190 -0.690664 0.520766 
0.683948 -0.511095 0.582556 
0.677312 -0.402057 0.626354 
0.890280 -0.404325 0.384417 
0.942727 -0.300431 0.233812 
0.971958 -0.066002 0.344598 
0.948618 -0.071181 0.309440 
0.916512 -0.098126 0.400542 
0.876071 0.092806 0.527268 
0.729913 0.203064 0.698704 
0.729137 0.427861 0.589003 
0.634328 0.245986 0.785386 
0.471268 0.244854 0.865718 
0.354393 0.134200 0.942295 
0.250656 0.080185 0.972146 
0.423479 0.004979 0.926394 
