187
196
166
177
171
181
205
140
206
183
193
173
180
164
183
156
155
164
199
185
190
172
178
187
156
202
202
165
201
183
198
178
152
153
179
148
172
181
153
174
189
188
183
213
164
188
187
189
147
177
170
192
188
168
163
159
189
185
137
191
182
194
181
185
161
162
186
157
187
185
161
195
147
195
176
137
218
158
152
182
187
172
173
176
211
142
183
181
174
186
176
176
208
179
176
174
194
182
187
221
178
150
180
176
203
170
161
188
173
186
192
177
178
160
182
189
156
178
155
210
168
133
186
191
182
224
185
181
164
172
176
212
177
176
167
184
197
183
219
197
157
170
182
166
188
178
153
185
201
190
194
199
165
188
185
181
209
185
157
155
162
171
174
185
170
167
163
142
178
179
157
175
177
169
172
165
183
133
174
184
188
169
158
161
176
177
193
166
172
168
156
156
173
188
153
154
148
173
174
184
