168
169
152
157
182
171
178
171
204
181
163
202
198
165
158
154
189
152
174
182
197
167
177
190
166
180
180
192
190
168
182
215
167
167
213
192
167
162
192
150
207
186
202
141
174
176
193
189
202
184
174
189
169
172
190
170
197
156
179
157
175
204
161
168
138
155
188
201
181
219
154
171
183
151
175
146
196
143
182
171
198
182
149
176
196
183
161
198
191
197
198
179
171
170
197
168
183
195
201
208
203
172
184
165
164
132
176
178
176
182
203
188
157
197
164
167
191
180
187
149
166
193
173
176
159
175
170
160
181
187
180
199
177
165
189
190
166
163
178
220
192
149
197
195
186
175
169
173
176
177
164
207
187
170
195
168
197
194
162
180
158
197
153
169
218
172
197
169
168
193
201
184
187
128
179
166
149
176
203
145
196
164
195
172
184
202
180
183
188
175
171
164
177
166
185
197
210
211
157
180
