0.169182 -0.998597 -0.187313 
0.145400 -0.941597 -0.347694 
0.048919 -0.943874 -0.340403 
-0.051210 -0.938805 -0.355355 
0.106815 -0.950473 -0.332837 
0.303031 -0.917831 -0.324397 
0.281109 -0.924238 -0.265314 
0.220732 -0.904613 -0.390805 
0.251257 -0.981477 -0.170219 
0.227735 -0.968297 -0.116005 
0.210998 -0.943953 -0.339472 
0.092662 -1.016674 -0.135050 
0.294428 -0.961455 -0.185219 
0.333749 -0.895959 -0.338808 
0.368553 -0.917398 -0.204843 
0.333819 -0.913127 -0.238858 
0.197173 -1.033547 0.035318 
0.191737 -0.979551 0.072529 
0.430232 -0.940645 -0.043159 
0.625936 -0.818227 0.085576 
0.717990 -0.711629 0.023938 
0.807862 -0.607774 -0.056828 
0.868263 -0.481853 -0.321258 
0.957749 -0.331571 -0.162903 
0.891221 -0.424174 -0.198392 
0.965152 -0.220705 -0.267020 
0.929247 -0.294427 -0.238164 
0.925145 -0.410459 -0.096193 
0.931528 -0.411455 0.145660 
0.897660 -0.422365 0.128629 
0.828463 -0.498857 0.357523 
0.708766 -0.500834 0.542632 
0.628689 -0.397666 0.698045 
0.462842 -0.388752 0.823081 
0.502652 -0.378707 0.779159 
0.452068 -0.595751 0.704265 
0.668734 -0.645234 0.483558 
0.654312 -0.485384 0.613790 
0.575164 -0.356921 0.766465 
0.466645 -0.324961 0.832653 
0.256697 -0.309865 0.946155 
0.082859 -0.461116 0.913180 
-0.151654 -0.428397 0.921367 
-0.080321 -0.478875 0.879147 
0.080305 -0.464401 0.896763 
0.223497 -0.621180 0.787990 
0.411122 -0.448785 0.834172 
0.399714 -0.205867 0.930124 
0.521977 -0.190976 0.844120 
0.596299 0.042448 0.838187 
0.438135 0.201880 0.906362 
0.263383 0.108446 0.981348 
0.339566 0.292920 0.917765 
0.475326 0.183909 0.878432 
0.260434 0.363768 0.939045 
0.075358 0.583753 0.860657 
-0.140933 0.609773 0.810243 
-0.259592 0.762546 0.644549 
-0.308869 0.723383 0.620372 
-0.201705 0.879715 0.488576 
-0.294794 0.889853 0.376648 
-0.056143 0.955412 0.381053 
-0.000388 0.961527 0.292485 
0.082953 0.920559 0.409998 
0.043053 0.918678 0.394814 
0.147399 0.862265 0.512545 
0.140074 0.789747 0.609217 
-0.045302 0.820017 0.600683 
-0.063035 0.820348 0.569256 
-0.224711 0.712510 0.705882 
-0.347343 0.592574 0.747382 
-0.301824 0.592660 0.747999 
-0.255666 0.626110 0.738886 
-0.193909 0.829283 0.585836 
-0.277760 0.922980 0.366004 
-0.315495 0.796036 0.570111 
-0.414197 0.867581 0.363795 
-0.545158 0.780203 0.344204 
-0.473106 0.889814 0.174223 
-0.582917 0.786430 0.270687 
-0.610268 0.690066 0.433051 
-0.551654 0.744817 0.386294 
-0.506004 0.737044 0.455711 
-0.234422 0.839416 0.584059 
-0.123195 0.975010 0.345552 
-0.040162 0.937822 0.354243 
-0.266293 0.967068 0.241833 
-0.220981 0.988266 0.071274 
-0.219097 0.963632 0.202533 
-0.072642 0.979459 0.242000 
-0.277650 0.939562 0.293770 
-0.556708 0.875481 0.155511 
-0.694926 0.760104 -0.020868 
-0.685443 0.725441 -0.113163 
-0.849310 0.584044 0.012391 
-0.706550 0.740083 -0.121154 
-0.695095 0.702361 -0.160306 
-0.869320 0.591418 0.115821 
-0.901302 0.396131 0.345232 
-0.835123 0.244738 0.560905 
-0.739258 0.420821 0.561564 
-0.775214 0.617984 0.331473 
-0.830276 0.409995 0.447481 
-0.777182 0.484194 0.412643 
-0.810989 0.402063 0.434742 
-0.838390 0.277332 0.489349 
-0.836046 0.460563 0.369734 
-0.678904 0.645650 0.429122 
-0.736504 0.631518 0.286026 
-0.768219 0.627178 0.173398 
-0.683018 0.766445 0.007857 
-0.699901 0.714079 0.166018 
-0.580414 0.803093 0.204014 
-0.513519 0.859678 0.113753 
-0.562698 0.806849 0.221771 
-0.462417 0.810930 0.423293 
-0.245595 0.842888 0.538408 
-0.178203 0.819278 0.548949 
-0.165616 0.697601 0.730695 
-0.353080 0.748002 0.606863 
-0.388749 0.649239 0.664072 
-0.559336 0.707268 0.497181 
-0.462048 0.756252 0.475447 
-0.664061 0.607435 0.503757 
-0.488045 0.629271 0.645227 
-0.391344 0.719859 0.590418 
-0.341803 0.585138 0.770542 
-0.457949 0.644730 0.638965 
-0.588888 0.691262 0.471603 
-0.550265 0.790233 0.324315 
-0.477081 0.895217 0.142267 
-0.512337 0.831721 0.248384 
-0.405519 0.971663 -0.032104 
-0.217749 0.987777 -0.164770 
-0.296102 0.923584 -0.291647 
-0.395007 0.930899 -0.123654 
-0.471877 0.887286 -0.051780 
-0.627581 0.792889 -0.128098 
-0.798957 0.656143 0.018541 
-0.852252 0.530878 0.257648 
-0.796916 0.580179 0.191838 
-0.757127 0.663069 0.084282 
-0.577141 0.836539 0.217136 
-0.696716 0.651099 0.425885 
-0.800859 0.586988 0.244707 
-0.839679 0.432138 0.394453 
-0.942245 0.254965 0.309443 
-0.904960 0.425731 0.202832 
-1.011141 0.247661 -0.000092 
-1.000636 0.118031 -0.144034 
-0.985084 0.096306 -0.143980 
-0.983472 -0.135145 -0.308446 
-0.989078 -0.155497 -0.148434 
-0.980814 -0.283029 0.013085 
-0.913855 -0.443402 -0.068731 
-0.950798 -0.334371 -0.013307 
-0.951008 -0.301121 -0.230288 
-0.888799 -0.544007 -0.063884 
-0.786893 -0.632221 -0.010999 
-0.630252 -0.810676 -0.090922 
-0.592419 -0.824292 0.118156 
-0.784842 -0.656849 0.131675 
-0.699740 -0.667819 0.334411 
-0.518428 -0.764457 0.449047 
-0.509861 -0.663667 0.568686 
-0.575332 -0.727135 0.414857 
-0.560842 -0.830076 0.215850 
-0.375831 -0.916765 0.245575 
-0.365978 -0.862815 0.375635 
-0.209213 -0.849828 0.532130 
-0.276038 -0.692410 0.710532 
-0.473857 -0.686793 0.595966 
-0.603768 -0.501234 0.662847 
-0.738860 -0.565473 0.449070 
-0.912858 -0.301830 0.418575 
-0.835294 -0.144935 0.579048 
-0.762433 0.025817 0.679633 
-0.606042 0.132373 0.818408 
-0.696452 0.074478 0.727021 
-0.794856 0.220956 0.604515 
-0.612501 0.418016 0.733738 
-0.528745 0.604307 0.636103 
-0.498151 0.703087 0.528405 
-0.549300 0.521906 0.700620 
-0.589260 0.530576 0.615726 
-0.487649 0.399024 0.819937 
-0.309474 0.295715 0.933202 
-0.305255 0.475708 0.848204 
-0.235178 0.406590 0.889021 
-0.381105 0.535866 0.785101 
-0.245237 0.707602 0.702403 
-0.295306 0.664198 0.689548 
-0.302745 0.578123 0.766485 
-0.285970 0.814377 0.586158 
-0.089522 0.869928 0.527666 
-0.195931 0.920290 0.385197 
-0.107511 0.854767 0.542609 
-0.260014 0.814514 0.541764 
-0.440572 0.769315 0.500267 
-0.444584 0.810136 0.397439 
