-0.528481 -0.810668 -0.252044 
-0.405016 -0.914305 0.003048 
-0.266606 -0.941096 0.207991 
-0.476599 -0.818276 0.321369 
-0.250123 -0.917040 0.310607 
-0.074830 -0.980641 0.180952 
-0.239760 -0.892689 0.381605 
-0.218742 -0.944208 0.246217 
-0.024265 -0.931024 0.364150 
0.044996 -0.987313 0.152277 
-0.091112 -0.995563 0.023523 
-0.210547 -0.962695 -0.169963 
-0.018600 -0.997672 0.065607 
0.123449 -0.991533 -0.040293 
-0.090138 -0.995542 0.027773 
-0.138237 -0.974499 -0.176757 
-0.336860 -0.928112 -0.158536 
-0.351490 -0.892762 -0.281835 
-0.527389 -0.844619 -0.092085 
-0.654524 -0.739264 -0.158387 
-0.484994 -0.831466 -0.271008 
-0.226010 -0.881767 -0.414013 
-0.362724 -0.908207 -0.208786 
-0.360042 -0.911998 -0.196544 
-0.549872 -0.813669 -0.188636 
-0.640065 -0.687138 -0.343741 
-0.773961 -0.545161 -0.322154 
-0.848100 -0.461555 -0.260181 
-0.749457 -0.646791 -0.141334 
-0.806354 -0.588532 -0.058517 
-0.773054 -0.620676 0.130952 
-0.823686 -0.564155 -0.057184 
-0.756748 -0.653704 -0.001883 
-0.802251 -0.581973 0.133049 
-0.762358 -0.642334 0.078845 
-0.715911 -0.671318 0.191843 
-0.739566 -0.542728 0.398108 
-0.740437 -0.426969 0.519086 
-0.862882 -0.244171 0.442510 
-0.745760 -0.355635 0.563353 
-0.672681 -0.410442 0.615661 
-0.653955 -0.536951 0.532942 
-0.576083 -0.507825 0.640502 
-0.441999 -0.637153 0.631406 
-0.333651 -0.627900 0.703149 
-0.361284 -0.629696 0.687718 
-0.307971 -0.679475 0.665934 
-0.514647 -0.525275 0.677661 
-0.482493 -0.339338 0.807496 
-0.396281 -0.376703 0.837291 
-0.432960 -0.161770 0.886778 
-0.239375 -0.408285 0.880910 
-0.162447 -0.577030 0.800405 
0.018698 -0.460238 0.887599 
-0.205906 -0.371131 0.905464 
-0.243267 -0.237469 0.940441 
-0.011549 -0.242381 0.970112 
-0.210339 -0.056885 0.975972 
-0.374236 0.061950 0.925262 
-0.434604 0.259221 0.862510 
-0.284014 0.152131 0.946674 
-0.203424 0.020990 0.978866 
-0.156319 0.240627 0.957947 
-0.177176 0.437794 0.881445 
-0.400978 0.281514 0.871761 
-0.516507 0.121783 0.847578 
-0.580221 0.122106 0.805254 
-0.582845 -0.103259 0.805996 
-0.372829 0.002260 0.927897 
-0.275774 -0.016901 0.961074 
-0.360712 0.168790 0.917277 
-0.525715 0.124829 0.841452 
-0.709657 0.039604 0.703433 
-0.667201 0.264345 0.696394 
-0.754279 0.134629 0.642603 
-0.851841 -0.042831 0.522046 
-0.759294 0.161642 0.630353 
-0.777212 0.257005 0.574361 
-0.713699 0.242563 0.657112 
-0.640611 0.264954 0.720705 
-0.437419 0.333471 0.835142 
-0.353697 0.168733 0.920015 
-0.404840 0.353653 0.843228 
-0.321429 0.195097 0.926618 
-0.278432 0.081713 0.956974 
-0.063999 0.050930 0.996650 
-0.042300 -0.146690 0.988278 
0.103244 0.032127 0.994137 
0.021838 -0.135288 0.990566 
-0.052899 -0.001738 0.998598 
-0.279311 0.088088 0.956151 
-0.306326 0.037418 0.951191 
-0.118931 0.247968 0.961440 
-0.321722 0.277422 0.905280 
-0.249078 0.274632 0.928729 
-0.423087 0.204080 0.882807 
-0.315519 0.415658 0.853039 
-0.233003 0.559999 0.795054 
-0.145648 0.422630 0.894523 
-0.326442 0.465752 0.822503 
-0.379292 0.252966 0.890026 
-0.207040 0.045401 0.977278 
-0.350636 0.223576 0.909433 
-0.152816 0.083004 0.984763 
-0.298536 0.226986 0.927013 
-0.169360 0.361000 0.917059 
-0.279829 0.523725 0.804617 
-0.313776 0.664847 0.677882 
-0.220296 0.500999 0.836941 
-0.318490 0.532040 0.784536 
-0.157146 0.428690 0.889680 
-0.029202 0.392496 0.919290 
-0.143483 0.386501 0.911060 
-0.272424 0.361213 0.891802 
-0.234617 0.335843 0.912231 
-0.168742 0.167587 0.971309 
-0.139606 0.276642 0.950778 
-0.178124 0.363457 0.914424 
-0.230318 0.409503 0.882758 
0.023888 0.424848 0.904949 
-0.125540 0.535897 0.834898 
0.002998 0.669552 0.742760 
0.200864 0.670916 0.713810 
0.350245 0.664001 0.660629 
0.341642 0.419144 0.841189 
0.104029 0.338611 0.935158 
0.014045 0.123995 0.992183 
0.175842 0.127258 0.976158 
0.067738 0.318876 0.945373 
-0.093611 0.522211 0.847663 
0.023513 0.407568 0.912872 
0.146465 0.171827 0.974178 
0.134851 0.204486 0.969536 
0.153605 0.022156 0.987884 
0.153265 0.188955 0.969951 
0.317718 0.393322 0.862759 
0.165368 0.372627 0.913128 
0.373407 0.524460 0.765185 
0.236846 0.605547 0.759748 
0.270933 0.464386 0.843173 
0.488196 0.395274 0.778090 
0.681673 0.297586 0.668404 
0.482053 0.215308 0.849275 
0.614851 0.158063 0.772641 
0.655307 0.333334 0.677836 
0.653381 0.095744 0.750950 
0.544185 0.109188 0.831830 
0.343053 0.262252 0.901964 
0.466343 0.283268 0.838023 
0.401511 0.327770 0.855193 
0.221872 0.195247 0.955328 
0.100129 0.234036 0.967058 
0.088947 0.309393 0.946765 
-0.013227 0.481533 0.876328 
-0.121449 0.714079 0.689450 
-0.233246 0.576503 0.783097 
-0.087541 0.434824 0.896251 
0.007636 0.610658 0.791857 
-0.171411 0.541951 0.822744 
-0.167566 0.710292 0.683671 
-0.296330 0.763680 0.573569 
-0.034265 0.746890 0.664064 
0.216025 0.755584 0.618406 
0.062740 0.683156 0.727572 
0.051374 0.683228 0.728396 
-0.038921 0.576302 0.816310 
0.127042 0.595412 0.793312 
0.224737 0.476969 0.849702 
-0.024088 0.423640 0.905510 
-0.181520 0.336545 0.924006 
-0.419518 0.305925 0.854643 
-0.188635 0.468488 0.863096 
-0.135156 0.374416 0.917358 
0.103825 0.499533 0.860051 
0.110383 0.351731 0.929570 
0.250072 0.446357 0.859203 
0.360184 0.484404 0.797258 
0.408916 0.441507 0.798661 
0.469624 0.517643 0.715191 
0.655546 0.287921 0.698113 
0.661902 0.069336 0.746377 
0.710061 0.268771 0.650826 
0.751122 0.414690 0.513661 
0.869476 0.299389 0.392909 
0.857758 0.320607 0.401823 
0.871061 0.347462 0.347163 
0.836495 0.203751 0.508686 
0.825809 0.231998 0.514020 
0.802271 0.232561 0.549797 
0.813141 0.089683 0.575116 
0.908608 0.078326 0.410240 
0.900289 -0.176800 0.397771 
0.846463 -0.056038 0.529490 
0.778091 0.016030 0.627946 
0.861261 0.073471 0.502823 
0.864884 0.143828 0.480926 
0.890701 0.312932 0.329736 
0.828062 0.273288 0.489518 
0.708789 0.416618 0.569252 
0.707028 0.587145 0.394172 
