0.383368 -0.162994 0.940695 
0.189401 -0.372585 0.951922 
-0.028383 -0.495105 0.904008 
-0.139549 -0.536430 0.842414 
-0.121004 -0.462236 0.882663 
-0.076480 -0.286636 0.976527 
-0.041464 -0.156761 0.995867 
0.030971 -0.227649 0.978624 
-0.150596 -0.258995 0.971706 
-0.313459 -0.144862 0.959260 
-0.473860 -0.096414 0.893415 
-0.332772 -0.230615 0.935698 
-0.534689 -0.117828 0.870401 
-0.598203 -0.255433 0.779339 
-0.518471 -0.072660 0.880754 
-0.386613 0.055570 0.940327 
-0.267456 -0.113307 0.979568 
-0.240746 0.120878 0.991287 
-0.088427 0.031613 1.010938 
0.054331 0.017575 1.008508 
0.133736 0.234061 0.990318 
0.210564 0.039253 0.998674 
0.207122 -0.083371 0.982348 
0.330667 -0.151296 0.942944 
0.110113 -0.165961 1.006540 
-0.078380 0.016318 1.030654 
-0.221369 -0.149119 0.988539 
-0.330025 0.103670 0.977544 
-0.173642 -0.082586 1.010902 
-0.139010 -0.031065 0.991513 
-0.200333 -0.233204 0.974873 
-0.293763 -0.321344 0.911310 
-0.389557 -0.460237 0.820402 
-0.621752 -0.290169 0.783027 
-0.540718 -0.240586 0.811088 
-0.536807 -0.203032 0.819818 
-0.631386 -0.123066 0.776786 
-0.619856 -0.241707 0.756250 
-0.771218 -0.169601 0.645573 
-0.834805 -0.041204 0.571816 
-0.796562 -0.213953 0.592700 
-0.673169 -0.086689 0.777627 
-0.513994 -0.190220 0.861178 
-0.679887 -0.297895 0.713745 
-0.829034 -0.157241 0.587431 
-0.910324 0.011905 0.468709 
-0.996940 -0.166659 0.252647 
-0.951383 -0.261658 0.197080 
-0.959713 -0.304759 0.067998 
-0.956803 -0.342633 -0.197719 
-1.005216 -0.218379 0.006380 
-0.991612 -0.150838 -0.163106 
-0.998687 -0.180070 0.007834 
-0.999169 -0.092490 0.039492 
-0.981413 -0.146048 0.256063 
-1.006188 -0.226737 0.016124 
-0.946256 -0.364741 -0.202627 
-0.934491 -0.406560 -0.007927 
-0.798394 -0.674594 0.154513 
-0.895008 -0.496804 0.044532 
-0.919328 -0.400788 0.060555 
-0.843383 -0.549596 0.150323 
-0.797054 -0.563748 0.237883 
-0.619288 -0.792476 0.271030 
-0.725929 -0.611292 0.397138 
-0.655818 -0.500875 0.620723 
-0.617569 -0.622550 0.508715 
-0.629856 -0.445713 0.682744 
-0.697348 -0.342945 0.641846 
-0.829041 -0.200807 0.562298 
-0.841023 -0.137815 0.527752 
-0.782979 -0.018321 0.646869 
-0.746546 0.064208 0.668508 
-0.843299 0.128032 0.548067 
-0.756433 0.286419 0.619076 
-0.759529 0.370991 0.545615 
-0.684882 0.247663 0.722158 
-0.609284 0.036653 0.829822 
-0.703096 0.112405 0.720189 
-0.648847 0.212358 0.739629 
-0.597736 0.230130 0.770446 
-0.525053 0.162492 0.844548 
-0.617614 -0.033948 0.815679 
-0.658096 -0.105382 0.752328 
-0.823612 -0.075689 0.604911 
-0.915056 0.036417 0.452615 
-0.792298 0.206006 0.638569 
-0.808427 0.180778 0.564520 
-0.781044 0.197512 0.594014 
-0.951281 0.107584 0.398484 
-0.890349 0.042894 0.465212 
-0.835969 0.073895 0.554591 
-0.790011 0.177139 0.599372 
-0.810789 0.026207 0.604248 
-0.692608 -0.131810 0.750386 
-0.575116 -0.158902 0.813402 
-0.428854 -0.345081 0.869560 
-0.211652 -0.491097 0.884246 
-0.186236 -0.448558 0.874951 
-0.120394 -0.528514 0.847159 
-0.120221 -0.726974 0.716564 
0.108948 -0.780131 0.661183 
0.189634 -0.798633 0.581861 
0.394218 -0.783273 0.525632 
0.352804 -0.868185 0.386676 
0.402172 -0.909286 0.213243 
0.195903 -0.951151 0.343321 
0.275133 -0.942526 0.231951 
0.424141 -0.896958 0.201707 
0.578851 -0.827733 0.121578 
0.393243 -0.923133 0.210634 
0.551273 -0.785903 0.394023 
0.672169 -0.766920 0.163483 
0.597617 -0.749741 0.343293 
0.646582 -0.762451 0.175755 
0.816358 -0.591213 0.207213 
0.709779 -0.663512 0.276639 
0.713144 -0.562991 0.471744 
0.811088 -0.311932 0.571748 
0.608100 -0.378390 0.750273 
0.793492 -0.291187 0.592502 
0.710481 -0.286157 0.650012 
0.801802 -0.064062 0.640889 
0.819887 -0.334395 0.545571 
0.792729 -0.122000 0.640237 
0.833486 0.016391 0.574052 
0.848237 -0.004006 0.531746 
0.767965 -0.040316 0.657380 
0.733357 -0.021960 0.680923 
0.601463 -0.123159 0.818276 
0.575059 0.015705 0.829847 
0.684134 0.017348 0.742373 
0.817144 0.060162 0.605629 
0.886426 0.095890 0.476827 
0.953758 -0.087228 0.364958 
0.891622 -0.014855 0.474661 
0.959586 -0.123866 0.321865 
0.912685 0.090387 0.481803 
0.764537 0.101619 0.682923 
0.940847 0.159068 0.431502 
0.818039 0.205571 0.567506 
0.676244 0.233376 0.732059 
0.567270 0.435681 0.735285 
0.633566 0.404651 0.666536 
0.640121 0.261538 0.740107 
0.758571 0.397149 0.572117 
0.798262 0.537537 0.368409 
0.703999 0.652524 0.319620 
0.653101 0.659245 0.380939 
0.704777 0.550596 0.472141 
0.735374 0.403146 0.574156 
0.753664 0.542395 0.424024 
0.779671 0.418313 0.486487 
0.857762 0.500223 0.270721 
0.885603 0.364020 0.323136 
0.994299 0.211914 0.163581 
1.027493 0.076172 -0.049337 
1.009045 -0.103217 -0.052065 
0.996780 0.010965 -0.210919 
1.026813 0.017114 0.022682 
1.003240 -0.204347 0.024854 
1.025824 0.020776 -0.030609 
0.998408 -0.075583 -0.126431 
0.984802 0.108660 -0.270460 
0.970324 0.318493 -0.136232 
0.944912 0.357456 0.003039 
1.036831 0.084099 0.162137 
0.968569 0.144143 0.224697 
0.995817 0.053321 0.144559 
0.970877 0.107664 0.242880 
0.938017 -0.119344 0.447629 
0.817749 -0.194962 0.571564 
0.660503 -0.167564 0.776418 
0.727530 -0.152625 0.678664 
0.850722 -0.018031 0.567129 
0.749169 0.160049 0.684395 
0.779579 0.373374 0.560301 
0.833106 0.278049 0.494026 
0.705250 0.361445 0.647016 
0.520197 0.329238 0.830255 
0.355948 0.435256 0.849296 
0.220177 0.507808 0.846766 
0.149259 0.678866 0.748749 
0.132497 0.852841 0.564817 
0.177678 0.813459 0.556229 
0.267016 0.744204 0.626567 
0.242439 0.735147 0.633592 
0.335815 0.800147 0.521925 
0.210307 0.738825 0.672191 
-0.044807 0.757399 0.700082 
-0.085836 0.890568 0.505659 
-0.353686 0.882437 0.418211 
-0.366383 0.868241 0.341567 
-0.463215 0.856410 0.260817 
-0.521082 0.876368 0.061656 
-0.602182 0.813742 -0.088858 
-0.655555 0.771456 0.071051 
-0.771199 0.647844 0.133927 
-0.908462 0.458222 0.138904 
-0.878931 0.489100 0.031157 
