-0.801494 0.292002 -0.574753 
-0.866369 0.391223 -0.382709 
-0.899984 0.208217 -0.427412 
-0.857635 0.373050 -0.393792 
-0.802571 0.568830 -0.290162 
-0.662195 0.811016 -0.113125 
-0.770810 0.692112 0.164663 
-0.732992 0.697783 0.006084 
-0.596627 0.821851 0.203631 
-0.516099 0.787816 0.394870 
-0.521209 0.840988 0.227170 
-0.354638 0.971536 0.058360 
-0.138812 1.025110 -0.158930 
-0.007424 0.979040 -0.263944 
-0.051055 0.908466 -0.470624 
0.141547 0.855934 -0.539802 
0.025604 0.774922 -0.657424 
0.066038 0.705102 -0.712563 
0.308519 0.687070 -0.701410 
0.188559 0.623279 -0.773836 
0.077499 0.731453 -0.698921 
0.294321 0.629972 -0.759812 
0.447310 0.529678 -0.743103 
0.295410 0.375854 -0.921904 
0.042723 0.492214 -0.912089 
0.250156 0.549215 -0.829183 
0.411893 0.596123 -0.717714 
0.496968 0.737270 -0.523421 
0.307638 0.870391 -0.453083 
0.501646 0.821590 -0.350755 
0.607762 0.773653 -0.239586 
0.661319 0.781766 -0.024368 
0.593806 0.797916 -0.319034 
0.567382 0.739358 -0.368853 
0.717333 0.579738 -0.451871 
0.803146 0.579183 -0.254854 
0.960736 0.334447 -0.224261 
0.980277 0.226916 -0.107161 
0.944241 0.390765 0.022399 
0.926379 0.377622 -0.006102 
1.021560 0.145169 0.125184 
0.986346 0.162716 0.065152 
0.987728 0.052939 0.290749 
0.910567 -0.006532 0.453811 
0.820071 0.060190 0.597323 
0.675922 -0.052098 0.778751 
0.689219 0.035497 0.729992 
0.734743 0.245490 0.670503 
0.818078 0.242009 0.542957 
0.913250 0.307594 0.349379 
0.903034 0.060892 0.519818 
0.790256 -0.110927 0.648044 
0.826619 -0.040844 0.571291 
0.822864 -0.105197 0.562169 
0.931423 0.018516 0.422673 
0.826647 -0.058540 0.601252 
0.644832 -0.033603 0.813034 
0.706909 0.211043 0.725066 
0.586810 0.084144 0.830020 
0.775656 -0.042861 0.684832 
0.651539 0.133380 0.782601 
0.774289 0.014646 0.665194 
0.751181 -0.289281 0.666719 
0.846847 -0.203187 0.525409 
0.873806 -0.255441 0.428650 
0.805626 -0.324456 0.511849 
0.773259 -0.444965 0.470422 
0.648487 -0.655938 0.457580 
0.706874 -0.499523 0.532345 
0.562890 -0.651715 0.549874 
0.446509 -0.657036 0.622321 
0.523911 -0.674255 0.533796 
0.345231 -0.775058 0.568642 
0.122616 -0.812823 0.613886 
0.089136 -0.894364 0.469240 
-0.059502 -0.997086 0.271628 
-0.228730 -0.899182 0.460051 
-0.440892 -0.778954 0.509390 
-0.553176 -0.808466 0.306683 
-0.612789 -0.672292 0.469480 
-0.593094 -0.617992 0.521337 
-0.445572 -0.570129 0.740650 
-0.634627 -0.376979 0.726045 
-0.813595 -0.268462 0.575506 
-0.823483 -0.082836 0.590563 
-0.750546 -0.090488 0.662381 
-0.687449 -0.346481 0.691144 
-0.776762 -0.430869 0.508271 
-0.638505 -0.628011 0.505326 
-0.672940 -0.666579 0.356255 
-0.650470 -0.757087 0.195337 
-0.756734 -0.682595 0.041270 
-0.828027 -0.578556 -0.038083 
-0.935075 -0.403033 -0.089272 
-0.843940 -0.532981 -0.203687 
-0.762571 -0.698201 -0.014868 
-0.885260 -0.511770 -0.110253 
-0.855258 -0.554397 0.112292 
-0.684109 -0.749831 0.219071 
-0.747821 -0.719440 -0.057810 
-0.846898 -0.567122 0.035034 
-0.902496 -0.458311 -0.125350 
-0.974707 -0.315687 0.035267 
-0.899811 -0.440492 0.256655 
-0.890825 -0.377541 0.258400 
-0.946563 -0.292992 0.184208 
-0.968485 -0.090969 0.349949 
-0.929199 0.019795 0.387674 
-0.826536 0.206448 0.605972 
-0.855254 0.101532 0.524117 
-0.943285 0.210058 0.343671 
-0.899927 0.080149 0.465437 
-0.853808 -0.077163 0.546043 
-0.876676 0.131175 0.509166 
-0.881028 -0.037820 0.500517 
-0.762771 -0.045045 0.679808 
-0.776458 -0.049295 0.629965 
-0.733814 -0.156054 0.672446 
-0.834309 0.106712 0.612550 
-0.842966 0.195306 0.516499 
-0.804348 0.229178 0.551649 
-0.815086 0.119522 0.578087 
-0.909771 -0.106115 0.480099 
-0.966864 -0.201654 0.277262 
-0.874328 -0.239609 0.476710 
-0.977980 -0.177846 0.265517 
-1.016818 -0.007757 0.124521 
-0.974807 0.173559 0.277776 
-0.951964 0.422262 0.097540 
-0.958872 0.257941 0.248515 
-0.891803 0.346293 0.318442 
-0.923340 0.138162 0.430226 
-0.952761 -0.018747 0.350621 
-0.960346 -0.081108 0.282072 
-0.982024 0.023912 0.223530 
-0.937188 -0.234410 0.414669 
-0.922593 -0.307441 0.276326 
-0.897659 -0.315152 0.310874 
-0.852850 -0.416551 0.334642 
-0.945413 -0.242623 0.295975 
-0.924950 -0.402039 0.161953 
-0.900988 -0.462728 0.012744 
-0.847593 -0.545933 -0.262429 
-0.708492 -0.574145 -0.487110 
-0.796655 -0.338688 -0.564526 
-0.878507 -0.376245 -0.365214 
-0.966455 -0.329227 -0.137409 
-1.006514 -0.216823 0.101427 
-0.966031 -0.284162 0.006410 
-0.906492 -0.460438 0.068618 
-0.882636 -0.508293 -0.220083 
-0.877595 -0.400516 -0.290172 
-0.822664 -0.373122 -0.468545 
-0.935606 -0.182788 -0.383566 
-0.962038 -0.042095 -0.312290 
-1.011845 -0.232545 -0.093210 
-0.932699 -0.290736 -0.333041 
-0.795019 -0.455030 -0.475501 
-0.694320 -0.489751 -0.540988 
-0.667282 -0.596801 -0.465231 
-0.556782 -0.668163 -0.512881 
-0.410130 -0.766452 -0.524941 
-0.418008 -0.715189 -0.563670 
-0.306752 -0.837909 -0.486961 
-0.139850 -0.901752 -0.447752 
-0.096689 -0.934899 -0.357104 
0.105511 -0.870416 -0.565353 
0.209732 -0.947958 -0.346700 
0.341032 -0.835310 -0.483310 
0.080067 -0.898520 -0.508353 
-0.003305 -0.911640 -0.426072 
0.105858 -0.978582 -0.268812 
0.098304 -0.896764 -0.492442 
0.356549 -0.851655 -0.465039 
0.500042 -0.682604 -0.589518 
0.514196 -0.649881 -0.560696 
0.664813 -0.473063 -0.626512 
0.727080 -0.245811 -0.684858 
0.539861 -0.267927 -0.832666 
0.574601 -0.502850 -0.700116 
0.630398 -0.596784 -0.533665 
0.785407 -0.476216 -0.449117 
0.825240 -0.351084 -0.461090 
0.841033 -0.457394 -0.333492 
0.862078 -0.436061 -0.267768 
0.838899 -0.571447 -0.112515 
0.926758 -0.418016 -0.043774 
0.967442 -0.279139 -0.099202 
0.972849 -0.256533 0.010092 
0.908642 -0.477020 -0.018666 
0.904389 -0.436819 0.199441 
0.991202 -0.202678 0.195548 
0.987212 0.084581 0.353123 
0.973992 0.283959 0.187808 
0.989045 0.043307 0.299022 
0.982653 0.222998 0.175978 
1.039426 0.031636 -0.031597 
1.001546 0.067338 0.087854 
0.993862 -0.165615 0.266334 
0.968935 -0.183295 0.183335 
