-0.550408 0.789290 -0.272163 
-0.621470 0.635800 -0.457748 
-0.414154 0.744563 -0.523548 
-0.506330 0.618143 -0.601273 
-0.355780 0.767916 -0.532659 
-0.139745 0.826357 -0.545533 
-0.041425 0.912032 -0.408022 
-0.115147 0.891708 -0.437719 
-0.250520 0.936807 -0.244197 
-0.103097 0.991732 -0.076416 
-0.059938 0.997099 -0.046912 
-0.204486 0.972830 0.108567 
-0.232996 0.918973 0.318120 
-0.327694 0.898856 0.290988 
-0.141895 0.983488 0.112329 
-0.193831 0.943659 0.268211 
-0.260526 0.904757 0.336960 
-0.131487 0.969578 0.206472 
-0.349775 0.936754 0.012182 
-0.221774 0.974835 0.022651 
-0.447755 0.873474 -0.191204 
-0.340884 0.938407 -0.056485 
-0.473812 0.875363 0.096136 
-0.410928 0.906805 -0.094042 
-0.181932 0.971468 -0.152151 
0.058341 0.987620 -0.145616 
-0.029244 0.993219 -0.112521 
0.192789 0.949147 -0.248904 
0.256135 0.900384 -0.351716 
0.160301 0.860879 -0.482899 
0.184606 0.928568 -0.321996 
0.058829 0.836858 -0.544249 
0.273213 0.750393 -0.601885 
0.163515 0.747052 -0.644342 
-0.018873 0.556485 -0.830643 
-0.206255 0.311490 -0.927595 
-0.044240 0.138841 -0.989326 
0.110235 0.302845 -0.946643 
0.307992 0.488873 -0.816176 
0.233374 0.512104 -0.826611 
-0.005651 0.678149 -0.734902 
0.028647 0.621635 -0.782783 
0.053674 0.582576 -0.811002 
0.128457 0.584036 -0.801499 
0.278127 0.427438 -0.860199 
0.457083 0.575685 -0.677984 
0.649229 0.482317 -0.588109 
0.711734 0.303381 -0.633558 
0.819967 0.308441 -0.482203 
0.868325 0.426105 -0.253862 
0.815247 0.568682 -0.109425 
0.748045 0.659023 0.078208 
0.710221 0.673286 0.205602 
0.693854 0.677901 0.242934 
0.834821 0.525153 0.165191 
0.707500 0.638574 0.302765 
0.731121 0.674767 0.100760 
0.818215 0.574691 0.015927 
0.757446 0.631573 0.165502 
0.572380 0.804184 0.160215 
0.443052 0.895614 0.039762 
0.501181 0.823692 0.265234 
0.397654 0.917284 -0.021478 
0.302154 0.938835 0.165202 
0.204132 0.957125 0.205528 
0.348741 0.934616 0.069800 
0.466221 0.883441 -0.046584 
0.557893 0.805236 0.200874 
0.538994 0.825000 0.169885 
0.590248 0.807030 -0.017599 
0.532177 0.846033 -0.031880 
0.553644 0.823259 0.125392 
0.663235 0.696523 0.273817 
0.719395 0.675582 0.161432 
0.752452 0.631506 0.187127 
0.847189 0.531292 0.000326 
0.907778 0.417890 -0.036157 
0.832008 0.549227 0.078180 
0.868293 0.491264 -0.068746 
0.789987 0.612728 0.022036 
0.731800 0.681410 -0.012221 
0.882258 0.469622 -0.032786 
0.888965 0.325713 -0.321950 
0.857995 0.417253 -0.299574 
0.771730 0.447007 -0.452347 
0.603251 0.526934 -0.598690 
0.534452 0.545868 -0.645282 
0.357293 0.655699 -0.665132 
0.578431 0.524840 -0.624468 
0.709665 0.507796 -0.488384 
0.838995 0.416848 -0.349750 
0.837740 0.542324 -0.063842 
0.700277 0.700999 -0.134953 
0.648477 0.749240 -0.134601 
0.596185 0.702001 -0.389562 
0.702186 0.580341 -0.412480 
0.643500 0.595846 -0.480495 
0.647711 0.604588 -0.463620 
0.566831 0.567232 -0.597453 
0.609239 0.706446 -0.360225 
0.654240 0.651917 -0.383373 
0.714894 0.682271 -0.153079 
0.628258 0.778002 -0.002254 
0.531392 0.803468 -0.268443 
0.561038 0.793066 -0.237241 
0.772024 0.570782 -0.279619 
0.872484 0.480069 -0.091129 
0.876749 0.460405 0.139064 
0.861728 0.429521 0.270067 
0.897413 0.188879 0.398717 
0.921870 0.255991 0.290903 
0.950153 0.286903 0.122050 
0.983299 0.087539 0.159559 
0.923935 0.306544 0.228855 
0.906958 0.394140 0.148596 
0.848458 0.447332 0.282868 
0.899886 0.327596 0.287900 
0.934427 0.154487 0.320904 
0.977229 0.173044 0.122797 
0.980987 0.077396 0.177974 
0.999664 -0.002826 0.025765 
0.992307 0.034225 0.118981 
0.998728 0.036378 0.034910 
0.986365 -0.034435 -0.160928 
0.946761 -0.248660 -0.204482 
0.990699 -0.134827 0.018369 
0.999410 -0.018157 0.029144 
0.972241 -0.080956 0.219529 
0.970943 -0.006373 0.239226 
0.972540 0.204947 0.110286 
0.989311 0.090971 -0.113969 
0.977789 0.175883 -0.113994 
0.942556 0.245709 -0.226309 
0.933644 0.329961 -0.139409 
0.901207 0.418181 0.113804 
0.973009 0.228852 -0.029681 
0.899872 0.425443 -0.096070 
0.870201 0.492693 0.001743 
0.936065 0.329020 -0.124611 
0.894323 0.434349 -0.107369 
0.916884 0.398644 -0.020189 
0.934317 0.298531 -0.194759 
0.883758 0.214264 -0.416007 
0.947144 0.214292 -0.238740 
0.916213 0.382589 -0.119075 
0.877092 0.466219 0.115545 
0.864159 0.386313 0.322477 
0.867579 0.424159 0.259607 
0.736995 0.460388 0.494854 
0.749361 0.355164 0.558853 
0.686046 0.547380 0.479287 
0.750209 0.416985 0.513137 
0.796638 0.406853 0.447033 
0.611030 0.542757 0.576244 
0.588416 0.511806 0.625957 
0.422215 0.625022 0.656568 
0.381863 0.553191 0.740379 
0.210640 0.632005 0.745789 
0.327787 0.638741 0.696108 
0.224975 0.629220 0.743954 
0.185728 0.520065 0.833689 
0.153321 0.388656 0.908537 
0.271242 0.384497 0.882377 
0.250923 0.207855 0.945428 
0.279668 0.154615 0.947565 
0.290887 -0.041704 0.955848 
0.336211 0.215133 0.916886 
0.432680 0.218148 0.874757 
0.230751 0.201862 0.951843 
0.216891 0.153824 0.964000 
0.354902 -0.016448 0.934759 
0.301049 -0.072666 0.950836 
0.306292 -0.146665 0.940572 
0.029194 -0.011432 0.999508 
-0.062805 -0.169314 0.983559 
0.081480 -0.252202 0.964238 
0.082698 -0.237789 0.967790 
-0.023060 -0.329977 0.943707 
-0.021146 -0.523525 0.851748 
0.017858 -0.401795 0.915555 
0.168017 -0.214503 0.962163 
0.351553 -0.359305 0.864471 
0.476805 -0.258669 0.840088 
0.562637 -0.293444 0.772871 
0.664117 -0.272919 0.696035 
0.728483 -0.389538 0.563536 
0.721488 -0.393670 0.569631 
0.739471 -0.130753 0.660368 
0.704145 0.153156 0.693342 
0.855369 0.155747 0.494051 
0.907985 -0.043919 0.416694 
0.823505 0.125017 0.553363 
0.892875 0.153953 0.423171 
0.754591 0.320557 0.572570 
0.669071 0.453911 0.588480 
0.713107 0.453482 0.534634 
0.704393 0.496326 0.507436 
0.800016 0.463053 0.381520 
0.764214 0.576713 0.288755 
0.703636 0.537631 0.464596 
