-0.898602 0.343396 0.346206 
-0.867079 0.341912 0.363401 
-0.982219 0.153916 0.264468 
-0.924651 -0.040556 0.479498 
-0.956314 -0.062222 0.324493 
-0.898735 -0.022474 0.465069 
-0.942450 0.181757 0.363939 
-0.888566 0.283788 0.377780 
-0.858662 0.361933 0.372414 
-0.801806 0.272888 0.580646 
-0.744016 0.286528 0.606474 
-0.724411 0.166859 0.684201 
-0.673513 0.311103 0.687675 
-0.660971 0.402380 0.641625 
-0.671243 0.248677 0.719250 
-0.626218 0.294561 0.724589 
-0.559497 0.085426 0.864545 
-0.395263 -0.148879 0.954144 
-0.497682 -0.184191 0.858689 
-0.312092 -0.161771 0.959971 
-0.288141 -0.083492 0.957191 
-0.111061 -0.155335 1.000981 
-0.302503 -0.202090 0.953109 
-0.501806 -0.223803 0.863650 
-0.443128 -0.096004 0.902872 
-0.605067 -0.315782 0.788469 
-0.627717 -0.391511 0.684102 
-0.468226 -0.567627 0.718428 
-0.463952 -0.425776 0.792658 
-0.473537 -0.379053 0.796378 
-0.358128 -0.528703 0.792431 
-0.273227 -0.724015 0.677748 
-0.423141 -0.751841 0.544048 
-0.321903 -0.741128 0.600189 
-0.325389 -0.773679 0.547160 
-0.357734 -0.905105 0.338577 
-0.314719 -0.796440 0.581849 
-0.394362 -0.634142 0.698056 
-0.489754 -0.488671 0.743773 
-0.490986 -0.512387 0.705796 
-0.469605 -0.679975 0.597762 
-0.483635 -0.631486 0.607929 
-0.535737 -0.524083 0.676189 
-0.508431 -0.466437 0.728455 
-0.284900 -0.616585 0.783714 
-0.138736 -0.776579 0.661894 
-0.330956 -0.778771 0.572716 
-0.180659 -0.837421 0.540972 
0.023466 -0.912887 0.467607 
0.073940 -0.887245 0.458203 
0.239991 -0.905360 0.393469 
0.143009 -0.887802 0.451921 
0.165321 -0.873346 0.458967 
0.071391 -0.841386 0.552837 
-0.113225 -0.753949 0.692801 
0.103312 -0.635006 0.812783 
0.010478 -0.565132 0.832506 
-0.018811 -0.586733 0.810650 
-0.243326 -0.495060 0.870703 
-0.077501 -0.694412 0.767313 
-0.270600 -0.750449 0.646002 
-0.139963 -0.745824 0.663977 
0.036037 -0.852621 0.568481 
-0.027582 -0.831492 0.558400 
-0.278153 -0.802160 0.586160 
-0.089482 -0.650045 0.828058 
-0.053492 -0.480982 0.892545 
-0.112864 -0.566275 0.825615 
-0.321481 -0.714047 0.686597 
-0.536343 -0.599915 0.641808 
-0.516322 -0.693359 0.524189 
-0.300045 -0.889548 0.456512 
-0.328458 -0.777666 0.555464 
-0.267776 -0.835736 0.490873 
-0.359204 -0.801110 0.488599 
-0.160787 -0.874659 0.504100 
0.012458 -0.890676 0.486445 
0.024217 -0.839364 0.548941 
-0.143782 -0.819731 0.580484 
-0.284406 -0.682061 0.714386 
-0.059689 -0.787416 0.663215 
-0.269872 -0.852861 0.518034 
-0.227299 -0.823380 0.521477 
-0.125731 -0.863917 0.500248 
-0.345762 -0.829561 0.491836 
-0.224182 -0.767161 0.631494 
-0.093141 -0.756132 0.661384 
-0.206217 -0.694980 0.701826 
0.050565 -0.783932 0.676252 
0.174869 -0.612443 0.809739 
0.055085 -0.704357 0.727646 
0.130607 -0.603556 0.799697 
0.105295 -0.783549 0.654880 
0.212238 -0.827549 0.543344 
0.043373 -0.846961 0.556494 
0.128761 -0.695041 0.754894 
0.033811 -0.853693 0.578192 
0.054222 -0.746693 0.678564 
-0.141935 -0.662358 0.771531 
-0.162708 -0.732631 0.671843 
-0.373986 -0.823936 0.510208 
-0.223517 -0.894553 0.427524 
-0.057556 -0.836821 0.596228 
-0.249410 -0.962123 0.351596 
-0.081532 -0.869298 0.561931 
-0.263090 -0.747257 0.653591 
-0.192637 -0.854667 0.516674 
-0.375679 -0.729750 0.621377 
-0.583502 -0.535100 0.675528 
-0.600337 -0.357872 0.738604 
-0.446892 -0.480659 0.780613 
-0.489907 -0.582654 0.667246 
-0.658732 -0.708611 0.414671 
-0.553430 -0.584751 0.660034 
-0.620268 -0.673757 0.460328 
-0.622099 -0.712372 0.345723 
-0.566478 -0.797957 0.249132 
-0.305903 -0.976810 0.229043 
-0.450009 -0.903338 0.125974 
-0.454261 -0.918134 -0.132992 
-0.214903 -0.976185 -0.293784 
-0.362768 -0.904283 -0.276161 
-0.379963 -0.862740 -0.342975 
-0.434971 -0.811336 -0.402106 
-0.547876 -0.742484 -0.407486 
-0.524435 -0.847909 -0.225346 
-0.592514 -0.708965 -0.489308 
-0.584547 -0.515690 -0.681714 
-0.600347 -0.735079 -0.448203 
-0.536793 -0.580598 -0.670555 
-0.636435 -0.569203 -0.543810 
-0.656629 -0.516261 -0.552676 
-0.788665 -0.366859 -0.532522 
-0.694208 -0.405221 -0.607908 
-0.816837 -0.328634 -0.505975 
-0.850169 -0.133638 -0.547713 
-0.716304 -0.295505 -0.678541 
-0.849616 -0.349664 -0.468735 
-0.788520 -0.368031 -0.496639 
-0.849139 -0.506808 -0.293663 
-0.903055 -0.499943 -0.038726 
-0.924746 -0.400621 0.063284 
-0.815959 -0.623359 0.086835 
-0.623092 -0.818625 0.135587 
-0.501345 -0.827837 0.351105 
-0.266144 -0.914692 0.395569 
-0.021351 -0.973855 0.341353 
-0.220951 -0.958073 0.276625 
-0.041260 -0.942838 0.393926 
-0.022773 -0.952463 0.314010 
0.178682 -0.965130 0.280139 
0.290692 -0.936075 0.233277 
0.281669 -0.880229 0.436007 
0.182817 -0.886968 0.434976 
0.233382 -0.773572 0.634193 
0.315971 -0.834706 0.485222 
0.433767 -0.743843 0.531575 
0.520121 -0.723531 0.466798 
0.427545 -0.777091 0.474123 
0.284600 -0.760389 0.618282 
0.133369 -0.885917 0.499646 
0.130625 -0.935872 0.358818 
0.221496 -0.985195 0.166735 
0.338314 -0.931748 0.183356 
0.520671 -0.855760 0.188593 
0.412913 -0.850160 0.407142 
0.468934 -0.734920 0.517425 
0.540644 -0.638296 0.562689 
0.429745 -0.815066 0.454146 
0.269532 -0.982664 0.243300 
0.097722 -0.941533 0.394790 
0.062110 -0.875522 0.494482 
-0.154533 -0.782926 0.670513 
-0.144963 -0.868028 0.507555 
0.083678 -0.883234 0.514982 
0.132030 -0.810653 0.580171 
0.347048 -0.883051 0.420410 
0.204358 -0.987049 0.226525 
0.265711 -0.938754 0.230553 
0.053383 -0.942372 0.449636 
-0.101749 -0.910196 0.429674 
-0.232185 -0.790260 0.625429 
-0.188995 -0.648766 0.763685 
-0.369405 -0.823589 0.544189 
-0.599413 -0.650490 0.545455 
-0.481621 -0.771737 0.455603 
-0.270114 -0.893638 0.433837 
-0.378279 -0.942002 0.196990 
-0.417947 -0.945547 -0.074898 
-0.446686 -0.896298 -0.031047 
-0.491512 -0.865466 -0.214278 
-0.622802 -0.730529 -0.372128 
-0.598055 -0.601869 -0.584279 
-0.536112 -0.656624 -0.538043 
-0.406700 -0.703114 -0.602748 
-0.422680 -0.786801 -0.475089 
-0.374242 -0.857382 -0.376499 
-0.390726 -0.869477 -0.310016 
-0.311345 -0.884913 -0.359073 
-0.306001 -0.826536 -0.495098 
