160
207
170
203
160
137
171
189
169
174
177
168
158
181
193
168
169
188
175
160
157
191
154
200
178
191
161
154
198
130
182
183
159
194
179
171
183
189
200
169
167
161
182
169
186
180
178
202
174
162
178
159
157
184
201
209
165
191
171
160
184
202
182
168
204
194
192
196
181
181
176
206
156
181
193
160
172
178
182
169
198
183
170
167
181
189
158
154
206
148
148
203
164
147
173
180
185
193
186
172
179
150
186
186
188
196
194
168
186
185
179
196
178
168
208
188
151
164
180
158
171
169
121
168
167
196
160
187
182
183
176
152
167
181
163
144
147
181
134
171
181
144
188
189
169
185
185
166
164
171
176
178
180
165
187
164
201
180
176
178
168
167
210
169
191
172
154
191
186
180
182
165
179
173
211
163
196
148
184
179
144
169
191
176
171
185
169
203
185
161
147
174
162
196
187
210
184
160
171
164
