-0.205345 -0.405114 0.922313 
-0.148642 -0.585858 0.824250 
-0.187731 -0.707795 0.703111 
-0.250419 -0.520351 0.853155 
-0.209399 -0.395327 0.904960 
-0.275762 -0.508545 0.829552 
-0.221445 -0.590946 0.783262 
-0.358853 -0.748925 0.617698 
-0.596958 -0.585033 0.619443 
-0.436082 -0.501601 0.785506 
-0.254501 -0.679700 0.734627 
-0.383705 -0.691106 0.633366 
-0.345621 -0.825711 0.488898 
-0.523953 -0.732220 0.479132 
-0.407741 -0.846179 0.389654 
-0.372059 -0.807596 0.466654 
-0.288718 -0.775073 0.580360 
-0.086621 -0.887806 0.512233 
-0.213693 -0.967925 0.294384 
-0.021105 -0.991294 0.237838 
-0.007101 -0.940419 0.366901 
-0.200117 -0.997348 0.191160 
-0.268265 -0.986384 -0.012662 
-0.021503 -1.029096 -0.113635 
0.211160 -0.986727 -0.217171 
0.199717 -0.998059 -0.023897 
0.328775 -0.950677 -0.151985 
0.514610 -0.870583 -0.134915 
0.436208 -0.915938 0.011951 
0.587979 -0.830929 -0.249778 
0.692493 -0.754516 -0.056039 
0.712093 -0.702077 -0.050217 
0.694365 -0.725847 0.055740 
0.672629 -0.738014 0.059169 
0.783150 -0.624202 0.217313 
0.712504 -0.646288 0.291606 
0.642290 -0.701453 0.323051 
0.719983 -0.643755 0.280003 
0.810160 -0.461149 0.447904 
0.684011 -0.612275 0.441442 
0.559440 -0.583867 0.630859 
0.619837 -0.508396 0.605529 
0.471046 -0.607722 0.666720 
0.367709 -0.618122 0.703222 
0.428051 -0.627831 0.654717 
0.373226 -0.758226 0.560891 
0.494476 -0.757037 0.455959 
0.548991 -0.606448 0.618715 
0.485124 -0.646231 0.593853 
0.429411 -0.780873 0.488108 
0.466461 -0.848925 0.313184 
0.419451 -0.776779 0.520223 
0.504644 -0.832702 0.319431 
0.649764 -0.655442 0.472885 
0.670032 -0.659221 0.358607 
0.488948 -0.818156 0.387841 
0.503814 -0.770601 0.392438 
0.375034 -0.931575 0.239556 
0.440185 -0.842703 0.343486 
0.241173 -0.942187 0.322409 
0.303285 -0.925613 0.246167 
0.374270 -0.914655 0.180900 
0.272590 -0.961692 0.127412 
0.418977 -0.923754 0.039951 
0.439721 -0.894681 0.110563 
0.548003 -0.863351 -0.093884 
0.313285 -0.962746 -0.255828 
0.119617 -0.946495 -0.373493 
-0.042418 -1.001904 -0.217688 
-0.173963 -0.926817 -0.414340 
-0.267907 -0.803832 -0.575383 
-0.063248 -0.919080 -0.466593 
0.061293 -0.975349 -0.300320 
-0.094946 -0.908194 -0.474129 
-0.075967 -0.918904 -0.394706 
-0.212139 -0.821083 -0.588686 
-0.326359 -0.882979 -0.404477 
-0.322984 -0.893844 -0.321220 
-0.541338 -0.732837 -0.539625 
-0.428459 -0.681817 -0.606549 
-0.445926 -0.696668 -0.563981 
-0.459056 -0.738258 -0.500210 
-0.468014 -0.769204 -0.440342 
-0.627675 -0.752230 -0.295054 
-0.577189 -0.837023 -0.105919 
-0.695413 -0.715257 -0.209295 
-0.870684 -0.536085 -0.145192 
-0.723493 -0.696574 -0.202398 
-0.660340 -0.652380 -0.456174 
-0.724049 -0.680329 -0.246249 
-0.589247 -0.767366 -0.304094 
-0.586914 -0.820046 -0.128431 
-0.685308 -0.754805 0.035897 
-0.852812 -0.572887 0.091185 
-0.834493 -0.546671 0.071961 
-0.929748 -0.426512 -0.122664 
-1.009312 -0.256970 0.144856 
-0.984370 -0.165719 0.106414 
-0.993538 -0.098089 0.090344 
-0.980141 -0.174017 0.128084 
-0.958051 -0.373344 -0.002486 
-0.888240 -0.474390 -0.055488 
-0.829691 -0.562377 -0.085798 
-0.910643 -0.436741 -0.056232 
-0.920704 -0.400311 0.031008 
-0.879356 -0.497318 -0.137539 
-0.976113 -0.348654 0.088555 
-0.990771 -0.146943 0.247882 
-0.951673 -0.299444 0.181275 
-0.902318 -0.286679 0.383121 
-0.819786 -0.448827 0.399267 
-0.831934 -0.279469 0.523159 
-0.780846 -0.431203 0.480925 
-0.728671 -0.248409 0.701333 
-0.878702 -0.153041 0.517741 
-0.895973 -0.295950 0.383825 
-0.857049 -0.250391 0.460282 
-0.747082 -0.268892 0.645082 
-0.771552 -0.418438 0.517904 
-0.654075 -0.514734 0.577488 
-0.680003 -0.316886 0.701588 
-0.847973 -0.139254 0.579261 
-0.814525 0.104869 0.621903 
-0.757358 0.328782 0.609075 
-0.915400 0.196273 0.440300 
-0.776656 0.346388 0.580597 
-0.722771 0.209493 0.681685 
-0.738718 0.176769 0.651938 
-0.803552 0.154222 0.583073 
-0.887861 0.086336 0.476713 
-0.996461 0.075587 0.252128 
-0.942219 0.134973 0.323454 
-1.021822 -0.082300 0.165781 
-0.967004 -0.244813 0.182138 
-0.991587 -0.043190 0.244663 
-0.973347 0.184217 0.265818 
-0.891523 0.145459 0.493242 
-0.777558 -0.001310 0.681578 
-0.582658 0.080306 0.852507 
-0.666325 0.320198 0.729334 
-0.475859 0.411168 0.808614 
-0.362486 0.169157 0.967504 
-0.330713 0.112171 0.938582 
-0.270624 0.293185 0.936581 
-0.067816 0.393650 0.944139 
-0.152906 0.574594 0.835263 
-0.175038 0.737493 0.688117 
-0.260962 0.653292 0.721187 
-0.565309 0.595455 0.653011 
-0.544582 0.597941 0.589842 
-0.724665 0.609962 0.409682 
-0.806935 0.598913 0.199990 
-0.845444 0.531292 0.121003 
-0.871359 0.494863 0.051449 
-0.979012 0.302285 0.014296 
-0.947230 0.311771 0.218504 
-0.970549 0.293582 0.045828 
-0.943432 0.370413 -0.204646 
-0.841198 0.538460 -0.200009 
-0.768576 0.626073 -0.174822 
-0.805395 0.612803 -0.022487 
-0.775561 0.633340 0.021082 
-0.762335 0.654862 -0.211533 
-0.626822 0.785050 -0.165744 
-0.764338 0.636064 -0.239704 
-0.861423 0.445166 -0.339130 
-0.914288 0.366259 -0.225902 
-1.004348 0.168896 -0.134447 
-0.944137 0.172100 -0.371718 
-0.878957 0.224267 -0.432359 
-0.955716 0.252014 -0.250565 
-0.938238 0.274728 -0.214419 
-0.967207 0.217891 -0.156420 
-0.980901 0.066759 -0.258465 
-1.023716 -0.065656 -0.064983 
-1.011384 -0.044499 0.160292 
-0.988456 0.018509 0.162759 
-1.011730 -0.155048 0.029223 
-0.981110 -0.150464 0.274127 
-0.903469 -0.090032 0.473467 
-0.936451 -0.260698 0.326217 
-0.890741 -0.080146 0.522079 
-0.893681 -0.114482 0.441234 
-0.788422 0.071083 0.695243 
-0.783474 0.007250 0.626189 
-0.725852 0.149480 0.691842 
-0.843807 0.049402 0.569445 
-0.863175 0.109777 0.501188 
-0.781359 0.136554 0.627922 
-0.625044 0.330098 0.761559 
-0.574917 0.455971 0.694867 
-0.675538 0.259807 0.724946 
-0.647958 0.139461 0.759295 
-0.541757 0.014257 0.862456 
-0.645051 0.096064 0.774258 
-0.490323 0.068717 0.890449 
-0.570982 -0.008156 0.830409 
-0.468343 0.138523 0.892954 
-0.327177 0.263919 0.927262 
-0.303240 0.080835 0.967953 
