-0.700060 -0.294716 -0.656410 
-0.659357 -0.270989 -0.704507 
-0.834809 -0.340403 -0.510390 
-0.767328 -0.180681 -0.654235 
-0.730537 -0.037378 -0.698705 
-0.709590 -0.193647 -0.695499 
-0.762962 -0.198922 -0.621685 
-0.623303 -0.308480 -0.751439 
-0.556501 -0.132201 -0.846680 
-0.747283 -0.137774 -0.694128 
-0.774097 0.088799 -0.666955 
-0.915331 0.164989 -0.453457 
-0.969992 0.246908 -0.234054 
-0.901818 0.226871 -0.415086 
-0.916513 0.280583 -0.308777 
-0.973728 0.238948 -0.153929 
-0.907309 0.400606 -0.228473 
-0.885635 0.468517 -0.116224 
-0.900740 0.437443 -0.051357 
-0.826333 0.564409 -0.222976 
-0.904830 0.361277 -0.330232 
-0.865485 0.369606 -0.339415 
-0.776754 0.625933 -0.285256 
-0.708703 0.634387 -0.315430 
-0.569019 0.725430 -0.439498 
-0.465134 0.769367 -0.451822 
-0.446377 0.669759 -0.626960 
-0.581380 0.414540 -0.770531 
-0.586652 0.588579 -0.604063 
-0.459525 0.539483 -0.728824 
-0.201752 0.507787 -0.891717 
0.085864 0.345136 -0.995690 
0.214610 0.277122 -0.947314 
0.350833 0.308536 -0.896518 
0.288802 0.270295 -0.921604 
0.522702 0.287401 -0.840128 
0.528584 0.259794 -0.808684 
0.366720 0.189229 -0.936619 
0.464089 0.155524 -0.879629 
0.389536 0.280450 -0.889282 
0.175534 0.166639 -1.006925 
-0.009638 -0.057278 -1.039642 
-0.220951 0.055300 -1.002558 
-0.109585 -0.078518 -1.005662 
-0.161619 0.002589 -0.991536 
-0.018354 -0.048321 -1.010335 
-0.078460 -0.110484 -0.994598 
0.048483 0.015770 -1.014815 
-0.037999 -0.163973 -1.005625 
-0.030912 -0.142768 -0.989464 
-0.007670 -0.019770 -1.007747 
-0.109244 -0.233633 -0.994806 
0.128053 -0.404569 -0.952109 
0.119369 -0.339339 -0.934580 
0.289260 -0.464658 -0.865858 
0.504016 -0.308089 -0.849331 
0.569259 -0.147875 -0.826634 
0.420975 -0.329720 -0.878402 
0.542099 -0.468200 -0.735170 
0.700814 -0.478597 -0.574615 
0.688737 -0.562545 -0.475049 
0.533345 -0.587605 -0.653240 
0.467647 -0.749483 -0.517459 
0.655188 -0.662479 -0.426882 
0.584925 -0.657383 -0.482900 
0.444813 -0.753554 -0.513933 
0.501996 -0.815510 -0.344364 
0.634466 -0.695366 -0.383572 
0.573197 -0.622548 -0.573285 
0.513297 -0.585957 -0.633430 
0.371059 -0.726309 -0.612489 
0.522099 -0.553970 -0.692084 
0.664767 -0.579302 -0.521353 
0.683783 -0.403127 -0.645000 
0.702617 -0.560267 -0.490685 
0.663503 -0.579466 -0.474931 
0.730780 -0.595466 -0.359759 
0.648277 -0.710260 -0.312150 
0.741787 -0.563123 -0.417033 
0.579803 -0.602777 -0.601630 
0.581866 -0.650486 -0.499994 
0.596446 -0.629022 -0.499222 
0.827008 -0.467761 -0.426307 
0.753423 -0.490993 -0.442475 
0.716865 -0.364505 -0.639986 
0.778216 -0.168561 -0.638244 
0.850196 -0.258696 -0.493921 
0.901684 -0.276210 -0.361707 
0.991776 -0.090714 -0.250768 
0.998514 -0.028803 -0.135931 
1.012009 -0.260928 0.072725 
0.930062 -0.390562 0.061778 
0.983900 -0.218728 0.163714 
0.978060 -0.104214 0.220021 
1.023139 -0.046397 0.010809 
0.986553 -0.283423 0.158806 
0.885969 -0.469514 0.198631 
0.811444 -0.480585 0.390766 
0.864411 -0.369420 0.363067 
0.792701 -0.442371 0.438149 
0.695783 -0.567339 0.468942 
0.660619 -0.710971 0.319561 
0.658669 -0.663238 0.360179 
0.514402 -0.798656 0.369840 
0.431851 -0.774018 0.484299 
0.355414 -0.892285 0.342540 
0.279844 -0.847059 0.480061 
0.320257 -0.762797 0.577631 
0.295998 -0.877412 0.424004 
0.170817 -0.938891 0.339848 
0.104807 -1.009292 0.139748 
-0.059327 -1.035615 -0.105358 
-0.128776 -1.007551 0.079970 
-0.161320 -1.003012 -0.155927 
-0.355146 -0.929817 -0.242992 
-0.347199 -0.970322 0.003963 
-0.297316 -0.956472 -0.186006 
-0.537412 -0.897925 -0.000643 
-0.336456 -0.963928 -0.172131 
-0.301707 -0.901546 -0.376643 
-0.172128 -0.941329 -0.323908 
-0.152331 -0.911897 -0.387930 
-0.428632 -0.813076 -0.504951 
-0.564676 -0.623700 -0.593239 
-0.549826 -0.603379 -0.577612 
-0.592613 -0.624944 -0.514348 
-0.475228 -0.752917 -0.487972 
-0.367098 -0.845317 -0.418866 
-0.227755 -0.933185 -0.333912 
-0.421864 -0.933909 -0.147842 
-0.523829 -0.809141 -0.397257 
-0.449188 -0.791792 -0.419339 
-0.507840 -0.680669 -0.560904 
-0.428272 -0.821773 -0.429495 
-0.483172 -0.682292 -0.590812 
-0.580106 -0.814981 -0.317175 
-0.432058 -0.849666 -0.335258 
-0.399540 -0.902051 -0.212915 
-0.456732 -0.899208 -0.073614 
-0.331337 -0.970843 0.177773 
-0.409383 -0.926487 0.033747 
-0.340032 -0.948853 -0.143378 
-0.450494 -0.897315 -0.094051 
-0.555243 -0.848335 0.030946 
-0.320677 -0.988203 -0.065338 
-0.426267 -0.898289 -0.254034 
-0.229930 -0.983511 -0.176144 
-0.416871 -0.936503 -0.047477 
-0.509664 -0.875173 0.123697 
-0.532383 -0.878313 -0.159464 
-0.610683 -0.825473 0.067530 
-0.613499 -0.801756 -0.110367 
-0.434807 -0.923127 -0.078742 
-0.384033 -0.943562 0.185053 
-0.332805 -0.888516 0.374018 
-0.130277 -0.874029 0.534500 
-0.229214 -0.951018 0.321197 
-0.073836 -1.011614 0.157675 
0.129899 -0.997663 0.170150 
0.159160 -1.008423 -0.037440 
0.286414 -0.961736 -0.164802 
0.409155 -0.923828 -0.068296 
0.425033 -0.915801 0.106337 
0.537823 -0.828283 0.264023 
0.678605 -0.663180 0.409016 
0.830779 -0.529765 0.288863 
0.926619 -0.423711 0.112517 
0.926523 -0.408576 -0.058306 
0.904706 -0.394981 -0.251721 
1.001746 -0.250403 -0.053897 
0.980077 -0.186258 -0.102900 
0.993314 -0.178851 0.038145 
1.009792 0.006259 0.211991 
1.003910 -0.096285 0.088144 
1.013277 0.038380 -0.013415 
0.992587 0.226737 0.027980 
0.964645 0.258988 0.082995 
0.990236 0.168505 0.040752 
1.020121 0.014811 -0.180583 
1.024042 -0.164716 0.033891 
0.951909 -0.410424 -0.136916 
0.966005 -0.225375 -0.245210 
0.974264 -0.305623 -0.048052 
0.929489 -0.339029 -0.271012 
0.975889 -0.106635 -0.304803 
0.985769 -0.237768 -0.133111 
0.918305 -0.454112 -0.071577 
0.860449 -0.506554 -0.094482 
0.969209 -0.319618 -0.074989 
0.991810 -0.204658 0.045107 
0.987764 -0.111901 0.246837 
0.946430 -0.214436 0.265052 
0.896868 -0.324451 0.330380 
0.804906 -0.322521 0.553350 
0.643933 -0.396267 0.691289 
0.756550 -0.381496 0.558576 
0.807218 -0.416752 0.438895 
0.807448 -0.349699 0.481646 
0.772507 -0.316104 0.558121 
0.960036 -0.281727 0.310678 
