178
165
163
172
190
178
163
198
190
183
153
154
198
148
152
187
177
142
194
177
191
182
184
203
177
177
152
142
196
201
169
175
171
215
152
191
181
179
183
167
168
201
194
162
191
180
200
175
184
178
174
174
178
183
155
178
145
170
198
163
155
171
197
190
181
178
179
174
194
199
152
141
174
179
158
158
155
186
167
191
163
195
177
145
195
166
169
189
177
199
180
183
157
210
153
182
193
178
194
185
178
185
168
154
167
166
179
175
176
186
164
167
192
189
194
173
201
185
209
168
174
192
171
188
152
185
176
180
168
192
153
167
188
203
173
202
180
169
206
206
194
194
189
181
189
183
159
158
175
157
166
180
164
171
193
156
228
135
183
196
184
167
146
203
166
183
187
174
167
196
157
198
143
198
156
177
173
183
165
167
172
165
162
215
136
191
157
155
137
185
178
180
164
201
151
159
185
180
186
192
