-0.593255 -0.623670 -0.542826 
-0.546482 -0.708981 -0.462873 
-0.579721 -0.614828 -0.550983 
-0.473107 -0.797388 -0.443336 
-0.610322 -0.671086 -0.459819 
-0.651768 -0.639765 -0.412926 
-0.496154 -0.839992 -0.342741 
-0.521904 -0.763131 -0.391157 
-0.567818 -0.596933 -0.644206 
-0.393275 -0.503380 -0.810349 
-0.488343 -0.329450 -0.831693 
-0.524118 -0.575200 -0.689836 
-0.564759 -0.554070 -0.616402 
-0.646043 -0.667893 -0.434824 
-0.654762 -0.659651 -0.373359 
-0.715843 -0.712516 -0.168483 
-0.603436 -0.810589 -0.085698 
-0.500192 -0.854878 -0.226118 
-0.354700 -0.890992 -0.339797 
-0.509367 -0.741850 -0.517261 
-0.568785 -0.685312 -0.463669 
-0.609030 -0.723908 -0.348440 
-0.712609 -0.582742 -0.437091 
-0.771537 -0.644242 -0.214628 
-0.873734 -0.450706 -0.295035 
-0.849658 -0.397058 -0.356279 
-0.899078 -0.392756 -0.234069 
-0.893982 -0.495985 -0.043130 
-0.796934 -0.619914 -0.077667 
-0.915404 -0.432969 -0.189459 
-0.824296 -0.622599 -0.032061 
-0.914729 -0.454904 0.116358 
-0.909041 -0.463607 -0.122185 
-1.006693 -0.183478 -0.225368 
-0.908937 -0.294780 -0.349179 
-0.836166 -0.249845 -0.526010 
-0.899921 -0.036229 -0.489395 
-0.850645 -0.244820 -0.512148 
-0.954218 -0.358381 -0.240592 
-0.945943 -0.124666 -0.415616 
-0.901935 0.044467 -0.464560 
-0.886090 -0.017158 -0.467296 
-0.971211 -0.094984 -0.298944 
-0.931953 -0.196157 -0.323983 
-0.892435 -0.275742 -0.370932 
-0.816560 -0.284141 -0.533638 
-0.737890 -0.233531 -0.650484 
-0.750021 -0.224245 -0.622940 
-0.753057 -0.095563 -0.664907 
-0.848926 -0.266358 -0.517935 
-0.916984 -0.138040 -0.413729 
-0.919245 -0.080150 -0.390175 
-0.965481 -0.032222 -0.286379 
-1.005320 0.002367 -0.129315 
-1.004646 0.181405 -0.024637 
-0.966977 0.276423 0.017215 
-1.031476 0.037688 -0.114642 
-0.973294 -0.028316 -0.310964 
-0.930556 0.122059 -0.385598 
-1.004610 0.018428 -0.201134 
-0.996226 0.255825 -0.095360 
-0.929093 0.293977 -0.337316 
-0.838368 0.281292 -0.502813 
-0.785616 0.279804 -0.556693 
-0.920822 0.201646 -0.400324 
-0.874132 0.200935 -0.446358 
-0.834698 0.480819 -0.393422 
-0.812898 0.321661 -0.527013 
-0.806794 0.525428 -0.371792 
-0.786896 0.607126 -0.210418 
-0.714314 0.661167 -0.249087 
-0.801609 0.635562 -0.047739 
-0.792813 0.602677 -0.116109 
-0.859739 0.496208 -0.189114 
-0.773086 0.540302 -0.411178 
-0.758118 0.521370 -0.391855 
-0.876625 0.273889 -0.491706 
-0.814172 0.337051 -0.479394 
-0.807304 0.164362 -0.605893 
-0.795537 -0.155905 -0.670182 
-0.694911 -0.251980 -0.685947 
-0.530662 -0.365532 -0.798246 
-0.414511 -0.373822 -0.838416 
-0.435117 -0.534624 -0.747851 
-0.364182 -0.657229 -0.678260 
-0.325214 -0.747404 -0.593548 
-0.137147 -0.899357 -0.491145 
-0.305802 -0.795801 -0.562391 
-0.316259 -0.730817 -0.609939 
-0.420454 -0.592455 -0.716655 
-0.284327 -0.467628 -0.870551 
-0.203419 -0.429166 -0.884223 
-0.410426 -0.542864 -0.777216 
-0.498915 -0.514799 -0.706146 
-0.588348 -0.563001 -0.598886 
-0.594647 -0.556369 -0.580644 
-0.674841 -0.677711 -0.381990 
-0.525264 -0.735924 -0.462447 
-0.376303 -0.913527 -0.314860 
-0.362557 -0.847934 -0.399897 
-0.581243 -0.700614 -0.501021 
-0.498974 -0.852840 -0.302506 
-0.614311 -0.661255 -0.538450 
-0.491289 -0.557558 -0.706640 
-0.431901 -0.542299 -0.723016 
-0.480665 -0.637494 -0.620147 
-0.620820 -0.679888 -0.450085 
-0.571369 -0.785278 -0.302598 
-0.614545 -0.656199 -0.498240 
-0.683724 -0.473247 -0.596382 
-0.652018 -0.455064 -0.607207 
-0.847982 -0.449719 -0.400037 
-0.846599 -0.418092 -0.334858 
-0.796914 -0.476039 -0.382652 
-0.835090 -0.414716 -0.368819 
-0.952690 -0.260801 -0.268295 
-0.980106 -0.178130 -0.161533 
-0.995137 -0.121883 -0.075044 
-1.014704 0.022701 0.021650 
-1.005912 -0.215076 -0.029183 
-0.950176 -0.332875 -0.057381 
-0.958362 -0.308136 0.082819 
-0.955791 -0.288952 0.060987 
-0.990803 -0.176015 0.041217 
-0.991534 -0.132653 0.033864 
-0.967923 -0.347575 -0.144516 
-0.853643 -0.443676 -0.401825 
-0.798476 -0.350689 -0.511158 
-0.861476 -0.290186 -0.432788 
-0.715959 -0.441736 -0.605001 
-0.599264 -0.309791 -0.777398 
-0.576690 -0.024037 -0.869892 
-0.550900 0.045895 -0.836160 
-0.509856 0.024234 -0.861540 
-0.430559 -0.065333 -0.909366 
-0.474037 0.084036 -0.890349 
-0.636026 -0.044937 -0.802438 
-0.539016 -0.117360 -0.843448 
-0.548202 0.085968 -0.856517 
-0.602766 0.015233 -0.804199 
-0.715579 -0.088705 -0.715195 
-0.779566 -0.211355 -0.613822 
-0.821933 -0.087670 -0.578671 
-0.749982 0.003863 -0.679009 
-0.862973 0.028164 -0.536633 
-0.871036 0.063820 -0.490334 
-0.904394 0.138627 -0.418070 
-0.908167 0.041698 -0.427741 
-1.028910 -0.044366 -0.168678 
-0.981019 0.073651 -0.222173 
-0.976098 0.104723 -0.194766 
-0.959181 0.308095 -0.165914 
-1.019176 0.193119 0.096770 
-0.961882 0.350187 -0.063444 
-0.881035 0.493649 -0.083342 
-0.916907 0.444559 0.167299 
-0.780492 0.567531 0.386721 
-0.783645 0.622896 0.192594 
-0.716125 0.615600 0.388199 
-0.708269 0.748578 0.136511 
-0.611665 0.768711 0.226208 
-0.659007 0.743018 0.149509 
-0.604391 0.819526 -0.019198 
-0.643428 0.771014 0.118720 
-0.616366 0.762741 0.223587 
-0.661179 0.680523 0.354350 
-0.776734 0.498839 0.450974 
-0.783683 0.254657 0.646701 
-0.721822 0.028132 0.733948 
-0.566243 0.051554 0.844239 
-0.686317 0.129090 0.737442 
-0.633955 0.160521 0.759137 
-0.499047 0.357121 0.827620 
-0.596154 0.355065 0.732219 
-0.591987 0.228962 0.784680 
-0.700267 0.177256 0.706174 
-0.615484 0.357691 0.730386 
-0.587665 0.135527 0.834819 
-0.635849 0.159324 0.760183 
-0.810036 0.164277 0.608461 
-0.965031 0.030807 0.393727 
-0.974738 -0.175872 0.272984 
-1.006637 -0.008839 0.163545 
-0.982087 -0.219117 0.179353 
-0.896990 -0.341375 0.370055 
-0.985166 -0.102707 0.296925 
-1.018704 0.059906 0.123306 
-1.004149 -0.165499 0.120600 
-0.961129 -0.186512 0.239080 
-0.926895 -0.373163 0.198099 
-0.800536 -0.619489 0.229469 
-0.661372 -0.685459 0.365341 
-0.716509 -0.679344 0.220687 
-0.752585 -0.550750 0.445636 
-0.787923 -0.418644 0.471325 
-0.721967 -0.352238 0.621139 
-0.657492 -0.564277 0.550592 
-0.728566 -0.397734 0.586852 
-0.829593 -0.176860 0.582437 
-0.789531 0.029869 0.651130 
