202
197
155
170
170
163
157
180
201
166
150
174
188
185
174
188
166
214
186
178
156
171
190
183
184
167
170
186
179
212
184
166
172
193
195
187
176
158
138
162
183
188
176
165
192
154
195
195
191
158
123
207
197
158
178
167
194
170
167
159
159
157
227
190
184
160
165
192
216
188
192
182
175
167
187
160
193
148
153
154
169
172
174
166
180
188
182
198
165
205
171
216
156
209
166
156
153
209
168
159
182
177
188
146
196
187
182
189
171
175
171
147
179
182
182
155
163
161
163
169
175
219
216
182
186
201
186
147
182
154
191
174
178
204
196
203
207
191
172
202
207
154
199
178
204
133
155
184
191
210
153
193
195
167
187
182
189
187
163
186
169
127
180
209
168
163
188
159
179
183
206
161
182
201
188
165
169
179
189
187
182
179
188
174
185
174
201
171
176
162
143
174
149
174
168
153
174
176
161
188
