-0.688273 0.597879 -0.445560 
-0.470404 0.630552 -0.704692 
-0.386422 0.505867 -0.788155 
-0.579715 0.600992 -0.615467 
-0.520431 0.513990 -0.693339 
-0.638247 0.407649 -0.672333 
-0.584358 0.646728 -0.559397 
-0.559257 0.552862 -0.628058 
-0.617984 0.636595 -0.491769 
-0.679050 0.465584 -0.606714 
-0.647107 0.670967 -0.446539 
-0.521491 0.777360 -0.390923 
-0.589464 0.813733 -0.190481 
-0.480617 0.864967 -0.186580 
-0.254359 1.017576 -0.024348 
-0.368101 0.940709 0.070056 
-0.312021 0.961808 -0.100587 
-0.380918 0.907276 -0.245208 
-0.499788 0.798202 -0.405860 
-0.471659 0.781909 -0.408127 
-0.421632 0.919238 -0.202337 
-0.333858 0.935251 -0.152622 
-0.121239 1.026422 -0.028008 
-0.063964 0.993059 -0.245790 
-0.196147 0.943812 -0.306012 
-0.279144 0.972395 -0.127030 
-0.184578 1.007682 0.092703 
-0.396261 0.921051 0.295198 
-0.541454 0.758784 0.446452 
-0.715490 0.592589 0.440154 
-0.755910 0.658775 0.219900 
-0.767438 0.548748 0.386096 
-0.720128 0.509301 0.485005 
-0.679537 0.720771 0.309557 
-0.567859 0.766469 0.321453 
-0.634134 0.753326 0.215004 
-0.750505 0.608746 0.341345 
-0.673129 0.570933 0.504252 
-0.684281 0.337148 0.720738 
-0.801350 0.317946 0.546551 
-0.721539 0.116248 0.742114 
-0.803464 0.273467 0.579491 
-0.687279 0.312742 0.672940 
-0.541768 0.509226 0.713045 
-0.558609 0.432701 0.711307 
-0.563870 0.253386 0.812574 
-0.513263 0.481420 0.750204 
-0.420705 0.257022 0.918322 
-0.487684 0.083778 0.888126 
-0.723377 -0.079189 0.754991 
-0.562515 -0.095662 0.839893 
-0.545695 -0.206065 0.819991 
-0.496536 -0.385477 0.799893 
-0.704419 -0.282899 0.698235 
-0.826479 -0.417312 0.474263 
-0.827612 -0.563899 0.254996 
-0.650753 -0.758734 0.262728 
-0.522459 -0.823097 0.262727 
-0.612253 -0.760437 0.243224 
-0.732212 -0.707218 0.082333 
-0.587694 -0.835501 0.001337 
-0.572072 -0.820617 -0.251658 
-0.632346 -0.676740 -0.454653 
-0.680937 -0.543942 -0.512642 
-0.577762 -0.597683 -0.570746 
-0.688126 -0.494766 -0.552034 
-0.833577 -0.342151 -0.486509 
-0.870159 -0.353816 -0.365077 
-0.988854 -0.144678 -0.263348 
-0.871670 -0.387052 -0.438754 
-0.807407 -0.195204 -0.616459 
-0.937841 -0.178230 -0.393235 
-0.947148 0.047268 -0.388055 
-0.953470 0.083990 -0.303061 
-1.035024 -0.071948 -0.076464 
-1.000681 -0.049415 -0.013746 
-0.993307 -0.208079 0.165197 
-0.996830 -0.133789 0.061911 
-0.950824 -0.359779 0.189417 
-0.867676 -0.421640 0.303069 
-0.841337 -0.567121 0.138764 
-0.765765 -0.587430 0.336287 
-0.732746 -0.687755 0.169252 
-0.796215 -0.643039 -0.038842 
-0.817634 -0.566564 -0.227967 
-0.673373 -0.794444 -0.087107 
-0.681921 -0.725080 -0.112985 
-0.809443 -0.624988 0.029939 
-0.729161 -0.680438 0.254048 
-0.689895 -0.574456 0.532394 
-0.648582 -0.488702 0.592703 
-0.497619 -0.567384 0.683900 
-0.696455 -0.535722 0.537995 
-0.626882 -0.667697 0.438647 
-0.501657 -0.610577 0.668705 
-0.352762 -0.446114 0.876086 
-0.297155 -0.537767 0.798748 
-0.366236 -0.399489 0.856410 
-0.545679 -0.191781 0.860600 
-0.536651 -0.417187 0.771624 
-0.477327 -0.397555 0.785756 
-0.238826 -0.631495 0.810173 
-0.059652 -0.404423 0.968896 
0.174311 -0.362791 0.944666 
0.156181 -0.340691 0.927327 
-0.009564 -0.220738 0.999097 
-0.125082 -0.433969 0.927083 
-0.081678 -0.604906 0.818173 
-0.187681 -0.708164 0.705324 
-0.364971 -0.852810 0.488471 
-0.533844 -0.862077 0.242287 
-0.613547 -0.715463 0.405336 
-0.509565 -0.714270 0.499090 
-0.553215 -0.595797 0.605023 
-0.662704 -0.410011 0.665339 
-0.668753 -0.392656 0.632005 
-0.513114 -0.433935 0.770383 
-0.527700 -0.237604 0.841678 
-0.549530 0.010905 0.872123 
-0.314042 0.162901 0.982111 
-0.290919 0.261489 0.926504 
-0.429439 0.316097 0.861417 
-0.278633 0.155447 0.980140 
-0.499790 0.029366 0.904913 
-0.637160 0.060993 0.788958 
-0.579973 -0.088832 0.826190 
-0.714908 -0.235922 0.699296 
-0.836051 -0.091014 0.583921 
-0.680677 0.091698 0.793078 
-0.545225 -0.089567 0.865281 
-0.453141 -0.219110 0.878279 
-0.537939 -0.356760 0.786029 
-0.663205 -0.195412 0.751401 
-0.799969 -0.093192 0.628610 
-0.684734 0.122351 0.772011 
-0.735339 0.185497 0.664424 
-0.631836 0.300263 0.734396 
-0.490199 0.332735 0.823290 
-0.592884 0.557197 0.653810 
-0.452806 0.519940 0.742717 
-0.734383 0.395155 0.640109 
-0.846062 0.284622 0.495985 
-0.901697 0.162061 0.427783 
-0.917856 0.372459 0.287783 
-0.988690 0.177692 0.201011 
-0.998327 -0.052022 0.232090 
-0.935576 -0.145580 0.364883 
-1.023416 0.023067 0.166038 
-1.010163 0.212882 -0.010080 
-0.934333 0.418233 0.045931 
-0.854204 0.553146 -0.103552 
-0.922105 0.415716 -0.051174 
-1.005792 0.233300 0.227765 
-1.032914 0.011603 0.068997 
-0.988310 -0.237360 0.249218 
-0.961872 -0.043380 0.343462 
-1.013392 0.163359 0.158992 
-1.022771 0.062291 -0.049873 
-1.016936 -0.067882 0.200211 
-0.980507 -0.054458 0.189139 
-1.021370 -0.016677 -0.012170 
-0.998757 -0.221918 0.182600 
-0.956733 -0.062827 0.382228 
-0.850740 -0.331816 0.516437 
-0.810534 -0.226999 0.550317 
-0.805366 -0.024534 0.631108 
-0.712165 -0.238551 0.703643 
-0.570821 -0.451790 0.731735 
-0.615967 -0.595137 0.562625 
-0.457962 -0.486677 0.805225 
-0.425952 -0.552974 0.723051 
-0.514193 -0.380336 0.796153 
-0.584911 -0.143224 0.836521 
-0.496363 -0.116613 0.865129 
-0.628098 0.134386 0.818502 
-0.822484 -0.029109 0.644775 
-0.740724 -0.200749 0.667549 
-0.708918 0.006422 0.739012 
-0.838457 0.213725 0.579574 
-0.732027 0.227319 0.654070 
-0.758185 0.240898 0.608300 
-0.863785 0.109335 0.526393 
-0.826082 0.042529 0.568443 
-0.944942 0.196449 0.377721 
-0.824676 0.257568 0.546852 
-0.652786 0.324072 0.732702 
-0.650190 0.375755 0.664986 
-0.650505 0.501176 0.589181 
-0.741598 0.279183 0.659126 
-0.768111 0.310753 0.567905 
-0.845924 0.160107 0.537082 
-0.731209 0.180399 0.683882 
-0.696679 0.218477 0.685018 
-0.666283 0.174315 0.728304 
-0.852769 0.156320 0.558744 
-0.838006 0.292466 0.485168 
-0.791983 0.292129 0.540841 
-0.807587 0.532175 0.383627 
-0.750329 0.729908 0.120102 
-0.605937 0.773566 0.286156 
