-0.788682 0.353247 -0.503187 
-0.581924 0.362726 -0.727870 
-0.528197 0.602621 -0.598210 
-0.640504 0.643722 -0.418781 
-0.509491 0.605049 -0.611829 
-0.504784 0.580037 -0.639336 
-0.524975 0.513085 -0.679076 
-0.311369 0.461888 -0.830487 
-0.508948 0.342335 -0.789797 
-0.514353 0.345170 -0.785047 
-0.533390 0.441268 -0.721650 
-0.394700 0.493295 -0.775159 
-0.615898 0.501442 -0.607639 
-0.615205 0.460985 -0.639543 
-0.593559 0.449000 -0.667897 
-0.331570 0.429459 -0.840015 
-0.527199 0.385057 -0.757491 
-0.534199 0.544290 -0.646823 
-0.457745 0.714349 -0.529315 
-0.437637 0.820521 -0.367721 
-0.526069 0.827257 -0.197222 
-0.682393 0.665272 -0.302908 
-0.579295 0.671585 -0.461944 
-0.697838 0.453965 -0.554020 
-0.622422 0.400220 -0.672618 
-0.471767 0.572712 -0.670400 
-0.587761 0.332320 -0.737632 
-0.445066 0.541658 -0.713108 
-0.531653 0.314960 -0.786222 
-0.501944 0.296159 -0.812614 
-0.532011 0.369034 -0.762088 
-0.615625 0.324351 -0.718193 
-0.655725 0.320476 -0.683608 
-0.732469 0.421655 -0.534506 
-0.850936 0.370999 -0.371843 
-0.864572 0.070260 -0.497574 
-0.799164 -0.191003 -0.569961 
-0.887060 -0.239859 -0.394452 
-0.817053 -0.344353 -0.462434 
-0.851486 -0.126284 -0.508944 
-0.843644 0.073491 -0.531849 
-0.881636 -0.145853 -0.448826 
-0.911154 -0.260190 -0.319530 
-0.980046 -0.027866 -0.196807 
-0.961222 -0.086100 -0.261990 
-0.869462 -0.187014 -0.457232 
-0.939117 0.038329 -0.341453 
-0.938580 -0.047921 -0.341718 
-0.881058 -0.178618 -0.437987 
-0.866872 -0.001003 -0.498530 
-0.862794 0.294080 -0.411223 
-0.929856 0.107862 -0.351757 
-0.804372 0.126506 -0.580502 
-0.907340 0.145658 -0.394358 
-0.749220 0.206969 -0.629152 
-0.679474 0.438396 -0.588323 
-0.754336 0.333754 -0.565319 
-0.892060 0.304515 -0.333916 
-0.791581 0.460306 -0.401893 
-0.726164 0.644554 -0.239239 
-0.790177 0.527139 -0.312642 
-0.653476 0.583494 -0.482186 
-0.722404 0.376734 -0.579831 
-0.762040 0.391074 -0.516096 
-0.740529 0.368112 -0.562237 
-0.817193 0.430043 -0.383744 
-0.837995 0.365417 -0.405260 
-0.835877 0.335185 -0.434696 
-0.892876 0.129535 -0.431269 
-0.962341 -0.008953 -0.271698 
-0.959082 -0.156249 -0.236112 
-0.880211 -0.091695 -0.465641 
-0.895513 0.147485 -0.419887 
-0.966731 0.061463 -0.248300 
-0.974775 0.194266 -0.109881 
-0.868165 0.384204 -0.314129 
-0.753200 0.621702 -0.214887 
-0.793399 0.486802 -0.365434 
-0.671367 0.716706 -0.188678 
-0.646479 0.719219 -0.254536 
-0.661967 0.699535 -0.269165 
-0.559503 0.821216 -0.112077 
-0.415294 0.870231 -0.265009 
-0.498929 0.865520 -0.044097 
-0.683725 0.729141 0.029568 
-0.597818 0.772844 -0.212898 
-0.571449 0.703169 -0.423083 
-0.650259 0.620784 -0.437939 
-0.433944 0.678006 -0.593297 
-0.296155 0.730678 -0.615144 
-0.339876 0.830912 -0.440533 
-0.166157 0.952607 -0.254816 
-0.293554 0.887412 -0.355425 
-0.375683 0.745940 -0.549942 
-0.301358 0.663517 -0.684784 
-0.258570 0.727176 -0.635891 
-0.262270 0.562029 -0.784435 
-0.069525 0.610516 -0.788947 
0.059337 0.677540 -0.733088 
-0.110037 0.770701 -0.627624 
0.050915 0.872238 -0.486424 
-0.070786 0.955994 -0.284718 
-0.134676 0.987512 -0.081751 
0.063878 0.997457 -0.031594 
-0.140834 0.989982 0.010025 
-0.040255 0.999088 0.014211 
0.020448 0.999046 0.038581 
0.184684 0.982798 -0.000428 
0.144055 0.975833 0.164313 
-0.098291 0.994854 -0.024586 
0.014331 0.969999 -0.242685 
-0.179708 0.962925 -0.201199 
-0.355203 0.861952 -0.361759 
-0.204086 0.793425 -0.573434 
-0.057739 0.916061 -0.396862 
0.009291 0.986458 -0.163748 
0.223265 0.974356 -0.028000 
0.327846 0.912800 -0.243544 
0.402680 0.870553 -0.282819 
0.581719 0.798605 -0.154379 
0.451215 0.883164 -0.128166 
0.355293 0.917576 -0.178385 
0.459303 0.885037 0.075837 
0.603789 0.794160 -0.068907 
0.525057 0.826912 -0.201324 
0.454871 0.882333 -0.120751 
0.312299 0.948683 0.049687 
0.115375 0.992763 0.033328 
0.147945 0.988893 0.014259 
0.060461 0.980727 0.185792 
0.224429 0.965604 0.131304 
0.018495 0.998757 -0.046297 
-0.194383 0.976284 0.095316 
-0.056267 0.994676 -0.086339 
-0.108988 0.993950 0.013626 
-0.286875 0.957842 -0.015534 
-0.217825 0.974137 0.060071 
-0.178123 0.972159 0.152248 
-0.131132 0.947161 0.292728 
-0.174216 0.850643 0.496039 
-0.471126 0.805545 0.359357 
-0.311687 0.921885 0.230174 
-0.312594 0.851295 0.421404 
-0.418333 0.679479 0.602748 
-0.286230 0.807413 0.515904 
-0.308564 0.647736 0.696582 
-0.302518 0.503927 0.809037 
-0.461624 0.583078 0.668524 
-0.410586 0.735641 0.538750 
-0.447793 0.842849 0.298476 
-0.331214 0.932120 0.146457 
-0.313573 0.880794 0.354786 
-0.474735 0.789151 0.389701 
-0.642628 0.634778 0.429053 
-0.437902 0.750864 0.494414 
-0.159961 0.789553 0.592468 
-0.157187 0.670898 0.724699 
-0.126328 0.472120 0.872436 
-0.168261 0.676756 0.716721 
0.053319 0.599590 0.798530 
0.007587 0.766077 0.642704 
0.044602 0.744720 0.665885 
0.026509 0.707219 0.706498 
-0.024570 0.828833 0.558956 
0.118435 0.885604 0.449086 
0.241515 0.835034 0.494357 
0.097999 0.762301 0.639761 
0.066078 0.850590 0.521661 
-0.157219 0.858686 0.487792 
-0.353582 0.828296 0.434632 
-0.380661 0.681601 0.624914 
-0.436236 0.785640 0.438711 
-0.249345 0.898444 0.361421 
-0.109132 0.867901 0.484600 
0.123931 0.811154 0.571551 
0.098550 0.716746 0.690335 
0.047034 0.885701 0.461868 
-0.025479 0.911418 0.410693 
-0.046247 0.930169 0.364206 
0.049274 0.988628 0.142080 
0.197357 0.977975 0.067939 
0.005116 0.998132 0.060884 
-0.158349 0.948702 0.273662 
-0.274498 0.951384 0.139715 
-0.255520 0.966649 0.017326 
-0.422861 0.905312 -0.039983 
-0.432987 0.895656 0.101601 
-0.493224 0.823702 0.279721 
-0.434184 0.874353 0.216776 
-0.442006 0.786241 0.431806 
-0.533388 0.706159 0.465658 
-0.619972 0.737090 0.268948 
-0.707776 0.702209 0.077168 
-0.554857 0.831557 0.025449 
-0.687849 0.682712 0.246511 
-0.787720 0.593304 0.165797 
-0.640549 0.713514 0.283891 
-0.561745 0.803883 0.195486 
-0.407920 0.828121 0.384470 
-0.414645 0.683859 0.600338 
