-0.309036 0.239278 0.920458 
-0.456551 0.433189 0.777115 
-0.573967 0.554905 0.602198 
-0.634188 0.528242 0.564593 
-0.823385 0.355250 0.442533 
-0.810057 0.167186 0.562011 
-0.775485 0.130817 0.617664 
-0.719288 0.350629 0.599736 
-0.867694 0.179949 0.463385 
-0.899662 0.062507 0.432088 
-0.868882 0.051705 0.492312 
-0.814843 0.029810 0.578914 
-0.881343 0.176546 0.438253 
-0.708131 0.318483 0.630173 
-0.679001 0.240844 0.693507 
-0.554046 0.238971 0.797449 
-0.606884 0.300126 0.735946 
-0.568101 0.215404 0.794269 
-0.695772 0.020449 0.717971 
-0.603028 -0.040848 0.796673 
-0.449395 -0.265910 0.852840 
-0.579313 -0.137705 0.803389 
-0.635076 -0.047463 0.770990 
-0.562699 -0.098768 0.820740 
-0.355922 0.021368 0.934271 
-0.348329 0.204475 0.914799 
-0.392316 0.140884 0.908977 
-0.527240 0.207561 0.823976 
-0.717798 0.022407 0.695890 
-0.697658 0.002409 0.716427 
-0.637194 -0.193863 0.745923 
-0.694066 -0.397593 0.600159 
-0.629164 -0.208046 0.748912 
-0.655876 -0.424934 0.623905 
-0.721914 -0.578135 0.380263 
-0.818477 -0.535684 0.207696 
-0.687679 -0.714552 0.128505 
-0.782100 -0.590273 0.199744 
-0.728787 -0.670570 0.138582 
-0.876085 -0.474712 0.084404 
-0.912710 -0.395618 0.102213 
-0.856691 -0.427243 0.289040 
-0.724650 -0.636477 0.264156 
-0.814418 -0.566948 0.123663 
-0.651244 -0.752929 0.094759 
-0.601851 -0.792235 0.100692 
-0.385825 -0.919100 0.079959 
-0.200914 -0.972769 0.115559 
-0.073364 -0.947766 0.310414 
0.078489 -0.859273 0.505460 
-0.044301 -0.739212 0.672014 
0.146472 -0.534316 0.832497 
0.240865 -0.317603 0.917122 
0.109210 -0.416615 0.902499 
-0.037940 -0.526426 0.849374 
0.107497 -0.595750 0.795944 
0.226690 -0.420555 0.878490 
0.378292 -0.292009 0.878423 
0.215976 -0.348798 0.911973 
0.137576 -0.583319 0.800507 
0.215397 -0.682287 0.698634 
0.133776 -0.638592 0.757829 
-0.052049 -0.666711 0.743497 
-0.097672 -0.755371 0.647977 
-0.295376 -0.597491 0.745492 
-0.089486 -0.695639 0.712797 
-0.231803 -0.709401 0.665596 
-0.312717 -0.566039 0.762763 
-0.457111 -0.344409 0.820019 
-0.548030 -0.291601 0.783984 
-0.588109 -0.109391 0.801350 
-0.750139 -0.198060 0.630923 
-0.685842 -0.107340 0.719791 
-0.811882 -0.216324 0.542265 
-0.905286 -0.002553 0.424795 
-0.908092 -0.211868 0.361221 
-0.974782 -0.068482 0.212394 
-0.993240 -0.090451 0.072759 
-0.962469 -0.227168 0.148487 
-0.988153 -0.153453 -0.002399 
-0.985869 -0.004949 0.167442 
-0.975819 -0.213099 0.048650 
-0.866105 -0.453586 0.210054 
-0.956092 -0.291163 0.033364 
-0.920552 -0.358703 -0.154650 
-0.918099 -0.310763 -0.246011 
-0.837788 -0.352396 -0.417047 
-0.932907 -0.208026 -0.293956 
-0.918132 -0.388371 -0.078750 
-0.961519 -0.121805 -0.246260 
-0.869963 -0.159067 -0.466757 
-0.894326 -0.347336 -0.282027 
-0.896518 -0.310452 -0.316029 
-0.978586 -0.100598 -0.179583 
-0.925943 -0.089353 -0.366940 
-0.960536 0.177128 -0.214465 
-0.970037 -0.064530 -0.234230 
-0.925279 -0.139205 -0.352818 
-0.973520 0.109810 -0.200501 
-0.970843 -0.089384 -0.222429 
-0.925084 -0.011049 -0.379601 
-0.876557 0.043475 -0.479331 
-0.764894 -0.067123 -0.640649 
-0.706566 -0.317298 -0.632524 
-0.589838 -0.461920 -0.662360 
-0.649916 -0.583396 -0.487091 
-0.655421 -0.420295 -0.627516 
-0.523636 -0.632407 -0.570848 
-0.550823 -0.451876 -0.701714 
-0.597586 -0.230417 -0.767984 
-0.471384 -0.088335 -0.877493 
-0.294413 0.005777 -0.955661 
-0.204111 0.251879 -0.945989 
0.012460 0.206257 -0.978418 
0.101457 0.301893 -0.947928 
0.291130 0.081517 -0.953204 
0.377125 0.013364 -0.926066 
0.319269 -0.136365 -0.937802 
0.137737 -0.193751 -0.971334 
0.160235 -0.190946 -0.968434 
0.152418 -0.133316 -0.979283 
0.293836 -0.358314 -0.886155 
0.448281 -0.164008 -0.878718 
0.287910 -0.285416 -0.914137 
0.021352 -0.357552 -0.933649 
0.172356 -0.346852 -0.921947 
-0.021968 -0.369577 -0.928940 
-0.057790 -0.540182 -0.839562 
-0.150547 -0.323215 -0.934274 
-0.035209 -0.550358 -0.834186 
-0.123752 -0.705101 -0.698225 
0.078062 -0.645020 -0.760168 
0.272592 -0.576695 -0.770140 
0.314890 -0.395699 -0.862709 
0.239938 -0.176849 -0.954544 
0.206284 -0.107513 -0.972568 
0.186589 -0.212761 -0.959123 
0.237361 -0.376449 -0.895514 
0.199366 -0.154966 -0.967594 
0.113279 -0.253914 -0.960570 
-0.107287 -0.368625 -0.923366 
0.044846 -0.508966 -0.859617 
-0.003347 -0.492873 -0.870095 
0.012042 -0.564445 -0.825383 
-0.130339 -0.548373 -0.826014 
-0.030690 -0.639744 -0.767975 
-0.192518 -0.736088 -0.648931 
-0.216540 -0.592498 -0.775923 
-0.152118 -0.803116 -0.576077 
-0.430522 -0.683380 -0.589612 
-0.361570 -0.816672 -0.449793 
-0.275143 -0.816585 -0.507430 
-0.299108 -0.871203 -0.389282 
-0.237351 -0.956629 -0.168895 
-0.009016 -0.966526 -0.256412 
-0.073695 -0.930586 -0.358580 
-0.292195 -0.835668 -0.465061 
-0.228870 -0.882358 -0.411172 
-0.444971 -0.831603 -0.332321 
-0.593891 -0.774926 -0.216294 
-0.537837 -0.808936 -0.237390 
-0.583430 -0.807711 -0.084923 
-0.468992 -0.868507 -0.160441 
-0.516357 -0.853593 0.068951 
-0.502717 -0.843728 -0.188147 
-0.395825 -0.862637 -0.314928 
-0.484767 -0.811071 -0.327360 
-0.398798 -0.799956 -0.448364 
-0.314936 -0.739467 -0.594982 
-0.323396 -0.872758 -0.365662 
-0.488701 -0.797788 -0.353138 
-0.498836 -0.724486 -0.475692 
-0.688677 -0.602392 -0.403544 
-0.800479 -0.386398 -0.458181 
-0.584330 -0.573620 -0.574038 
-0.662966 -0.403898 -0.630350 
-0.718270 -0.385717 -0.579061 
-0.624385 -0.513823 -0.588328 
-0.679420 -0.573577 -0.457599 
-0.826037 -0.506225 -0.247787 
-0.752897 -0.580622 -0.309878 
-0.819931 -0.394316 -0.415003 
-0.895932 -0.292562 -0.334236 
-0.915924 -0.072174 -0.394809 
-0.815086 0.065002 -0.575683 
-0.841348 -0.173942 -0.511741 
-0.864442 -0.050251 -0.500215 
-0.814960 -0.218867 -0.536598 
-0.678310 -0.175773 -0.713442 
-0.563485 -0.130421 -0.815767 
-0.561039 -0.332500 -0.758076 
-0.389878 -0.391392 -0.833551 
-0.398321 -0.306368 -0.864569 
-0.418387 -0.497571 -0.759852 
-0.292869 -0.353453 -0.888425 
-0.054469 -0.467210 -0.882467 
-0.145770 -0.480768 -0.864646 
-0.299817 -0.299702 -0.905698 
-0.191749 -0.483895 -0.853861 
0.025839 -0.565776 -0.824154 
