0.168443 -0.886645 -0.430682 
0.028543 -0.918334 -0.394776 
0.176658 -0.960101 -0.216789 
0.143918 -0.984277 -0.102400 
0.349412 -0.936519 0.029053 
0.119892 -0.987710 -0.100276 
0.278202 -0.950940 -0.135340 
0.164529 -0.985609 -0.038808 
0.103396 -0.981027 -0.163996 
0.025609 -0.984772 -0.171953 
-0.123437 -0.992351 0.001806 
-0.273705 -0.933928 0.229923 
-0.280152 -0.920767 0.271481 
-0.427674 -0.864258 0.264866 
-0.391521 -0.838123 0.379818 
-0.260553 -0.760274 0.595060 
-0.336280 -0.733811 0.590286 
-0.285931 -0.853562 0.435518 
-0.088070 -0.957087 0.276094 
0.091948 -0.875229 0.474888 
-0.125371 -0.858013 0.498092 
-0.356599 -0.697171 0.621925 
-0.329533 -0.550313 0.767178 
-0.402951 -0.617875 0.675175 
-0.358863 -0.475011 0.803481 
-0.574009 -0.328666 0.749995 
-0.461343 -0.358527 0.811555 
-0.625818 -0.443017 0.641940 
-0.723898 -0.273258 0.633484 
-0.535120 -0.419214 0.733421 
-0.518700 -0.571097 0.636237 
-0.718549 -0.370577 0.588524 
-0.736238 -0.162826 0.656842 
-0.725499 -0.161419 0.669025 
-0.633542 -0.219984 0.741776 
-0.655936 -0.276825 0.702222 
-0.656565 -0.316777 0.684525 
-0.671404 -0.361042 0.647198 
-0.824912 -0.194666 0.530684 
-0.696337 -0.135490 0.704810 
-0.727946 -0.144705 0.670190 
-0.552557 0.003548 0.833468 
-0.691170 -0.101406 0.715543 
-0.518506 -0.136328 0.844136 
-0.609999 0.122003 0.782954 
-0.626685 0.110270 0.771432 
-0.703910 0.043822 0.708936 
-0.674525 0.198377 0.711100 
-0.840188 0.127231 0.527159 
-0.899558 -0.090788 0.427262 
-0.905102 0.041853 0.423129 
-0.884963 0.257611 0.387915 
-0.841660 0.083914 0.533448 
-0.895222 -0.041421 0.443691 
-0.856854 -0.274903 0.436153 
-0.912072 -0.376795 0.161709 
-0.948099 -0.315624 -0.038592 
-0.982650 -0.153010 0.104819 
-0.999654 0.026275 -0.000866 
-0.984682 -0.107632 -0.137175 
-0.943759 -0.328598 -0.036649 
-0.911901 -0.407958 0.044802 
-0.815886 -0.550742 -0.176103 
-0.723969 -0.605508 -0.330497 
-0.734821 -0.514805 -0.441603 
-0.745508 -0.421091 -0.516623 
-0.767801 -0.506855 -0.391893 
-0.761736 -0.542342 -0.354434 
-0.878285 -0.394360 -0.270360 
-0.860154 -0.280229 -0.426154 
-0.959717 -0.108595 -0.259135 
-0.895461 -0.156529 -0.416712 
-0.768257 -0.032047 -0.639339 
-0.725882 -0.285857 -0.625605 
-0.636151 -0.170252 -0.752547 
-0.772775 -0.056239 -0.632184 
-0.686496 -0.354497 -0.634866 
-0.546857 -0.545432 -0.635178 
-0.532743 -0.651099 -0.540607 
-0.583693 -0.594055 -0.553535 
-0.533771 -0.755606 -0.379667 
-0.530458 -0.618650 -0.579557 
-0.476907 -0.581708 -0.658920 
-0.323714 -0.495569 -0.805991 
-0.385254 -0.433149 -0.814838 
-0.569253 -0.376148 -0.731070 
-0.555603 -0.563197 -0.611648 
-0.323621 -0.778176 -0.538249 
-0.518703 -0.671338 -0.529389 
-0.641263 -0.456480 -0.616772 
-0.641236 -0.480887 -0.597967 
-0.652941 -0.628066 -0.423322 
-0.658866 -0.564355 -0.497393 
-0.734936 -0.526951 -0.426839 
-0.847684 -0.496726 -0.186268 
-0.725589 -0.673669 -0.140324 
-0.598057 -0.781418 -0.178086 
-0.814117 -0.573028 -0.094091 
-0.797884 -0.595151 0.095792 
-0.671787 -0.690568 0.267988 
-0.859963 -0.433162 0.269879 
-0.964684 -0.167646 0.203175 
-0.989435 0.062535 0.130794 
-0.995357 0.082518 -0.049556 
-0.976768 -0.142649 -0.159924 
-0.988093 -0.061945 -0.140839 
-0.997583 0.040593 -0.056403 
-0.959511 -0.139758 -0.244552 
-0.877609 -0.050019 -0.476760 
-0.895593 0.150637 -0.418595 
-0.838847 0.380219 -0.389575 
-0.871338 0.316419 -0.375031 
-0.825334 0.220359 -0.519871 
-0.887185 -0.012406 -0.461248 
-0.872336 -0.222675 -0.435254 
-0.819520 -0.421648 -0.388072 
-0.788678 -0.446494 -0.422646 
-0.761717 -0.334320 -0.554993 
-0.711859 -0.426238 -0.558192 
-0.658382 -0.550489 -0.513318 
-0.783552 -0.410661 -0.466266 
-0.776695 -0.191377 -0.600100 
-0.619331 -0.261451 -0.740319 
-0.567249 -0.276160 -0.775863 
-0.705968 -0.208280 -0.676926 
-0.717531 -0.274390 -0.640202 
-0.843960 -0.288670 -0.452109 
-0.814435 -0.151777 -0.560053 
-0.736339 -0.304957 -0.603992 
-0.700448 -0.403132 -0.588946 
-0.792302 -0.309985 -0.525516 
-0.732102 -0.526959 -0.431672 
-0.730497 -0.412463 -0.544288 
-0.771025 -0.315439 -0.553189 
-0.887492 -0.046549 -0.458466 
-0.902885 -0.259102 -0.343023 
-0.985601 -0.099149 -0.136970 
-0.979212 0.055187 -0.195189 
-0.913613 -0.114501 -0.390128 
-0.940828 0.142715 -0.307368 
-0.950384 0.054522 -0.306264 
-0.897143 0.093793 -0.431669 
-0.857166 -0.163074 -0.488541 
-0.952419 -0.105801 -0.285839 
-0.902369 -0.216603 -0.372578 
-0.967913 -0.022594 -0.250268 
-0.917775 -0.240176 -0.316233 
-0.902495 -0.066539 -0.425530 
-0.968981 0.023596 -0.246007 
-0.963902 0.248092 -0.096665 
-0.960946 0.261206 0.091405 
-0.984746 0.152891 0.083061 
-0.947037 0.319624 -0.030997 
-0.898663 0.413399 0.146647 
-0.868383 0.476076 0.138791 
-0.762176 0.549656 0.342003 
-0.534453 0.679628 0.502460 
-0.619538 0.531249 0.577881 
-0.443036 0.496623 0.746381 
-0.463368 0.388954 0.796244 
-0.329278 0.303308 0.894193 
-0.400944 0.531475 0.746176 
-0.187207 0.676541 0.712212 
-0.235087 0.759427 0.606634 
-0.359215 0.635316 0.683622 
-0.483518 0.452237 0.749461 
-0.393867 0.167252 0.903823 
-0.428772 0.348584 0.833453 
-0.413111 0.570251 0.710038 
-0.242800 0.634053 0.734183 
-0.225357 0.583891 0.779927 
-0.105241 0.565051 0.818316 
-0.207180 0.534417 0.819436 
-0.154037 0.435873 0.886728 
-0.004761 0.283747 0.958887 
0.084488 0.402069 0.911703 
0.224725 0.478701 0.848731 
0.219232 0.582562 0.782662 
0.424548 0.650173 0.630106 
0.221263 0.769511 0.599079 
0.069688 0.695632 0.715011 
-0.129206 0.748647 0.650257 
-0.043047 0.763938 0.643852 
0.231156 0.707683 0.667647 
0.333444 0.667585 0.665691 
0.297192 0.771297 0.562830 
0.101024 0.784376 0.612004 
0.219349 0.830628 0.511804 
0.275451 0.756029 0.593757 
0.435317 0.708952 0.554876 
0.570930 0.689871 0.445103 
0.607807 0.664675 0.434485 
0.623195 0.745621 0.235962 
0.839566 0.522107 0.150110 
0.876995 0.467194 -0.112296 
0.874485 0.405075 -0.266815 
0.872662 0.449896 -0.189881 
0.841136 0.422690 -0.337377 
0.812426 0.343892 -0.470853 
0.918752 0.114914 -0.377743 
