191
162
160
177
184
199
200
196
175
184
209
198
188
189
186
220
178
189
153
181
164
181
210
185
190
218
160
162
198
157
175
160
188
173
205
143
205
142
212
220
206
212
178
217
187
148
173
232
205
183
174
165
209
183
178
201
174
172
216
216
206
174
175
154
240
190
190
208
199
161
180
222
198
221
199
191
193
168
221
197
174
211
175
178
210
194
202
181
167
181
171
194
174
179
202
207
182
235
178
199
165
157
216
218
213
206
207
176
198
201
187
183
216
214
192
171
174
183
191
184
161
177
182
151
215
202
191
187
182
162
176
160
198
209
178
131
235
200
182
162
217
178
203
200
153
163
191
162
175
187
184
181
179
193
212
180
196
197
194
187
201
204
172
150
175
185
163
172
215
187
200
176
186
178
227
221
196
164
181
208
185
191
153
186
204
174
197
230
186
139
174
224
191
162
168
213
156
172
159
192
