149
173
174
161
185
171
181
192
184
173
192
203
189
213
224
192
244
191
213
215
190
192
191
199
232
193
218
195
205
204
203
197
199
247
151
211
211
210
193
200
221
180
166
165
196
200
139
181
241
166
216
213
221
218
211
162
183
172
185
175
212
209
189
219
193
194
185
202
184
203
188
207
191
241
171
231
168
196
201
240
210
209
203
176
218
135
197
195
216
187
206
211
150
194
207
200
220
155
202
211
190
161
218
199
202
221
194
182
182
208
190
210
176
189
173
173
219
212
183
157
166
209
211
192
227
198
212
210
178
210
188
197
225
211
161
192
192
204
233
207
193
164
214
187
189
216
192
194
161
216
153
203
210
194
190
193
171
191
213
153
206
204
225
182
193
174
196
179
213
207
168
199
203
273
217
185
168
162
197
196
172
217
203
209
178
213
210
154
172
188
204
198
182
199
232
174
207
228
213
205
