186
186
185
198
166
163
157
156
188
188
171
191
199
195
182
178
165
207
190
159
184
189
178
159
184
189
208
181
178
194
196
232
180
205
192
186
170
214
189
176
192
193
159
173
178
179
195
186
213
220
205
212
208
187
181
171
192
215
205
199
206
177
184
197
161
208
196
231
194
171
202
212
197
199
171
181
186
188
202
181
172
181
148
165
226
204
178
199
158
137
241
199
189
194
168
160
187
218
174
187
179
171
190
158
199
189
210
206
194
186
186
212
214
172
191
197
176
200
157
224
184
175
149
209
176
221
199
201
177
186
189
208
168
168
176
