182
177
163
186
198
157
203
191
201
208
194
158
177
207
221
204
216
171
171
161
176
236
177
252
174
202
190
166
168
187
155
195
175
236
209
209
194
223
198
214
223
202
184
185
183
183
203
167
210
164
213
183
151
186
161
184
192
191
185
176
196
177
191
244
172
178
181
159
205
203
199
202
193
211
174
205
184
195
205
178
183
194
202
209
200
190
182
203
195
219
192
206
188
169
199
203
209
206
235
172
185
202
194
188
203
204
201
179
185
206
219
206
174
220
199
189
166
229
209
189
177
206
178
212
186
183
153
165
200
179
241
199
180
174
205
