192
187
162
149
150
201
178
179
208
194
182
167
182
166
176
149
184
191
175
183
240
211
181
194
179
188
204
189
188
170
195
191
191
193
179
173
198
187
175
186
182
191
183
192
202
193
185
166
193
213
201
196
188
206
208
199
207
188
202
163
223
214
214
230
216
208
156
176
184
168
252
196
210
199
192
201
169
207
195
235
207
197
183
209
217
178
188
184
154
206
187
162
182
159
201
186
186
195
184
184
216
188
169
225
189
180
168
218
181
175
193
188
196
212
215
170
189
175
173
198
200
248
212
202
187
174
236
180
221
218
170
189
187
216
190
