0.043619 0.000000 0.999048 0.000000 
-0.021810 0.037775 0.999048 0.000969 
0.130526 0.000000 0.991445 0.000000 
0.099989 0.083901 0.991445 0.069936 
0.022666 0.128543 0.991445 0.086798 
-0.065263 0.113039 0.991445 0.005512 
-0.122654 0.044643 0.991445 0.000000 
-0.122654 -0.044643 0.991445 0.000000 
-0.065263 -0.113039 0.991445 0.000021 
0.022666 -0.128543 0.991445 0.015811 
0.216440 0.000000 0.976296 0.000000 
0.199964 0.082828 0.976296 0.090399 
0.153046 0.153046 0.976296 0.356884 
0.082828 0.199964 0.976296 0.410045 
0.000000 0.216440 0.976296 0.164223 
-0.082828 0.199964 0.976296 0.002939 
-0.153046 0.153046 0.976296 0.000000 
-0.199964 0.082828 0.976296 0.000000 
-0.216440 0.000000 0.976296 0.000000 
-0.199964 -0.082828 0.976296 0.000000 
-0.153046 -0.153046 0.976296 0.000000 
-0.082828 -0.199964 0.976296 0.000012 
-0.000000 -0.216440 0.976296 0.041254 
0.082828 -0.199964 0.976296 0.110137 
0.153046 -0.153046 0.976296 0.078059 
0.300706 0.000000 0.953717 0.000000 
0.288525 0.084719 0.953717 0.086794 
0.252970 0.162574 0.953717 0.506234 
0.196920 0.227258 0.953717 0.914219 
0.124918 0.273532 0.953717 0.901217 
0.042795 0.297645 0.953717 0.467501 
-0.042795 0.297645 0.953717 0.081223 
-0.124918 0.273532 0.953717 0.000000 
-0.196920 0.227258 0.953717 0.000028 
-0.252970 0.162574 0.953717 0.000047 
-0.288525 0.084719 0.953717 0.000121 
-0.300706 0.000000 0.953717 0.000000 
-0.288525 -0.084719 0.953717 0.000000 
-0.252970 -0.162574 0.953717 0.000000 
-0.196920 -0.227258 0.953717 0.000000 
-0.124918 -0.273532 0.953717 0.000000 
-0.042795 -0.297645 0.953717 0.033237 
0.042795 -0.297645 0.953717 0.217665 
0.124918 -0.273532 0.953717 0.367135 
0.196920 -0.227258 0.953717 0.288733 
0.252970 -0.162574 0.953717 0.099847 
0.382683 0.000000 0.923880 0.000000 
0.373089 0.085155 0.923880 0.052186 
0.344786 0.166040 0.923880 0.423427 
0.299194 0.238599 0.923880 1.040007 
0.238599 0.299194 0.923880 1.502632 
0.166040 0.344786 0.923880 1.413003 
0.085155 0.373089 0.923880 0.875604 
0.000000 0.382683 0.923880 0.269606 
-0.085155 0.373089 0.923880 0.004786 
-0.166040 0.344786 0.923880 0.000000 
-0.238599 0.299194 0.923880 0.011177 
-0.299194 0.238599 0.923880 0.021828 
-0.344786 0.166040 0.923880 0.021611 
-0.373089 0.085155 0.923880 0.001220 
-0.382683 0.000000 0.923880 0.000000 
-0.373089 -0.085155 0.923880 0.000000 
-0.344786 -0.166040 0.923880 0.001325 
-0.299194 -0.238599 0.923880 0.002097 
-0.238599 -0.299194 0.923880 0.000679 
-0.166040 -0.344786 0.923880 0.005191 
-0.085155 -0.373089 0.923880 0.018476 
-0.000000 -0.382683 0.923880 0.206483 
0.085155 -0.373089 0.923880 0.599959 
0.166040 -0.344786 0.923880 0.823027 
0.238599 -0.299194 0.923880 0.684272 
0.299194 -0.238599 0.923880 0.374715 
0.344786 -0.166040 0.923880 0.094274 
0.461749 0.000000 0.887011 0.000000 
0.453404 0.087386 0.887011 0.031621 
0.428673 0.171615 0.887011 0.298063 
0.388448 0.249640 0.887011 0.845381 
0.334183 0.318643 0.887011 1.523861 
0.267840 0.376129 0.887011 1.931300 
0.191817 0.420021 0.887011 1.680063 
0.108861 0.448733 0.887011 1.021031 
0.021971 0.461226 0.887011 0.361199 
-0.065714 0.457049 0.887011 0.034417 
-0.151023 0.436353 0.887011 0.007967 
-0.230874 0.399886 0.887011 0.036735 
-0.302381 0.348966 0.887011 0.107647 
-0.362959 0.285434 0.887011 0.167295 
-0.410419 0.211585 0.887011 0.123722 
-0.443045 0.130090 0.887011 0.033701 
-0.459658 0.043892 0.887011 0.000000 
-0.459658 -0.043892 0.887011 0.000000 
-0.443045 -0.130090 0.887011 0.014705 
-0.410419 -0.211585 0.887011 0.076344 
-0.362959 -0.285434 0.887011 0.091564 
-0.302381 -0.348966 0.887011 0.050514 
-0.230874 -0.399886 0.887011 0.025395 
-0.151023 -0.436353 0.887011 0.054215 
-0.065714 -0.457049 0.887011 0.089786 
0.021971 -0.461226 0.887011 0.422069 
0.108861 -0.448733 0.887011 0.972920 
0.191817 -0.420021 0.887011 1.369592 
0.267840 -0.376129 0.887011 1.338975 
0.334183 -0.318643 0.887011 0.990819 
0.388448 -0.249640 0.887011 0.547672 
0.428673 -0.171615 0.887011 0.163060 
0.537300 0.000000 0.843391 0.000000 
0.530342 0.086189 0.843391 0.010909 
0.509648 0.170146 0.843391 0.175239 
0.475755 0.249696 0.843391 0.592240 
0.429540 0.322779 0.843391 1.189566 
0.372201 0.387502 0.843391 1.752269 
0.305221 0.442189 0.843391 2.034130 
0.230336 0.485424 0.843391 1.855937 
0.149486 0.516086 0.843391 1.254126 
0.064764 0.533382 0.843391 0.582413 
-0.021635 0.536864 0.843391 0.127554 
-0.107474 0.526441 0.843391 0.010433 
-0.190529 0.502384 0.843391 0.036671 
-0.268650 0.465315 0.843391 0.154869 
-0.339813 0.416195 0.843391 0.338498 
-0.402175 0.356296 0.843391 0.478146 
-0.454120 0.287168 0.843391 0.439093 
-0.494305 0.210604 0.843391 0.232816 
-0.521687 0.128584 0.843391 0.044017 
-0.535557 0.043235 0.843391 0.000000 
-0.535557 -0.043235 0.843391 0.000000 
-0.521687 -0.128584 0.843391 0.028029 
-0.494305 -0.210604 0.843391 0.267995 
-0.454120 -0.287168 0.843391 0.541405 
-0.402175 -0.356296 0.843391 0.544009 
-0.339813 -0.416195 0.843391 0.286252 
-0.268650 -0.465315 0.843391 0.090949 
-0.190529 -0.502384 0.843391 0.088481 
-0.107474 -0.526441 0.843391 0.099791 
-0.021635 -0.536864 0.843391 0.243610 
0.064764 -0.533382 0.843391 0.765579 
0.149486 -0.516086 0.843391 1.444333 
0.230336 -0.485424 0.843391 1.909340 
0.305221 -0.442189 0.843391 2.046910 
0.372201 -0.387502 0.843391 1.876857 
0.429540 -0.322779 0.843391 1.475142 
0.475755 -0.249696 0.843391 0.797986 
0.509648 -0.170146 0.843391 0.217924 
0.608761 0.000000 0.793353 0.000000 
0.602565 0.086636 0.793353 0.000504 
0.584102 0.171508 0.793353 0.099030 
0.553749 0.252889 0.793353 0.517165 
0.512123 0.329121 0.793353 1.136600 
0.460071 0.398654 0.793353 1.629935 
0.398654 0.460071 0.793353 1.924992 
0.329121 0.512123 0.793353 2.113213 
0.252889 0.553749 0.793353 1.990771 
0.171508 0.584102 0.793353 1.396812 
0.086636 0.602565 0.793353 0.679136 
0.000000 0.608761 0.793353 0.183159 
-0.086636 0.602565 0.793353 0.012139 
-0.171508 0.584102 0.793353 0.038769 
-0.252889 0.553749 0.793353 0.187840 
-0.329121 0.512123 0.793353 0.473740 
-0.398654 0.460071 0.793353 0.786973 
-0.460071 0.398654 0.793353 0.944473 
-0.512123 0.329121 0.793353 0.821654 
-0.553749 0.252889 0.793353 0.486174 
-0.584102 0.171508 0.793353 0.142995 
-0.602565 0.086636 0.793353 0.001470 
-0.608761 0.000000 0.793353 0.000000 
-0.602565 -0.086636 0.793353 0.000000 
-0.584102 -0.171508 0.793353 0.198453 
-0.553749 -0.252889 0.793353 0.838029 
-0.512123 -0.329121 0.793353 1.476900 
-0.460071 -0.398654 0.793353 1.524092 
-0.398654 -0.460071 0.793353 0.950799 
-0.329121 -0.512123 0.793353 0.357171 
-0.252889 -0.553749 0.793353 0.110598 
-0.171508 -0.584102 0.793353 0.105342 
-0.086636 -0.602565 0.793353 0.097954 
-0.000000 -0.608761 0.793353 0.327171 
0.086636 -0.602565 0.793353 0.909953 
0.171508 -0.584102 0.793353 1.658719 
0.252889 -0.553749 0.793353 2.238805 
0.329121 -0.512123 0.793353 2.540891 
0.398654 -0.460071 0.793353 2.740802 
0.460071 -0.398654 0.793353 2.691497 
0.512123 -0.329121 0.793353 2.035194 
0.553749 -0.252889 0.793353 1.015255 
0.584102 -0.171508 0.793353 0.241444 
0.675590 0.000000 0.737277 0.000000 
0.670044 0.086393 0.737277 0.000012 
0.653495 0.171367 0.737277 0.067948 
0.626216 0.253527 0.737277 0.538725 
0.588654 0.331524 0.737277 1.269365 
0.541427 0.404078 0.737277 1.878481 
0.485310 0.469996 0.737277 2.107787 
0.421224 0.528198 0.737277 2.145984 
0.350221 0.577726 0.737277 2.192890 
0.273468 0.617768 0.737277 2.080463 
0.192224 0.647667 0.737277 1.500102 
0.107824 0.666930 0.737277 0.760635 
0.021654 0.675243 0.737277 0.229115 
-0.064872 0.672468 0.737277 0.031131 
-0.150333 0.658652 0.737277 0.064003 
-0.233325 0.634020 0.737277 0.177680 
-0.312486 0.598978 0.737277 0.473323 
-0.386516 0.554100 0.737277 0.900445 
-0.454200 0.500125 0.737277 1.277597 
-0.514425 0.437937 0.737277 1.414802 
-0.566204 0.368558 0.737277 1.190865 
-0.608686 0.293128 0.737277 0.739294 
-0.641173 0.212884 0.737277 0.273297 
-0.663132 0.129145 0.737277 0.022693 
-0.674202 0.043285 0.737277 0.000000 
-0.674202 -0.043285 0.737277 0.000000 
-0.663132 -0.129145 0.737277 0.028496 
-0.641173 -0.212884 0.737277 0.626241 
-0.608686 -0.293128 0.737277 1.695263 
-0.566204 -0.368558 0.737277 2.597629 
-0.514425 -0.437937 0.737277 2.630763 
-0.454200 -0.500125 0.737277 1.802147 
-0.386516 -0.554100 0.737277 0.818080 
-0.312486 -0.598978 0.737277 0.228441 
-0.233325 -0.634020 0.737277 0.080434 
-0.150333 -0.658652 0.737277 0.075981 
-0.064872 -0.672468 0.737277 0.073446 
0.021654 -0.675243 0.737277 0.344850 
0.107824 -0.666930 0.737277 0.929676 
0.192224 -0.647667 0.737277 1.611619 
0.273468 -0.617768 0.737277 2.173013 
0.350221 -0.577726 0.737277 2.509542 
0.421224 -0.528198 0.737277 2.940693 
0.485310 -0.469996 0.737277 3.320768 
0.541427 -0.404078 0.737277 3.174724 
0.588654 -0.331524 0.737277 2.245821 
0.626216 -0.253527 0.737277 1.015176 
0.653495 -0.171367 0.737277 0.183141 
0.737277 0.000000 0.675590 0.000000 
0.732102 0.087200 0.675590 0.000000 
0.716650 0.173176 0.675590 0.049611 
0.691138 0.256721 0.675590 0.587404 
0.655924 0.336662 0.675590 1.491630 
0.611502 0.411878 0.675590 2.317501 
0.558496 0.481311 0.675590 2.600849 
0.497650 0.543988 0.675590 2.409801 
0.429818 0.599028 0.675590 2.232388 
0.355952 0.645660 0.675590 2.142644 
0.277089 0.683227 0.675590 1.946099 
0.194337 0.711204 0.675590 1.335765 
0.108856 0.729197 0.675590 0.631577 
0.021848 0.736954 0.675590 0.193255 
-0.065467 0.734365 0.675590 0.122834 
-0.151863 0.721468 0.675590 0.248183 
-0.236128 0.698442 0.675590 0.352455 
-0.317077 0.665612 0.675590 0.562798 
-0.393576 0.623439 0.675590 0.966801 
-0.464549 0.572513 0.675590 1.427726 
-0.529002 0.513551 0.675590 1.717068 
-0.586028 0.447380 0.675590 1.672235 
-0.634828 0.374928 0.675590 1.267070 
-0.674716 0.297214 0.675590 0.699401 
-0.705133 0.215327 0.675590 0.207541 
-0.725651 0.130417 0.675590 0.007561 
-0.735982 0.043677 0.675590 0.000000 
-0.735982 -0.043677 0.675590 0.000000 
-0.725651 -0.130417 0.675590 0.013985 
-0.705133 -0.215327 0.675590 0.594215 
-0.674716 -0.297214 0.675590 1.737161 
-0.634828 -0.374928 0.675590 2.864618 
-0.586028 -0.447380 0.675590 3.242873 
-0.529002 -0.513551 0.675590 2.550870 
-0.464549 -0.572513 0.675590 1.464908 
-0.393576 -0.623439 0.675590 0.568876 
-0.317077 -0.665612 0.675590 0.129608 
-0.236128 -0.698442 0.675590 0.038059 
-0.151863 -0.721468 0.675590 0.028929 
-0.065467 -0.734365 0.675590 0.026744 
0.021848 -0.736954 0.675590 0.222624 
0.108856 -0.729197 0.675590 0.655376 
0.194337 -0.711204 0.675590 1.164309 
0.277089 -0.683227 0.675590 1.593583 
0.355952 -0.645660 0.675590 1.842869 
0.429818 -0.599028 0.675590 2.210677 
0.497650 -0.543988 0.675590 2.752296 
0.558496 -0.481311 0.675590 3.189223 
0.611502 -0.411878 0.675590 2.928340 
0.655924 -0.336662 0.675590 1.959845 
0.691138 -0.256721 0.675590 0.835953 
0.716650 -0.173176 0.675590 0.103160 
0.793353 0.000000 0.608761 0.000000 
0.788538 0.087275 0.608761 0.000000 
0.774151 0.173491 0.608761 0.026199 
0.750367 0.257601 0.608761 0.536057 
0.717475 0.338585 0.608761 1.538983 
0.675873 0.415458 0.608761 2.606657 
0.626067 0.487288 0.608761 3.111998 
0.568662 0.553203 0.608761 2.833735 
0.504354 0.612403 0.608761 2.360693 
0.433923 0.664169 0.608761 2.071205 
0.358225 0.707873 0.608761 1.919849 
0.278179 0.742984 0.608761 1.630968 
0.194757 0.769077 0.608761 1.065352 
0.108970 0.785834 0.608761 0.480890 
0.021860 0.793052 0.608761 0.190077 
-0.065515 0.790644 0.608761 0.340583 
-0.152094 0.778638 0.608761 0.647683 
-0.236828 0.757180 0.608761 0.765972 
-0.318686 0.726532 0.608761 0.752759 
-0.396677 0.687064 0.608761 0.913627 
-0.469852 0.639256 0.608761 1.311120 
-0.537324 0.583689 0.608761 1.690309 
-0.598273 0.521036 0.608761 1.847480 
-0.651960 0.452059 0.608761 1.652352 
-0.697733 0.377594 0.608761 1.162271 
-0.735037 0.298546 0.608761 0.590684 
-0.763419 0.215874 0.608761 0.139402 
-0.782533 0.130582 0.608761 0.001014 
-0.792149 0.043704 0.608761 0.000000 
-0.792149 -0.043704 0.608761 0.000000 
-0.782533 -0.130582 0.608761 0.002366 
-0.763419 -0.215874 0.608761 0.386011 
-0.735037 -0.298546 0.608761 1.258168 
-0.697733 -0.377594 0.608761 2.180724 
-0.651960 -0.452059 0.608761 2.672564 
-0.598273 -0.521036 0.608761 2.329603 
-0.537324 -0.583689 0.608761 1.494686 
-0.469852 -0.639256 0.608761 0.732691 
-0.396677 -0.687064 0.608761 0.231331 
-0.318686 -0.726532 0.608761 0.043506 
-0.236828 -0.757180 0.608761 0.005275 
-0.152094 -0.778638 0.608761 0.002623 
-0.065515 -0.790644 0.608761 0.004304 
0.021860 -0.793052 0.608761 0.110558 
0.108970 -0.785834 0.608761 0.352151 
0.194757 -0.769077 0.608761 0.642462 
0.278179 -0.742984 0.608761 0.889764 
0.358225 -0.707873 0.608761 0.996802 
0.433923 -0.664169 0.608761 1.142368 
0.504354 -0.612403 0.608761 1.486086 
0.568662 -0.553203 0.608761 1.954783 
0.626067 -0.487288 0.608761 2.289716 
0.675873 -0.415458 0.608761 2.031511 
0.717475 -0.338585 0.608761 1.315563 
0.750367 -0.257601 0.608761 0.530668 
0.774151 -0.173491 0.608761 0.049892 
0.843391 0.000000 0.537300 0.000000 
0.838921 0.086718 0.537300 0.000000 
0.825559 0.172517 0.537300 0.006903 
0.803445 0.256488 0.537300 0.372625 
0.772814 0.337739 0.537300 1.307087 
0.733991 0.415411 0.537300 2.467475 
0.687388 0.488679 0.537300 3.250170 
0.633498 0.556767 0.537300 3.189143 
0.572893 0.618953 0.537300 2.588161 
0.506216 0.674578 0.537300 2.038213 
0.434172 0.723052 0.537300 1.746124 
0.357526 0.763862 0.537300 1.533004 
0.277090 0.796574 0.537300 1.234907 
0.193717 0.820843 0.537300 0.791975 
0.108290 0.836410 0.537300 0.368459 
0.021716 0.843112 0.537300 0.230149 
-0.065089 0.840876 0.537300 0.640803 
-0.151204 0.829727 0.537300 1.213728 
-0.235716 0.809782 0.537300 1.451061 
-0.317729 0.781254 0.537300 1.191255 
-0.396374 0.744444 0.537300 0.907040 
-0.470818 0.699742 0.537300 1.025877 
-0.540271 0.647624 0.537300 1.368086 
-0.603997 0.588640 0.537300 1.627696 
-0.661320 0.523417 0.537300 1.648833 
-0.711633 0.452645 0.537300 1.361489 
-0.754403 0.377075 0.537300 0.894043 
-0.789176 0.297508 0.537300 0.423140 
-0.815583 0.214787 0.537300 0.082353 
-0.833345 0.129790 0.537300 0.000053 
-0.842273 0.043417 0.537300 0.000000 
-0.842273 -0.043417 0.537300 0.000000 
-0.833345 -0.129790 0.537300 0.000221 
-0.815583 -0.214787 0.537300 0.183605 
-0.789176 -0.297508 0.537300 0.639453 
-0.754403 -0.377075 0.537300 1.146163 
-0.711633 -0.452645 0.537300 1.472244 
-0.661320 -0.523417 0.537300 1.362661 
-0.603997 -0.588640 0.537300 0.909023 
-0.540271 -0.647624 0.537300 0.503918 
-0.470818 -0.699742 0.537300 0.190254 
-0.396374 -0.744444 0.537300 0.043246 
-0.317729 -0.781254 0.537300 0.003971 
-0.235716 -0.809782 0.537300 0.000000 
-0.151204 -0.829727 0.537300 0.000000 
-0.065089 -0.840876 0.537300 0.000416 
0.021716 -0.843112 0.537300 0.034916 
0.108290 -0.836410 0.537300 0.118515 
0.193717 -0.820843 0.537300 0.226348 
0.277090 -0.796574 0.537300 0.325724 
0.357526 -0.763862 0.537300 0.361550 
0.434172 -0.723052 0.537300 0.379378 
0.506216 -0.674578 0.537300 0.474346 
0.572893 -0.618953 0.537300 0.673951 
0.633498 -0.556767 0.537300 0.971743 
0.687388 -0.488679 0.537300 1.177452 
0.733991 -0.415411 0.537300 1.024758 
0.772814 -0.337739 0.537300 0.648400 
0.803445 -0.256488 0.537300 0.255407 
0.825559 -0.172517 0.537300 0.019652 
0.887011 0.000000 0.461749 0.000000 
0.882740 0.086942 0.461749 0.000000 
0.869967 0.173047 0.461749 0.001008 
0.848816 0.257486 0.461749 0.221737 
0.819491 0.339444 0.461749 0.909708 
0.782274 0.418134 0.461749 1.864707 
0.737523 0.492797 0.461749 2.641159 
0.685669 0.562714 0.461749 2.790455 
0.627211 0.627211 0.461749 2.412138 
0.562714 0.685669 0.461749 1.907261 
0.492797 0.737523 0.461749 1.558671 
0.418134 0.782274 0.461749 1.339912 
0.339444 0.819491 0.461749 1.107912 
0.257486 0.848816 0.461749 0.849564 
0.173047 0.869967 0.461749 0.540872 
0.086942 0.882740 0.461749 0.274104 
0.000000 0.887011 0.461749 0.374341 
-0.086942 0.882740 0.461749 1.111722 
-0.173047 0.869967 0.461749 1.940281 
-0.257486 0.848816 0.461749 2.210822 
-0.339444 0.819491 0.461749 1.632234 
-0.418134 0.782274 0.461749 0.992942 
-0.492797 0.737523 0.461749 0.785966 
-0.562714 0.685669 0.461749 0.966612 
-0.627211 0.627211 0.461749 1.177276 
-0.685669 0.562714 0.461749 1.220574 
-0.737523 0.492797 0.461749 1.054564 
-0.782274 0.418134 0.461749 0.738047 
-0.819491 0.339444 0.461749 0.397699 
-0.848816 0.257486 0.461749 0.118214 
-0.869967 0.173047 0.461749 0.002017 
-0.882740 0.086942 0.461749 0.000000 
-0.887011 0.000000 0.461749 0.000000 
-0.882740 -0.086942 0.461749 0.000000 
-0.869967 -0.173047 0.461749 0.006776 
-0.848816 -0.257486 0.461749 0.130506 
-0.819491 -0.339444 0.461749 0.300048 
-0.782274 -0.418134 0.461749 0.447203 
-0.737523 -0.492797 0.461749 0.480457 
-0.685669 -0.562714 0.461749 0.329551 
-0.627211 -0.627211 0.461749 0.188473 
-0.562714 -0.685669 0.461749 0.077555 
-0.492797 -0.737523 0.461749 0.017326 
-0.418134 -0.782274 0.461749 0.002187 
-0.339444 -0.819491 0.461749 0.000000 
-0.257486 -0.848816 0.461749 0.000000 
-0.173047 -0.869967 0.461749 0.000000 
-0.086942 -0.882740 0.461749 0.000000 
-0.000000 -0.887011 0.461749 0.002028 
0.086942 -0.882740 0.461749 0.008887 
0.173047 -0.869967 0.461749 0.019069 
0.257486 -0.848816 0.461749 0.030539 
0.339444 -0.819491 0.461749 0.038324 
0.418134 -0.782274 0.461749 0.042168 
0.492797 -0.737523 0.461749 0.046007 
0.562714 -0.685669 0.461749 0.070412 
0.627211 -0.627211 0.461749 0.143633 
0.685669 -0.562714 0.461749 0.260277 
0.737523 -0.492797 0.461749 0.358478 
0.782274 -0.418134 0.461749 0.316171 
0.819491 -0.339444 0.461749 0.195748 
0.848816 -0.257486 0.461749 0.074689 
0.869967 -0.173047 0.461749 0.004033 
0.923880 0.000000 0.382683 0.000000 
0.919820 0.086513 0.382683 0.000000 
0.907677 0.172267 0.382683 0.000000 
0.887557 0.256506 0.382683 0.099976 
0.859638 0.338491 0.382683 0.480425 
0.824164 0.417501 0.382683 1.070074 
0.781447 0.492843 0.382683 1.627425 
0.731863 0.563853 0.382683 1.845077 
0.675847 0.629908 0.382683 1.677222 
0.613892 0.690428 0.382683 1.404097 
0.546541 0.744880 0.382683 1.200796 
0.474388 0.792786 0.382683 1.063484 
0.398066 0.833725 0.382683 0.893132 
0.318246 0.867337 0.382683 0.705635 
0.235629 0.893327 0.382683 0.551214 
0.150941 0.911466 0.382683 0.383604 
0.064927 0.921595 0.382683 0.231225 
-0.021658 0.923626 0.382683 0.541681 
-0.108053 0.917539 0.382683 1.538945 
-0.193498 0.903389 0.382683 2.512958 
-0.277242 0.881300 0.382683 2.718463 
-0.358550 0.851467 0.382683 1.902442 
-0.436707 0.814150 0.382683 1.004330 
-0.511027 0.769679 0.382683 0.549650 
-0.580855 0.718443 0.382683 0.539458 
-0.645579 0.660894 0.382683 0.657470 
-0.704629 0.597537 0.382683 0.682105 
-0.757487 0.528929 0.382683 0.589471 
-0.803689 0.455673 0.382683 0.425250 
-0.842827 0.378412 0.382683 0.241008 
-0.874559 0.297826 0.382683 0.096552 
-0.898605 0.214622 0.382683 0.014715 
-0.914754 0.129532 0.382683 0.000000 
-0.922864 0.043304 0.382683 0.000000 
-0.922864 -0.043304 0.382683 0.000000 
-0.914754 -0.129532 0.382683 0.000000 
-0.898605 -0.214622 0.382683 0.002466 
-0.874559 -0.297826 0.382683 0.009779 
-0.842827 -0.378412 0.382683 0.016662 
-0.803689 -0.455673 0.382683 0.018061 
-0.757487 -0.528929 0.382683 0.010612 
-0.704629 -0.597537 0.382683 0.000274 
-0.645579 -0.660894 0.382683 0.000000 
-0.580855 -0.718443 0.382683 0.000000 
-0.511027 -0.769679 0.382683 0.000000 
-0.436707 -0.814150 0.382683 0.000000 
-0.358550 -0.851467 0.382683 0.000000 
-0.277242 -0.881300 0.382683 0.000000 
-0.193498 -0.903389 0.382683 0.000000 
-0.108053 -0.917539 0.382683 0.000000 
-0.021658 -0.923626 0.382683 0.000000 
0.064927 -0.921595 0.382683 0.000000 
0.150941 -0.911466 0.382683 0.000000 
0.235629 -0.893327 0.382683 0.000000 
0.318246 -0.867337 0.382683 0.000000 
0.398066 -0.833725 0.382683 0.000000 
0.474388 -0.792786 0.382683 0.000000 
0.546541 -0.744880 0.382683 0.000000 
0.613892 -0.690428 0.382683 0.000000 
0.675847 -0.629908 0.382683 0.000243 
0.731863 -0.563853 0.382683 0.003181 
0.781447 -0.492843 0.382683 0.009105 
0.824164 -0.417501 0.382683 0.009984 
0.859638 -0.338491 0.382683 0.006916 
0.887557 -0.256506 0.382683 0.002807 
0.907677 -0.172267 0.382683 0.000176 
0.953717 0.000000 0.300706 0.000000 
0.949766 0.086726 0.300706 0.000000 
0.937944 0.172734 0.300706 0.000000 
0.918351 0.257310 0.300706 0.026930 
0.891147 0.339754 0.300706 0.161616 
0.856560 0.419382 0.300706 0.398042 
0.814874 0.495536 0.300706 0.655554 
0.766437 0.567583 0.300706 0.802630 
0.711648 0.634928 0.300706 0.770377 
0.650963 0.697011 0.300706 0.691918 
0.584883 0.753318 0.300706 0.644438 
0.513957 0.803383 0.300706 0.625158 
0.438772 0.846791 0.300706 0.575023 
0.359951 0.883182 0.300706 0.440580 
0.278148 0.912255 0.300706 0.380726 
0.194039 0.933769 0.300706 0.314670 
0.108323 0.947545 0.300706 0.234553 
0.021710 0.953470 0.300706 0.235725 
-0.065084 0.951494 0.300706 0.809107 
-0.151338 0.941633 0.300706 1.796530 
-0.236338 0.923970 0.300706 2.435714 
-0.319380 0.898650 0.300706 2.212413 
-0.399776 0.865884 0.300706 1.315164 
-0.476858 0.825943 0.300706 0.580957 
-0.549990 0.779158 0.300706 0.257816 
-0.618564 0.725917 0.300706 0.236875 
-0.682012 0.666660 0.300706 0.272020 
-0.739809 0.601879 0.300706 0.245683 
-0.791476 0.532111 0.300706 0.179181 
-0.836584 0.457934 0.300706 0.105260 
-0.874760 0.379962 0.300706 0.047100 
-0.905687 0.298841 0.300706 0.015129 
-0.929110 0.215245 0.300706 0.001621 
-0.944834 0.129864 0.300706 0.000000 
-0.952729 0.043408 0.300706 0.000000 
-0.952729 -0.043408 0.300706 0.000000 
-0.944834 -0.129864 0.300706 0.000000 
-0.929110 -0.215245 0.300706 0.000000 
-0.905687 -0.298841 0.300706 0.000000 
-0.874760 -0.379962 0.300706 0.000000 
-0.836584 -0.457934 0.300706 0.000000 
-0.791476 -0.532111 0.300706 0.000000 
-0.739809 -0.601879 0.300706 0.000000 
-0.682012 -0.666660 0.300706 0.000000 
-0.618564 -0.725917 0.300706 0.000000 
-0.549990 -0.779158 0.300706 0.000000 
-0.476858 -0.825943 0.300706 0.000000 
-0.399776 -0.865884 0.300706 0.000000 
-0.319380 -0.898650 0.300706 0.000000 
-0.236338 -0.923970 0.300706 0.000000 
-0.151338 -0.941633 0.300706 0.000000 
-0.065084 -0.951494 0.300706 0.000000 
0.021710 -0.953470 0.300706 0.000000 
0.108323 -0.947545 0.300706 0.000000 
0.194039 -0.933769 0.300706 0.000000 
0.278148 -0.912255 0.300706 0.000000 
0.359951 -0.883182 0.300706 0.000000 
0.438772 -0.846791 0.300706 0.000000 
0.513957 -0.803383 0.300706 0.000000 
0.584883 -0.753318 0.300706 0.000000 
0.650963 -0.697011 0.300706 0.000000 
0.711648 -0.634928 0.300706 0.000000 
0.766437 -0.567583 0.300706 0.000000 
0.814874 -0.495536 0.300706 0.000000 
0.856560 -0.419382 0.300706 0.000000 
0.891147 -0.339754 0.300706 0.000000 
0.918351 -0.257310 0.300706 0.000000 
0.937944 -0.172734 0.300706 0.000000 
0.976296 0.000000 0.216440 0.000000 
0.972366 0.087514 0.216440 0.000000 
0.960607 0.174324 0.216440 0.000000 
0.941113 0.259731 0.216440 0.001189 
0.914042 0.343046 0.216440 0.010575 
0.879612 0.423599 0.216440 0.037673 
0.838100 0.500742 0.216440 0.080534 
0.789840 0.573852 0.216440 0.120472 
0.735221 0.642343 0.216440 0.139181 
0.674682 0.705662 0.216440 0.157898 
0.608711 0.763299 0.216440 0.197183 
0.537839 0.814791 0.216440 0.248590 
0.462636 0.859722 0.216440 0.255005 
0.383709 0.897731 0.216440 0.196942 
0.301692 0.928513 0.216440 0.163450 
0.217246 0.951818 0.216440 0.153582 
0.131051 0.967460 0.216440 0.135066 
0.043801 0.975313 0.216440 0.107372 
-0.043801 0.975313 0.216440 0.361114 
-0.131051 0.967460 0.216440 0.984663 
-0.217246 0.951818 0.216440 1.489726 
-0.301692 0.928513 0.216440 1.510583 
-0.383709 0.897731 0.216440 0.988889 
-0.462636 0.859722 0.216440 0.437369 
-0.537839 0.814791 0.216440 0.138684 
-0.608711 0.763299 0.216440 0.045091 
-0.674682 0.705662 0.216440 0.043131 
-0.735221 0.642343 0.216440 0.037748 
-0.789840 0.573852 0.216440 0.021982 
-0.838100 0.500742 0.216440 0.009206 
-0.879612 0.423599 0.216440 0.002432 
-0.914042 0.343046 0.216440 0.000300 
-0.941113 0.259731 0.216440 0.000000 
-0.960607 0.174324 0.216440 0.000000 
-0.972366 0.087514 0.216440 0.000000 
-0.976296 0.000000 0.216440 0.000000 
-0.972366 -0.087514 0.216440 0.000000 
-0.960607 -0.174324 0.216440 0.000000 
-0.941113 -0.259731 0.216440 0.000000 
-0.914042 -0.343046 0.216440 0.000000 
-0.879612 -0.423599 0.216440 0.000000 
-0.838100 -0.500742 0.216440 0.000000 
-0.789840 -0.573852 0.216440 0.000000 
-0.735221 -0.642343 0.216440 0.000000 
-0.674682 -0.705662 0.216440 0.000000 
-0.608711 -0.763299 0.216440 0.000000 
-0.537839 -0.814791 0.216440 0.000000 
-0.462636 -0.859722 0.216440 0.000000 
-0.383709 -0.897731 0.216440 0.000000 
-0.301692 -0.928513 0.216440 0.000000 
-0.217246 -0.951818 0.216440 0.000000 
-0.131051 -0.967460 0.216440 0.000000 
-0.043801 -0.975313 0.216440 0.000000 
0.043801 -0.975313 0.216440 0.000000 
0.131051 -0.967460 0.216440 0.000000 
0.217246 -0.951818 0.216440 0.000000 
0.301692 -0.928513 0.216440 0.000000 
0.383709 -0.897731 0.216440 0.000000 
0.462636 -0.859722 0.216440 0.000000 
0.537839 -0.814791 0.216440 0.000000 
0.608711 -0.763299 0.216440 0.000000 
0.674682 -0.705662 0.216440 0.000000 
0.735221 -0.642343 0.216440 0.000000 
0.789840 -0.573852 0.216440 0.000000 
0.838100 -0.500742 0.216440 0.000000 
0.879612 -0.423599 0.216440 0.000000 
0.914042 -0.343046 0.216440 0.000000 
0.941113 -0.259731 0.216440 0.000000 
0.960607 -0.174324 0.216440 0.000000 
0.991445 0.000000 0.130526 0.000000 
0.987565 0.087624 0.130526 0.000000 
0.975956 0.174562 0.130526 0.000000 
0.956710 0.260134 0.130526 0.000000 
0.929975 0.343670 0.130526 0.000000 
0.895962 0.424517 0.130526 0.000000 
0.854937 0.502041 0.130526 0.000000 
0.807221 0.575636 0.130526 0.000000 
0.753188 0.644725 0.130526 0.000143 
0.693260 0.708769 0.130526 0.002346 
0.627906 0.767266 0.130526 0.012637 
0.557637 0.819758 0.130526 0.026942 
0.483005 0.865834 0.130526 0.034506 
0.404592 0.905134 0.130526 0.029695 
0.323013 0.937350 0.130526 0.025782 
0.238906 0.962230 0.130526 0.034296 
0.152929 0.979579 0.130526 0.037061 
0.065756 0.989262 0.130526 0.029522 
-0.021933 0.991202 0.130526 0.100314 
-0.109450 0.985385 0.130526 0.328512 
-0.196110 0.971856 0.130526 0.545105 
-0.281235 0.950721 0.130526 0.587614 
-0.364159 0.922145 0.130526 0.406781 
-0.444234 0.886352 0.130526 0.181239 
-0.520831 0.843622 0.130526 0.053022 
-0.593352 0.794290 0.130526 0.008382 
-0.661230 0.738741 0.130526 0.000000 
-0.723932 0.677410 0.130526 0.000000 
-0.780969 0.610778 0.130526 0.000000 
-0.831894 0.539366 0.130526 0.000000 
-0.876308 0.463733 0.130526 0.000000 
-0.913863 0.384470 0.130526 0.000000 
-0.944266 0.302198 0.130526 0.000000 
-0.967280 0.217561 0.130526 0.000000 
-0.982723 0.131222 0.130526 0.000000 
-0.990474 0.043855 0.130526 0.000000 
-0.990474 -0.043855 0.130526 0.000000 
-0.982723 -0.131222 0.130526 0.000000 
-0.967280 -0.217561 0.130526 0.000000 
-0.944266 -0.302198 0.130526 0.000000 
-0.913863 -0.384470 0.130526 0.000000 
-0.876308 -0.463733 0.130526 0.000000 
-0.831894 -0.539366 0.130526 0.000000 
-0.780969 -0.610778 0.130526 0.000000 
-0.723932 -0.677410 0.130526 0.000000 
-0.661230 -0.738741 0.130526 0.000000 
-0.593352 -0.794290 0.130526 0.000000 
-0.520831 -0.843622 0.130526 0.000000 
-0.444234 -0.886352 0.130526 0.000000 
-0.364159 -0.922145 0.130526 0.000000 
-0.281235 -0.950721 0.130526 0.000000 
-0.196110 -0.971856 0.130526 0.000000 
-0.109450 -0.985385 0.130526 0.000000 
-0.021933 -0.991202 0.130526 0.000000 
0.065756 -0.989262 0.130526 0.000000 
0.152929 -0.979579 0.130526 0.000000 
0.238906 -0.962230 0.130526 0.000000 
0.323013 -0.937350 0.130526 0.000000 
0.404592 -0.905134 0.130526 0.000000 
0.483005 -0.865834 0.130526 0.000000 
0.557637 -0.819758 0.130526 0.000000 
0.627906 -0.767266 0.130526 0.000000 
0.693260 -0.708769 0.130526 0.000000 
0.753188 -0.644725 0.130526 0.000000 
0.807221 -0.575636 0.130526 0.000000 
0.854937 -0.502041 0.130526 0.000000 
0.895962 -0.424517 0.130526 0.000000 
0.929975 -0.343670 0.130526 0.000000 
0.956710 -0.260134 0.130526 0.000000 
0.975956 -0.174562 0.130526 0.000000 
0.999048 0.000000 0.043619 0.000000 
0.995247 0.087073 0.043619 0.000000 
0.983870 0.173483 0.043619 0.000000 
0.965006 0.258573 0.043619 0.000000 
0.938798 0.341695 0.043619 0.000000 
0.905445 0.422216 0.043619 0.000000 
0.865201 0.499524 0.043619 0.000000 
0.818372 0.573031 0.043619 0.000000 
0.765315 0.642176 0.043619 0.000000 
0.706434 0.706434 0.043619 0.000000 
0.642176 0.765315 0.043619 0.000000 
0.573031 0.818372 0.043619 0.000000 
0.499524 0.865201 0.043619 0.000000 
0.422216 0.905445 0.043619 0.000000 
0.341695 0.938798 0.043619 0.000000 
0.258573 0.965006 0.043619 0.001660 
0.173483 0.983870 0.043619 0.002492 
0.087073 0.995247 0.043619 0.002365 
0.000000 0.999048 0.043619 0.005403 
-0.087073 0.995247 0.043619 0.014940 
-0.173483 0.983870 0.043619 0.021241 
-0.258573 0.965006 0.043619 0.019402 
-0.341695 0.938798 0.043619 0.009271 
-0.422216 0.905445 0.043619 0.001473 
-0.499524 0.865201 0.043619 0.000000 
-0.573031 0.818372 0.043619 0.000000 
-0.642176 0.765315 0.043619 0.000000 
-0.706434 0.706434 0.043619 0.000000 
-0.765315 0.642176 0.043619 0.000000 
-0.818372 0.573031 0.043619 0.000000 
-0.865201 0.499524 0.043619 0.000000 
-0.905445 0.422216 0.043619 0.000000 
-0.938798 0.341695 0.043619 0.000000 
-0.965006 0.258573 0.043619 0.000000 
-0.983870 0.173483 0.043619 0.000000 
-0.995247 0.087073 0.043619 0.000000 
-0.999048 0.000000 0.043619 0.000000 
-0.995247 -0.087073 0.043619 0.000000 
-0.983870 -0.173483 0.043619 0.000000 
-0.965006 -0.258573 0.043619 0.000000 
-0.938798 -0.341695 0.043619 0.000000 
-0.905445 -0.422216 0.043619 0.000000 
-0.865201 -0.499524 0.043619 0.000000 
-0.818372 -0.573031 0.043619 0.000000 
-0.765315 -0.642176 0.043619 0.000000 
-0.706434 -0.706434 0.043619 0.000000 
-0.642176 -0.765315 0.043619 0.000000 
-0.573031 -0.818372 0.043619 0.000000 
-0.499524 -0.865201 0.043619 0.000000 
-0.422216 -0.905445 0.043619 0.000000 
-0.341695 -0.938798 0.043619 0.000000 
-0.258573 -0.965006 0.043619 0.000000 
-0.173483 -0.983870 0.043619 0.000000 
-0.087073 -0.995247 0.043619 0.000000 
-0.000000 -0.999048 0.043619 0.000000 
0.087073 -0.995247 0.043619 0.000000 
0.173483 -0.983870 0.043619 0.000000 
0.258573 -0.965006 0.043619 0.000000 
0.341695 -0.938798 0.043619 0.000000 
0.422216 -0.905445 0.043619 0.000000 
0.499524 -0.865201 0.043619 0.000000 
0.573031 -0.818372 0.043619 0.000000 
0.642176 -0.765315 0.043619 0.000000 
0.706434 -0.706434 0.043619 0.000000 
0.765315 -0.642176 0.043619 0.000000 
0.818372 -0.573031 0.043619 0.000000 
0.865201 -0.499524 0.043619 0.000000 
0.905445 -0.422216 0.043619 0.000000 
0.938798 -0.341695 0.043619 0.000000 
0.965006 -0.258573 0.043619 0.000000 
0.983870 -0.173483 0.043619 0.000000 
0.999048 0.000000 -0.043619 0.000000 
0.995247 0.087073 -0.043619 0.000000 
0.983870 0.173483 -0.043619 0.000000 
0.965006 0.258573 -0.043619 0.000000 
0.938798 0.341695 -0.043619 0.000000 
0.905445 0.422216 -0.043619 0.000000 
0.865201 0.499524 -0.043619 0.000000 
0.818372 0.573031 -0.043619 0.000000 
0.765315 0.642176 -0.043619 0.000000 
0.706434 0.706434 -0.043619 0.000000 
0.642176 0.765315 -0.043619 0.000000 
0.573031 0.818372 -0.043619 0.000000 
0.499524 0.865201 -0.043619 0.000024 
0.422216 0.905445 -0.043619 0.000528 
0.341695 0.938798 -0.043619 0.000792 
0.258573 0.965006 -0.043619 0.000755 
0.173483 0.983870 -0.043619 0.000439 
0.087073 0.995247 -0.043619 0.000000 
0.000000 0.999048 -0.043619 0.000000 
-0.087073 0.995247 -0.043619 0.000000 
-0.173483 0.983870 -0.043619 0.000000 
-0.258573 0.965006 -0.043619 0.000000 
-0.341695 0.938798 -0.043619 0.000000 
-0.422216 0.905445 -0.043619 0.000000 
-0.499524 0.865201 -0.043619 0.000000 
-0.573031 0.818372 -0.043619 0.000000 
-0.642176 0.765315 -0.043619 0.000000 
-0.706434 0.706434 -0.043619 0.000000 
-0.765315 0.642176 -0.043619 0.000000 
-0.818372 0.573031 -0.043619 0.000000 
-0.865201 0.499524 -0.043619 0.000000 
-0.905445 0.422216 -0.043619 0.000000 
-0.938798 0.341695 -0.043619 0.000000 
-0.965006 0.258573 -0.043619 0.000000 
-0.983870 0.173483 -0.043619 0.000000 
-0.995247 0.087073 -0.043619 0.000000 
-0.999048 0.000000 -0.043619 0.000000 
-0.995247 -0.087073 -0.043619 0.000000 
-0.983870 -0.173483 -0.043619 0.000000 
-0.965006 -0.258573 -0.043619 0.000000 
-0.938798 -0.341695 -0.043619 0.000000 
-0.905445 -0.422216 -0.043619 0.000000 
-0.865201 -0.499524 -0.043619 0.000000 
-0.818372 -0.573031 -0.043619 0.000000 
-0.765315 -0.642176 -0.043619 0.000000 
-0.706434 -0.706434 -0.043619 0.000000 
-0.642176 -0.765315 -0.043619 0.000000 
-0.573031 -0.818372 -0.043619 0.000000 
-0.499524 -0.865201 -0.043619 0.000000 
-0.422216 -0.905445 -0.043619 0.000000 
-0.341695 -0.938798 -0.043619 0.000000 
-0.258573 -0.965006 -0.043619 0.000000 
-0.173483 -0.983870 -0.043619 0.000000 
-0.087073 -0.995247 -0.043619 0.000000 
-0.000000 -0.999048 -0.043619 0.000000 
0.087073 -0.995247 -0.043619 0.000000 
0.173483 -0.983870 -0.043619 0.000000 
0.258573 -0.965006 -0.043619 0.000000 
0.341695 -0.938798 -0.043619 0.000000 
0.422216 -0.905445 -0.043619 0.000000 
0.499524 -0.865201 -0.043619 0.000000 
0.573031 -0.818372 -0.043619 0.000000 
0.642176 -0.765315 -0.043619 0.000000 
0.706434 -0.706434 -0.043619 0.000000 
0.765315 -0.642176 -0.043619 0.000000 
0.818372 -0.573031 -0.043619 0.000000 
0.865201 -0.499524 -0.043619 0.000000 
0.905445 -0.422216 -0.043619 0.000000 
0.938798 -0.341695 -0.043619 0.000000 
0.965006 -0.258573 -0.043619 0.000000 
0.983870 -0.173483 -0.043619 0.000000 
0.991445 0.000000 -0.130526 0.000000 
0.987565 0.087624 -0.130526 0.000000 
0.975956 0.174562 -0.130526 0.000000 
0.956710 0.260134 -0.130526 0.000000 
0.929975 0.343670 -0.130526 0.000000 
0.895962 0.424517 -0.130526 0.000000 
0.854937 0.502041 -0.130526 0.000000 
0.807221 0.575636 -0.130526 0.000000 
0.753188 0.644725 -0.130526 0.000000 
0.693260 0.708769 -0.130526 0.000310 
0.627906 0.767266 -0.130526 0.007890 
0.557637 0.819758 -0.130526 0.022536 
0.483005 0.865834 -0.130526 0.049768 
0.404592 0.905134 -0.130526 0.090305 
0.323013 0.937350 -0.130526 0.118449 
0.238906 0.962230 -0.130526 0.105998 
0.152929 0.979579 -0.130526 0.064382 
0.065756 0.989262 -0.130526 0.019218 
-0.021933 0.991202 -0.130526 0.000246 
-0.109450 0.985385 -0.130526 0.000000 
-0.196110 0.971856 -0.130526 0.010527 
-0.281235 0.950721 -0.130526 0.050035 
-0.364159 0.922145 -0.130526 0.091446 
-0.444234 0.886352 -0.130526 0.108457 
-0.520831 0.843622 -0.130526 0.088082 
-0.593352 0.794290 -0.130526 0.046294 
-0.661230 0.738741 -0.130526 0.018018 
-0.723932 0.677410 -0.130526 0.006045 
-0.780969 0.610778 -0.130526 0.001153 
-0.831894 0.539366 -0.130526 0.000051 
-0.876308 0.463733 -0.130526 0.000000 
-0.913863 0.384470 -0.130526 0.000000 
-0.944266 0.302198 -0.130526 0.000000 
-0.967280 0.217561 -0.130526 0.000000 
-0.982723 0.131222 -0.130526 0.000000 
-0.990474 0.043855 -0.130526 0.000000 
-0.990474 -0.043855 -0.130526 0.000000 
-0.982723 -0.131222 -0.130526 0.000000 
-0.967280 -0.217561 -0.130526 0.000000 
-0.944266 -0.302198 -0.130526 0.000000 
-0.913863 -0.384470 -0.130526 0.000000 
-0.876308 -0.463733 -0.130526 0.000000 
-0.831894 -0.539366 -0.130526 0.000000 
-0.780969 -0.610778 -0.130526 0.000000 
-0.723932 -0.677410 -0.130526 0.000000 
-0.661230 -0.738741 -0.130526 0.000000 
-0.593352 -0.794290 -0.130526 0.000000 
-0.520831 -0.843622 -0.130526 0.000000 
-0.444234 -0.886352 -0.130526 0.000000 
-0.364159 -0.922145 -0.130526 0.000000 
-0.281235 -0.950721 -0.130526 0.000000 
-0.196110 -0.971856 -0.130526 0.000000 
-0.109450 -0.985385 -0.130526 0.000000 
-0.021933 -0.991202 -0.130526 0.000000 
0.065756 -0.989262 -0.130526 0.000000 
0.152929 -0.979579 -0.130526 0.000000 
0.238906 -0.962230 -0.130526 0.000000 
0.323013 -0.937350 -0.130526 0.000000 
0.404592 -0.905134 -0.130526 0.000000 
0.483005 -0.865834 -0.130526 0.000000 
0.557637 -0.819758 -0.130526 0.000000 
0.627906 -0.767266 -0.130526 0.000000 
0.693260 -0.708769 -0.130526 0.000000 
0.753188 -0.644725 -0.130526 0.000000 
0.807221 -0.575636 -0.130526 0.000000 
0.854937 -0.502041 -0.130526 0.000000 
0.895962 -0.424517 -0.130526 0.000000 
0.929975 -0.343670 -0.130526 0.000000 
0.956710 -0.260134 -0.130526 0.000000 
0.975956 -0.174562 -0.130526 0.000000 
0.976296 0.000000 -0.216440 0.000000 
0.972366 0.087514 -0.216440 0.000000 
0.960607 0.174324 -0.216440 0.000000 
0.941113 0.259731 -0.216440 0.000000 
0.914042 0.343046 -0.216440 0.000000 
0.879612 0.423599 -0.216440 0.000000 
0.838100 0.500742 -0.216440 0.000000 
0.789840 0.573852 -0.216440 0.000292 
0.735221 0.642343 -0.216440 0.008151 
0.674682 0.705662 -0.216440 0.033042 
0.608711 0.763299 -0.216440 0.098780 
0.537839 0.814791 -0.216440 0.181593 
0.462636 0.859722 -0.216440 0.294806 
0.383709 0.897731 -0.216440 0.423955 
0.301692 0.928513 -0.216440 0.491457 
0.217246 0.951818 -0.216440 0.411622 
0.131051 0.967460 -0.216440 0.232184 
0.043801 0.975313 -0.216440 0.063971 
-0.043801 0.975313 -0.216440 0.000000 
-0.131051 0.967460 -0.216440 0.007681 
-0.217246 0.951818 -0.216440 0.095804 
-0.301692 0.928513 -0.216440 0.290323 
-0.383709 0.897731 -0.216440 0.466765 
-0.462636 0.859722 -0.216440 0.543812 
-0.537839 0.814791 -0.216440 0.483796 
-0.608711 0.763299 -0.216440 0.367344 
-0.674682 0.705662 -0.216440 0.269186 
-0.735221 0.642343 -0.216440 0.171288 
-0.789840 0.573852 -0.216440 0.081190 
-0.838100 0.500742 -0.216440 0.026298 
-0.879612 0.423599 -0.216440 0.002691 
-0.914042 0.343046 -0.216440 0.000000 
-0.941113 0.259731 -0.216440 0.000000 
-0.960607 0.174324 -0.216440 0.000000 
-0.972366 0.087514 -0.216440 0.000000 
-0.976296 0.000000 -0.216440 0.000000 
-0.972366 -0.087514 -0.216440 0.000000 
-0.960607 -0.174324 -0.216440 0.000000 
-0.941113 -0.259731 -0.216440 0.000000 
-0.914042 -0.343046 -0.216440 0.000000 
-0.879612 -0.423599 -0.216440 0.000000 
-0.838100 -0.500742 -0.216440 0.000000 
-0.789840 -0.573852 -0.216440 0.000000 
-0.735221 -0.642343 -0.216440 0.000000 
-0.674682 -0.705662 -0.216440 0.000000 
-0.608711 -0.763299 -0.216440 0.000000 
-0.537839 -0.814791 -0.216440 0.000000 
-0.462636 -0.859722 -0.216440 0.000000 
-0.383709 -0.897731 -0.216440 0.000000 
-0.301692 -0.928513 -0.216440 0.000000 
-0.217246 -0.951818 -0.216440 0.000000 
-0.131051 -0.967460 -0.216440 0.000000 
-0.043801 -0.975313 -0.216440 0.000000 
0.043801 -0.975313 -0.216440 0.000000 
0.131051 -0.967460 -0.216440 0.000000 
0.217246 -0.951818 -0.216440 0.000000 
0.301692 -0.928513 -0.216440 0.000000 
0.383709 -0.897731 -0.216440 0.000000 
0.462636 -0.859722 -0.216440 0.000000 
0.537839 -0.814791 -0.216440 0.000000 
0.608711 -0.763299 -0.216440 0.000000 
0.674682 -0.705662 -0.216440 0.000000 
0.735221 -0.642343 -0.216440 0.000000 
0.789840 -0.573852 -0.216440 0.000000 
0.838100 -0.500742 -0.216440 0.000000 
0.879612 -0.423599 -0.216440 0.000000 
0.914042 -0.343046 -0.216440 0.000000 
0.941113 -0.259731 -0.216440 0.000000 
0.960607 -0.174324 -0.216440 0.000000 
0.953717 0.000000 -0.300706 0.000000 
0.949766 0.086726 -0.300706 0.000000 
0.937944 0.172734 -0.300706 0.000000 
0.918351 0.257310 -0.300706 0.000000 
0.891147 0.339754 -0.300706 0.000000 
0.856560 0.419382 -0.300706 0.000000 
0.814874 0.495536 -0.300706 0.000000 
0.766437 0.567583 -0.300706 0.004509 
0.711648 0.634928 -0.300706 0.043630 
0.650963 0.697011 -0.300706 0.166254 
0.584883 0.753318 -0.300706 0.382517 
0.513957 0.803383 -0.300706 0.611351 
0.438772 0.846791 -0.300706 0.846662 
0.359951 0.883182 -0.300706 1.038813 
0.278148 0.912255 -0.300706 1.012780 
0.194039 0.933769 -0.300706 0.755904 
0.108323 0.947545 -0.300706 0.364641 
0.021710 0.953470 -0.300706 0.066074 
-0.065084 0.951494 -0.300706 0.002448 
-0.151338 0.941633 -0.300706 0.071743 
-0.236338 0.923970 -0.300706 0.315653 
-0.319380 0.898650 -0.300706 0.726845 
-0.399776 0.865884 -0.300706 1.058106 
-0.476858 0.825943 -0.300706 1.198433 
-0.549990 0.779158 -0.300706 1.128123 
-0.618564 0.725917 -0.300706 0.928560 
-0.682012 0.666660 -0.300706 0.694670 
-0.739809 0.601879 -0.300706 0.407802 
-0.791476 0.532111 -0.300706 0.169545 
-0.836584 0.457934 -0.300706 0.037535 
-0.874760 0.379962 -0.300706 0.000431 
-0.905687 0.298841 -0.300706 0.000000 
-0.929110 0.215245 -0.300706 0.000000 
-0.944834 0.129864 -0.300706 0.000000 
-0.952729 0.043408 -0.300706 0.000000 
-0.952729 -0.043408 -0.300706 0.000000 
-0.944834 -0.129864 -0.300706 0.000000 
-0.929110 -0.215245 -0.300706 0.000000 
-0.905687 -0.298841 -0.300706 0.000000 
-0.874760 -0.379962 -0.300706 0.000000 
-0.836584 -0.457934 -0.300706 0.000000 
-0.791476 -0.532111 -0.300706 0.000000 
-0.739809 -0.601879 -0.300706 0.000000 
-0.682012 -0.666660 -0.300706 0.000000 
-0.618564 -0.725917 -0.300706 0.000000 
-0.549990 -0.779158 -0.300706 0.000000 
-0.476858 -0.825943 -0.300706 0.000000 
-0.399776 -0.865884 -0.300706 0.000000 
-0.319380 -0.898650 -0.300706 0.000000 
-0.236338 -0.923970 -0.300706 0.000000 
-0.151338 -0.941633 -0.300706 0.000000 
-0.065084 -0.951494 -0.300706 0.000000 
0.021710 -0.953470 -0.300706 0.000000 
0.108323 -0.947545 -0.300706 0.000000 
0.194039 -0.933769 -0.300706 0.000000 
0.278148 -0.912255 -0.300706 0.000000 
0.359951 -0.883182 -0.300706 0.000000 
0.438772 -0.846791 -0.300706 0.000000 
0.513957 -0.803383 -0.300706 0.000000 
0.584883 -0.753318 -0.300706 0.000000 
0.650963 -0.697011 -0.300706 0.000000 
0.711648 -0.634928 -0.300706 0.000000 
0.766437 -0.567583 -0.300706 0.000000 
0.814874 -0.495536 -0.300706 0.000000 
0.856560 -0.419382 -0.300706 0.000000 
0.891147 -0.339754 -0.300706 0.000000 
0.918351 -0.257310 -0.300706 0.000000 
0.937944 -0.172734 -0.300706 0.000000 
0.923880 0.000000 -0.382683 0.000000 
0.919820 0.086513 -0.382683 0.000000 
0.907677 0.172267 -0.382683 0.000000 
0.887557 0.256506 -0.382683 0.000000 
0.859638 0.338491 -0.382683 0.000000 
0.824164 0.417501 -0.382683 0.000000 
0.781447 0.492843 -0.382683 0.000000 
0.731863 0.563853 -0.382683 0.020861 
0.675847 0.629908 -0.382683 0.147017 
0.613892 0.690428 -0.382683 0.442866 
0.546541 0.744880 -0.382683 0.820083 
0.474388 0.792786 -0.382683 1.186191 
0.398066 0.833725 -0.382683 1.484629 
0.318246 0.867337 -0.382683 1.609170 
0.235629 0.893327 -0.382683 1.346920 
0.150941 0.911466 -0.382683 0.835928 
0.064927 0.921595 -0.382683 0.292469 
-0.021658 0.923626 -0.382683 0.009991 
-0.108053 0.917539 -0.382683 0.059364 
-0.193498 0.903389 -0.382683 0.299118 
-0.277242 0.881300 -0.382683 0.821602 
-0.358550 0.851467 -0.382683 1.387178 
-0.436707 0.814150 -0.382683 1.776834 
-0.511027 0.769679 -0.382683 1.886368 
-0.580855 0.718443 -0.382683 1.689745 
-0.645579 0.660894 -0.382683 1.271721 
-0.704629 0.597537 -0.382683 0.769791 
-0.757487 0.528929 -0.382683 0.326582 
-0.803689 0.455673 -0.382683 0.072381 
-0.842827 0.378412 -0.382683 0.000700 
-0.874559 0.297826 -0.382683 0.000000 
-0.898605 0.214622 -0.382683 0.000000 
-0.914754 0.129532 -0.382683 0.000000 
-0.922864 0.043304 -0.382683 0.000000 
-0.922864 -0.043304 -0.382683 0.000000 
-0.914754 -0.129532 -0.382683 0.000000 
-0.898605 -0.214622 -0.382683 0.000000 
-0.874559 -0.297826 -0.382683 0.000000 
-0.842827 -0.378412 -0.382683 0.000000 
-0.803689 -0.455673 -0.382683 0.000000 
-0.757487 -0.528929 -0.382683 0.000000 
-0.704629 -0.597537 -0.382683 0.000000 
-0.645579 -0.660894 -0.382683 0.000000 
-0.580855 -0.718443 -0.382683 0.000000 
-0.511027 -0.769679 -0.382683 0.000000 
-0.436707 -0.814150 -0.382683 0.000000 
-0.358550 -0.851467 -0.382683 0.000000 
-0.277242 -0.881300 -0.382683 0.000000 
-0.193498 -0.903389 -0.382683 0.000000 
-0.108053 -0.917539 -0.382683 0.000000 
-0.021658 -0.923626 -0.382683 0.000000 
0.064927 -0.921595 -0.382683 0.000000 
0.150941 -0.911466 -0.382683 0.000000 
0.235629 -0.893327 -0.382683 0.000000 
0.318246 -0.867337 -0.382683 0.000000 
0.398066 -0.833725 -0.382683 0.000000 
0.474388 -0.792786 -0.382683 0.000000 
0.546541 -0.744880 -0.382683 0.000000 
0.613892 -0.690428 -0.382683 0.000000 
0.675847 -0.629908 -0.382683 0.000000 
0.731863 -0.563853 -0.382683 0.000000 
0.781447 -0.492843 -0.382683 0.000000 
0.824164 -0.417501 -0.382683 0.000000 
0.859638 -0.338491 -0.382683 0.000000 
0.887557 -0.256506 -0.382683 0.000000 
0.907677 -0.172267 -0.382683 0.000000 
0.887011 0.000000 -0.461749 0.000000 
0.882740 0.086942 -0.461749 0.000000 
0.869967 0.173047 -0.461749 0.000000 
0.848816 0.257486 -0.461749 0.000000 
0.819491 0.339444 -0.461749 0.000000 
0.782274 0.418134 -0.461749 0.000000 
0.737523 0.492797 -0.461749 0.002368 
0.685669 0.562714 -0.461749 0.074432 
0.627211 0.627211 -0.461749 0.328900 
0.562714 0.685669 -0.461749 0.778611 
0.492797 0.737523 -0.461749 1.263830 
0.418134 0.782274 -0.461749 1.675605 
0.339444 0.819491 -0.461749 1.886197 
0.257486 0.848816 -0.461749 1.660190 
0.173047 0.869967 -0.461749 1.125630 
0.086942 0.882740 -0.461749 0.474290 
0.000000 0.887011 -0.461749 0.048413 
-0.086942 0.882740 -0.461749 0.059092 
-0.173047 0.869967 -0.461749 0.320373 
-0.257486 0.848816 -0.461749 0.851760 
-0.339444 0.819491 -0.461749 1.519634 
-0.418134 0.782274 -0.461749 2.046547 
-0.492797 0.737523 -0.461749 2.249039 
-0.562714 0.685669 -0.461749 2.014458 
-0.627211 0.627211 -0.461749 1.431974 
-0.685669 0.562714 -0.461749 0.768648 
-0.737523 0.492797 -0.461749 0.253482 
-0.782274 0.418134 -0.461749 0.022933 
-0.819491 0.339444 -0.461749 0.000000 
-0.848816 0.257486 -0.461749 0.000000 
-0.869967 0.173047 -0.461749 0.000000 
-0.882740 0.086942 -0.461749 0.000000 
-0.887011 0.000000 -0.461749 0.000000 
-0.882740 -0.086942 -0.461749 0.000000 
-0.869967 -0.173047 -0.461749 0.000000 
-0.848816 -0.257486 -0.461749 0.000000 
-0.819491 -0.339444 -0.461749 0.000000 
-0.782274 -0.418134 -0.461749 0.000000 
-0.737523 -0.492797 -0.461749 0.000000 
-0.685669 -0.562714 -0.461749 0.004080 
-0.627211 -0.627211 -0.461749 0.044050 
-0.562714 -0.685669 -0.461749 0.112575 
-0.492797 -0.737523 -0.461749 0.160865 
-0.418134 -0.782274 -0.461749 0.173143 
-0.339444 -0.819491 -0.461749 0.155314 
-0.257486 -0.848816 -0.461749 0.115440 
-0.173047 -0.869967 -0.461749 0.068574 
-0.086942 -0.882740 -0.461749 0.026850 
-0.000000 -0.887011 -0.461749 0.002045 
0.086942 -0.882740 -0.461749 0.000000 
0.173047 -0.869967 -0.461749 0.000000 
0.257486 -0.848816 -0.461749 0.000000 
0.339444 -0.819491 -0.461749 0.000000 
0.418134 -0.782274 -0.461749 0.000000 
0.492797 -0.737523 -0.461749 0.000000 
0.562714 -0.685669 -0.461749 0.000000 
0.627211 -0.627211 -0.461749 0.000000 
0.685669 -0.562714 -0.461749 0.000000 
0.737523 -0.492797 -0.461749 0.000000 
0.782274 -0.418134 -0.461749 0.000000 
0.819491 -0.339444 -0.461749 0.000000 
0.848816 -0.257486 -0.461749 0.000000 
0.869967 -0.173047 -0.461749 0.000000 
0.843391 0.000000 -0.537300 0.000000 
0.838921 0.086718 -0.537300 0.000000 
0.825559 0.172517 -0.537300 0.000000 
0.803445 0.256488 -0.537300 0.000000 
0.772814 0.337739 -0.537300 0.000000 
0.733991 0.415411 -0.537300 0.000000 
0.687388 0.488679 -0.537300 0.012610 
0.633498 0.556767 -0.537300 0.125535 
0.572893 0.618953 -0.537300 0.479203 
0.506216 0.674578 -0.537300 0.987923 
0.434172 0.723052 -0.537300 1.525036 
0.357526 0.763862 -0.537300 1.885730 
0.277090 0.796574 -0.537300 1.778581 
0.193717 0.820843 -0.537300 1.277326 
0.108290 0.836410 -0.537300 0.612907 
0.021716 0.843112 -0.537300 0.108313 
-0.065089 0.840876 -0.537300 0.032708 
-0.151204 0.829727 -0.537300 0.241393 
-0.235716 0.809782 -0.537300 0.677757 
-0.317729 0.781254 -0.537300 1.278225 
-0.396374 0.744444 -0.537300 1.803712 
-0.470818 0.699742 -0.537300 1.976078 
-0.540271 0.647624 -0.537300 1.698296 
-0.603997 0.588640 -0.537300 1.117689 
-0.661320 0.523417 -0.537300 0.495140 
-0.711633 0.452645 -0.537300 0.101521 
-0.754403 0.377075 -0.537300 0.000416 
-0.789176 0.297508 -0.537300 0.000000 
-0.815583 0.214787 -0.537300 0.000000 
-0.833345 0.129790 -0.537300 0.000000 
-0.842273 0.043417 -0.537300 0.000000 
-0.842273 -0.043417 -0.537300 0.000000 
-0.833345 -0.129790 -0.537300 0.000000 
-0.815583 -0.214787 -0.537300 0.000000 
-0.789176 -0.297508 -0.537300 0.000000 
-0.754403 -0.377075 -0.537300 0.000000 
-0.711633 -0.452645 -0.537300 0.000206 
-0.661320 -0.523417 -0.537300 0.030449 
-0.603997 -0.588640 -0.537300 0.165213 
-0.540271 -0.647624 -0.537300 0.472471 
-0.470818 -0.699742 -0.537300 0.892320 
-0.396374 -0.744444 -0.537300 1.233110 
-0.317729 -0.781254 -0.537300 1.330835 
-0.235716 -0.809782 -0.537300 1.016364 
-0.151204 -0.829727 -0.537300 0.577353 
-0.065089 -0.840876 -0.537300 0.205283 
0.021716 -0.843112 -0.537300 0.004799 
0.108290 -0.836410 -0.537300 0.000000 
0.193717 -0.820843 -0.537300 0.000000 
0.277090 -0.796574 -0.537300 0.000000 
0.357526 -0.763862 -0.537300 0.000000 
0.434172 -0.723052 -0.537300 0.000000 
0.506216 -0.674578 -0.537300 0.000000 
0.572893 -0.618953 -0.537300 0.000000 
0.633498 -0.556767 -0.537300 0.000000 
0.687388 -0.488679 -0.537300 0.000000 
0.733991 -0.415411 -0.537300 0.000000 
0.772814 -0.337739 -0.537300 0.000000 
0.803445 -0.256488 -0.537300 0.000000 
0.825559 -0.172517 -0.537300 0.000000 
0.793353 0.000000 -0.608761 0.000000 
0.788538 0.087275 -0.608761 0.000000 
0.774151 0.173491 -0.608761 0.000000 
0.750367 0.257601 -0.608761 0.000000 
0.717475 0.338585 -0.608761 0.000000 
0.675873 0.415458 -0.608761 0.000000 
0.626067 0.487288 -0.608761 0.023888 
0.568662 0.553203 -0.608761 0.203968 
0.504354 0.612403 -0.608761 0.589577 
0.433923 0.664169 -0.608761 1.128694 
0.358225 0.707873 -0.608761 1.587403 
0.278179 0.742984 -0.608761 1.615206 
0.194757 0.769077 -0.608761 1.186627 
0.108970 0.785834 -0.608761 0.562000 
0.021860 0.793052 -0.608761 0.099184 
-0.065515 0.790644 -0.608761 0.027642 
-0.152094 0.778638 -0.608761 0.191283 
-0.236828 0.757180 -0.608761 0.538372 
-0.318686 0.726532 -0.608761 0.976942 
-0.396677 0.687064 -0.608761 1.316735 
-0.469852 0.639256 -0.608761 1.291885 
-0.537324 0.583689 -0.608761 0.918025 
-0.598273 0.521036 -0.608761 0.437715 
-0.651960 0.452059 -0.608761 0.087662 
-0.697733 0.377594 -0.608761 0.000090 
-0.735037 0.298546 -0.608761 0.000000 
-0.763419 0.215874 -0.608761 0.000000 
-0.782533 0.130582 -0.608761 0.000000 
-0.792149 0.043704 -0.608761 0.000000 
-0.792149 -0.043704 -0.608761 0.000000 
-0.782533 -0.130582 -0.608761 0.000000 
-0.763419 -0.215874 -0.608761 0.000000 
-0.735037 -0.298546 -0.608761 0.000000 
-0.697733 -0.377594 -0.608761 0.000000 
-0.651960 -0.452059 -0.608761 0.021907 
-0.598273 -0.521036 -0.608761 0.173240 
-0.537324 -0.583689 -0.608761 0.604522 
-0.469852 -0.639256 -0.608761 1.381084 
-0.396677 -0.687064 -0.608761 2.300645 
-0.318686 -0.726532 -0.608761 2.932401 
-0.236828 -0.757180 -0.608761 2.519700 
-0.152094 -0.778638 -0.608761 1.526259 
-0.065515 -0.790644 -0.608761 0.549120 
0.021860 -0.793052 -0.608761 0.010681 
0.108970 -0.785834 -0.608761 0.000000 
0.194757 -0.769077 -0.608761 0.000000 
0.278179 -0.742984 -0.608761 0.000000 
0.358225 -0.707873 -0.608761 0.000000 
0.433923 -0.664169 -0.608761 0.000000 
0.504354 -0.612403 -0.608761 0.000000 
0.568662 -0.553203 -0.608761 0.000000 
0.626067 -0.487288 -0.608761 0.000000 
0.675873 -0.415458 -0.608761 0.000000 
0.717475 -0.338585 -0.608761 0.000000 
0.750367 -0.257601 -0.608761 0.000000 
0.774151 -0.173491 -0.608761 0.000000 
0.737277 0.000000 -0.675590 0.000000 
0.732102 0.087200 -0.675590 0.000000 
0.716650 0.173176 -0.675590 0.000000 
0.691138 0.256721 -0.675590 0.000000 
0.655924 0.336662 -0.675590 0.000000 
0.611502 0.411878 -0.675590 0.000000 
0.558496 0.481311 -0.675590 0.037949 
0.497650 0.543988 -0.675590 0.253745 
0.429818 0.599028 -0.675590 0.664162 
0.355952 0.645660 -0.675590 1.097952 
0.277089 0.683227 -0.675590 1.228473 
0.194337 0.711204 -0.675590 0.937227 
0.108856 0.729197 -0.675590 0.435013 
0.021848 0.736954 -0.675590 0.077791 
-0.065467 0.734365 -0.675590 0.014103 
-0.151863 0.721468 -0.675590 0.106856 
-0.236128 0.698442 -0.675590 0.311850 
-0.317077 0.665612 -0.675590 0.537587 
-0.393576 0.623439 -0.675590 0.663706 
-0.464549 0.572513 -0.675590 0.542046 
-0.529002 0.513551 -0.675590 0.273608 
-0.586028 0.447380 -0.675590 0.048336 
-0.634828 0.374928 -0.675590 0.000000 
-0.674716 0.297214 -0.675590 0.000000 
-0.705133 0.215327 -0.675590 0.000000 
-0.725651 0.130417 -0.675590 0.000000 
-0.735982 0.043677 -0.675590 0.000000 
-0.735982 -0.043677 -0.675590 0.000000 
-0.725651 -0.130417 -0.675590 0.000000 
-0.705133 -0.215327 -0.675590 0.000000 
-0.674716 -0.297214 -0.675590 0.000000 
-0.634828 -0.374928 -0.675590 0.000000 
-0.586028 -0.447380 -0.675590 0.057432 
-0.529002 -0.513551 -0.675590 0.437783 
-0.464549 -0.572513 -0.675590 1.287623 
-0.393576 -0.623439 -0.675590 2.509601 
-0.317077 -0.665612 -0.675590 3.598799 
-0.236128 -0.698442 -0.675590 3.401233 
-0.151863 -0.721468 -0.675590 2.205240 
-0.065467 -0.734365 -0.675590 0.815169 
0.021848 -0.736954 -0.675590 0.013999 
0.108856 -0.729197 -0.675590 0.000000 
0.194337 -0.711204 -0.675590 0.000000 
0.277089 -0.683227 -0.675590 0.000000 
0.355952 -0.645660 -0.675590 0.000000 
0.429818 -0.599028 -0.675590 0.000000 
0.497650 -0.543988 -0.675590 0.000000 
0.558496 -0.481311 -0.675590 0.000000 
0.611502 -0.411878 -0.675590 0.000000 
0.655924 -0.336662 -0.675590 0.000000 
0.691138 -0.256721 -0.675590 0.000000 
0.716650 -0.173176 -0.675590 0.000000 
0.675590 0.000000 -0.737277 0.000000 
0.670044 0.086393 -0.737277 0.000000 
0.653495 0.171367 -0.737277 0.000000 
0.626216 0.253527 -0.737277 0.000000 
0.588654 0.331524 -0.737277 0.000000 
0.541427 0.404078 -0.737277 0.000000 
0.485310 0.469996 -0.737277 0.042258 
0.421224 0.528198 -0.737277 0.253914 
0.350221 0.577726 -0.737277 0.568269 
0.273468 0.617768 -0.737277 0.738465 
0.192224 0.647667 -0.737277 0.607918 
0.107824 0.666930 -0.737277 0.282756 
0.021654 0.675243 -0.737277 0.052858 
-0.064872 0.672468 -0.737277 0.003274 
-0.150333 0.658652 -0.737277 0.035278 
-0.233325 0.634020 -0.737277 0.111679 
-0.312486 0.598978 -0.737277 0.179215 
-0.386516 0.554100 -0.737277 0.176296 
-0.454200 0.500125 -0.737277 0.094842 
-0.514425 0.437937 -0.737277 0.012625 
-0.566204 0.368558 -0.737277 0.000000 
-0.608686 0.293128 -0.737277 0.000000 
-0.641173 0.212884 -0.737277 0.000000 
-0.663132 0.129145 -0.737277 0.000000 
-0.674202 0.043285 -0.737277 0.000000 
-0.674202 -0.043285 -0.737277 0.000000 
-0.663132 -0.129145 -0.737277 0.000000 
-0.641173 -0.212884 -0.737277 0.000000 
-0.608686 -0.293128 -0.737277 0.000000 
-0.566204 -0.368558 -0.737277 0.000000 
-0.514425 -0.437937 -0.737277 0.054670 
-0.454200 -0.500125 -0.737277 0.601686 
-0.386516 -0.554100 -0.737277 1.701843 
-0.312486 -0.598978 -0.737277 2.876944 
-0.233325 -0.634020 -0.737277 3.031829 
-0.150333 -0.658652 -0.737277 2.108861 
-0.064872 -0.672468 -0.737277 0.804696 
0.021654 -0.675243 -0.737277 0.012785 
0.107824 -0.666930 -0.737277 0.000000 
0.192224 -0.647667 -0.737277 0.000000 
0.273468 -0.617768 -0.737277 0.000000 
0.350221 -0.577726 -0.737277 0.000000 
0.421224 -0.528198 -0.737277 0.000000 
0.485310 -0.469996 -0.737277 0.000000 
0.541427 -0.404078 -0.737277 0.000000 
0.588654 -0.331524 -0.737277 0.000000 
0.626216 -0.253527 -0.737277 0.000000 
0.653495 -0.171367 -0.737277 0.000000 
0.608761 0.000000 -0.793353 0.000000 
0.602565 0.086636 -0.793353 0.000000 
0.584102 0.171508 -0.793353 0.000000 
0.553749 0.252889 -0.793353 0.000000 
0.512123 0.329121 -0.793353 0.000000 
0.460071 0.398654 -0.793353 0.000000 
0.398654 0.460071 -0.793353 0.036370 
0.329121 0.512123 -0.793353 0.172771 
0.252889 0.553749 -0.793353 0.291788 
0.171508 0.584102 -0.793353 0.255767 
0.086636 0.602565 -0.793353 0.103399 
0.000000 0.608761 -0.793353 0.014846 
-0.086636 0.602565 -0.793353 0.000636 
-0.171508 0.584102 -0.793353 0.007629 
-0.252889 0.553749 -0.793353 0.020424 
-0.329121 0.512123 -0.793353 0.020819 
-0.398654 0.460071 -0.793353 0.005183 
-0.460071 0.398654 -0.793353 0.000000 
-0.512123 0.329121 -0.793353 0.000000 
-0.553749 0.252889 -0.793353 0.000000 
-0.584102 0.171508 -0.793353 0.000000 
-0.602565 0.086636 -0.793353 0.000000 
-0.608761 0.000000 -0.793353 0.000000 
-0.602565 -0.086636 -0.793353 0.000000 
-0.584102 -0.171508 -0.793353 0.000000 
-0.553749 -0.252889 -0.793353 0.000000 
-0.512123 -0.329121 -0.793353 0.000000 
-0.460071 -0.398654 -0.793353 0.000000 
-0.398654 -0.460071 -0.793353 0.201467 
-0.329121 -0.512123 -0.793353 0.967182 
-0.252889 -0.553749 -0.793353 1.612255 
-0.171508 -0.584102 -0.793353 1.485328 
-0.086636 -0.602565 -0.793353 0.732591 
-0.000000 -0.608761 -0.793353 0.065582 
0.086636 -0.602565 -0.793353 0.000000 
0.171508 -0.584102 -0.793353 0.000000 
0.252889 -0.553749 -0.793353 0.000000 
0.329121 -0.512123 -0.793353 0.000000 
0.398654 -0.460071 -0.793353 0.000000 
0.460071 -0.398654 -0.793353 0.000000 
0.512123 -0.329121 -0.793353 0.000000 
0.553749 -0.252889 -0.793353 0.000000 
0.584102 -0.171508 -0.793353 0.000000 
0.537300 0.000000 -0.843391 0.000000 
0.530342 0.086189 -0.843391 0.000000 
0.509648 0.170146 -0.843391 0.000000 
0.475755 0.249696 -0.843391 0.000000 
0.429540 0.322779 -0.843391 0.000000 
0.372201 0.387502 -0.843391 0.000000 
0.305221 0.442189 -0.843391 0.009967 
0.230336 0.485424 -0.843391 0.050015 
0.149486 0.516086 -0.843391 0.056034 
0.064764 0.533382 -0.843391 0.023160 
-0.021635 0.536864 -0.843391 0.000866 
-0.107474 0.526441 -0.843391 0.000000 
-0.190529 0.502384 -0.843391 0.000279 
-0.268650 0.465315 -0.843391 0.000000 
-0.339813 0.416195 -0.843391 0.000000 
-0.402175 0.356296 -0.843391 0.000000 
-0.454120 0.287168 -0.843391 0.000000 
-0.494305 0.210604 -0.843391 0.000000 
-0.521687 0.128584 -0.843391 0.000000 
-0.535557 0.043235 -0.843391 0.000000 
-0.535557 -0.043235 -0.843391 0.000000 
-0.521687 -0.128584 -0.843391 0.000000 
-0.494305 -0.210604 -0.843391 0.000000 
-0.454120 -0.287168 -0.843391 0.000000 
-0.402175 -0.356296 -0.843391 0.000000 
-0.339813 -0.416195 -0.843391 0.000067 
-0.268650 -0.465315 -0.843391 0.196572 
-0.190529 -0.502384 -0.843391 0.427253 
-0.107474 -0.526441 -0.843391 0.329440 
-0.021635 -0.536864 -0.843391 0.064369 
0.064764 -0.533382 -0.843391 0.000000 
0.149486 -0.516086 -0.843391 0.000000 
0.230336 -0.485424 -0.843391 0.000000 
0.305221 -0.442189 -0.843391 0.000000 
0.372201 -0.387502 -0.843391 0.000000 
0.429540 -0.322779 -0.843391 0.000000 
0.475755 -0.249696 -0.843391 0.000000 
0.509648 -0.170146 -0.843391 0.000000 
0.461749 0.000000 -0.887011 0.000000 
0.453404 0.087386 -0.887011 0.000000 
0.428673 0.171615 -0.887011 0.000000 
0.388448 0.249640 -0.887011 0.000000 
0.334183 0.318643 -0.887011 0.000000 
0.267840 0.376129 -0.887011 0.000000 
0.191817 0.420021 -0.887011 0.000000 
0.108861 0.448733 -0.887011 0.002023 
0.021971 0.461226 -0.887011 0.000612 
-0.065714 0.457049 -0.887011 0.000000 
-0.151023 0.436353 -0.887011 0.000000 
-0.230874 0.399886 -0.887011 0.000000 
-0.302381 0.348966 -0.887011 0.000000 
-0.362959 0.285434 -0.887011 0.000000 
-0.410419 0.211585 -0.887011 0.000000 
-0.443045 0.130090 -0.887011 0.000000 
-0.459658 0.043892 -0.887011 0.000000 
-0.459658 -0.043892 -0.887011 0.000000 
-0.443045 -0.130090 -0.887011 0.000000 
-0.410419 -0.211585 -0.887011 0.000000 
-0.362959 -0.285434 -0.887011 0.000000 
-0.302381 -0.348966 -0.887011 0.000000 
-0.230874 -0.399886 -0.887011 0.000000 
-0.151023 -0.436353 -0.887011 0.009249 
-0.065714 -0.457049 -0.887011 0.016404 
0.021971 -0.461226 -0.887011 0.000039 
0.108861 -0.448733 -0.887011 0.000000 
0.191817 -0.420021 -0.887011 0.000000 
0.267840 -0.376129 -0.887011 0.000000 
0.334183 -0.318643 -0.887011 0.000000 
0.388448 -0.249640 -0.887011 0.000000 
0.428673 -0.171615 -0.887011 0.000000 
0.382683 0.000000 -0.923880 0.000000 
0.373089 0.085155 -0.923880 0.000000 
0.344786 0.166040 -0.923880 0.000000 
0.299194 0.238599 -0.923880 0.000000 
0.238599 0.299194 -0.923880 0.000000 
0.166040 0.344786 -0.923880 0.000000 
0.085155 0.373089 -0.923880 0.000000 
0.000000 0.382683 -0.923880 0.000000 
-0.085155 0.373089 -0.923880 0.000000 
-0.166040 0.344786 -0.923880 0.000000 
-0.238599 0.299194 -0.923880 0.000000 
-0.299194 0.238599 -0.923880 0.000000 
-0.344786 0.166040 -0.923880 0.000000 
-0.373089 0.085155 -0.923880 0.000000 
-0.382683 0.000000 -0.923880 0.000000 
-0.373089 -0.085155 -0.923880 0.000000 
-0.344786 -0.166040 -0.923880 0.000000 
-0.299194 -0.238599 -0.923880 0.000000 
-0.238599 -0.299194 -0.923880 0.000000 
-0.166040 -0.344786 -0.923880 0.000000 
-0.085155 -0.373089 -0.923880 0.000000 
-0.000000 -0.382683 -0.923880 0.000000 
0.085155 -0.373089 -0.923880 0.000000 
0.166040 -0.344786 -0.923880 0.000000 
0.238599 -0.299194 -0.923880 0.000000 
0.299194 -0.238599 -0.923880 0.000000 
0.344786 -0.166040 -0.923880 0.000000 
0.300706 0.000000 -0.953717 0.000000 
0.288525 0.084719 -0.953717 0.000000 
0.252970 0.162574 -0.953717 0.000000 
0.196920 0.227258 -0.953717 0.000000 
0.124918 0.273532 -0.953717 0.000000 
0.042795 0.297645 -0.953717 0.000000 
-0.042795 0.297645 -0.953717 0.000000 
-0.124918 0.273532 -0.953717 0.000000 
-0.196920 0.227258 -0.953717 0.000000 
-0.252970 0.162574 -0.953717 0.000000 
-0.288525 0.084719 -0.953717 0.000000 
-0.300706 0.000000 -0.953717 0.000000 
-0.288525 -0.084719 -0.953717 0.000000 
-0.252970 -0.162574 -0.953717 0.000000 
-0.196920 -0.227258 -0.953717 0.000000 
-0.124918 -0.273532 -0.953717 0.000000 
-0.042795 -0.297645 -0.953717 0.000000 
0.042795 -0.297645 -0.953717 0.000000 
0.124918 -0.273532 -0.953717 0.000000 
0.196920 -0.227258 -0.953717 0.000000 
0.252970 -0.162574 -0.953717 0.000000 
0.216440 0.000000 -0.976296 0.000000 
0.199964 0.082828 -0.976296 0.000000 
0.153046 0.153046 -0.976296 0.000000 
0.082828 0.199964 -0.976296 0.000000 
0.000000 0.216440 -0.976296 0.000000 
-0.082828 0.199964 -0.976296 0.000000 
-0.153046 0.153046 -0.976296 0.000000 
-0.199964 0.082828 -0.976296 0.000000 
-0.216440 0.000000 -0.976296 0.000000 
-0.199964 -0.082828 -0.976296 0.000000 
-0.153046 -0.153046 -0.976296 0.000000 
-0.082828 -0.199964 -0.976296 0.000000 
-0.000000 -0.216440 -0.976296 0.000000 
0.082828 -0.199964 -0.976296 0.000000 
0.153046 -0.153046 -0.976296 0.000000 
0.130526 0.000000 -0.991445 0.000000 
0.099989 0.083901 -0.991445 0.000000 
0.022666 0.128543 -0.991445 0.000000 
-0.065263 0.113039 -0.991445 0.000000 
-0.122654 0.044643 -0.991445 0.000000 
-0.122654 -0.044643 -0.991445 0.000000 
-0.065263 -0.113039 -0.991445 0.000000 
0.022666 -0.128543 -0.991445 0.000000 
