240
207
181
224
228
212
183
211
189
198
182
187
252
198
185
261
192
282
207
189
202
199
193
233
290
214
182
188
179
168
246
297
199
160
191
193
237
190
190
203
218
218
199
191
194
229
211
223
186
207
234
301
178
281
188
193
168
216
204
185
166
173
226
238
188
301
182
177
215
225
248
176
207
242
214
268
175
182
287
220
223
219
223
167
231
253
213
224
184
188
212
167
165
256
169
219
164
208
158
223
238
178
301
216
227
187
162
301
213
165
174
191
197
180
165
158
214
185
233
200
300
193
236
176
190
172
165
199
168
173
248
189
217
229
258
210
228
233
189
232
300
191
230
183
196
235
232
210
301
217
253
293
196
191
191
228
229
201
178
191
239
197
172
192
178
186
197
223
177
209
263
165
234
220
183
223
192
164
176
203
210
199
228
206
198
222
190
218
285
247
194
184
207
203
220
195
221
301
220
207
202
199
205
197
215
203
204
193
207
187
212
187
191
210
173
181
169
205
228
194
153
184
234
234
156
197
177
190
222
195
213
214
249
176
197
247
193
195
157
217
176
267
301
198
196
290
217
228
201
269
178
208
175
282
194
192
231
173
217
192
249
209
189
240
205
206
229
205
186
273
194
301
214
301
202
201
180
193
177
222
211
169
301
193
226
209
238
208
201
182
301
242
200
208
190
219
301
189
193
231
217
275
239
207
174
229
205
237
199
182
170
239
233
230
202
173
198
246
199
253
186
301
186
221
191
191
210
206
175
180
211
187
301
176
164
208
183
240
176
185
277
196
169
264
208
188
292
224
194
235
197
255
180
199
186
187
204
199
199
252
246
181
192
223
220
208
185
193
301
166
165
258
195
301
198
194
286
163
256
206
217
208
156
195
189
241
197
186
245
190
188
221
189
187
182
197
186
300
239
217
234
213
254
204
301
210
172
226
225
222
301
298
187
174
198
208
201
183
157
217
207
179
245
237
207
184
245
213
188
214
187
196
257
176
162
216
207
173
268
228
201
207
301
200
186
194
201
183
179
173
173
178
178
217
301
218
186
188
174
233
198
249
195
192
215
181
198
203
204
254
206
301
150
199
182
184
161
195
249
236
189
218
197
176
189
206
178
178
246
213
235
199
186
221
168
212
175
259
216
242
301
210
206
177
285
222
196
173
215
210
226
301
174
249
199
281
245
301
187
219
212
220
231
301
216
190
169
230
179
204
168
160
175
226
221
301
270
248
168
191
190
227
158
158
194
179
271
189
164
237
236
197
181
196
254
253
236
187
204
244
187
231
235
200
200
188
162
206
179
230
156
230
261
194
216
181
175
170
200
209
220
179
219
192
261
237
195
300
229
212
185
174
248
194
205
196
159
223
200
265
179
209
196
260
187
199
204
207
232
193
166
203
238
190
176
175
230
196
174
180
215
244
218
218
192
167
229
199
211
264
198
173
169
205
208
172
186
167
181
222
176
202
198
301
256
264
204
179
