0.600400 -0.377969 0.704741 
0.657160 -0.455101 0.600853 
0.519681 -0.410446 0.749310 
0.586671 -0.453770 0.670753 
0.618656 -0.447177 0.645986 
0.559831 -0.527627 0.638904 
0.740375 -0.364391 0.564857 
0.463188 -0.361856 0.809023 
0.613059 -0.456369 0.644893 
0.463492 -0.487629 0.739860 
0.649385 -0.356041 0.671962 
0.534482 -0.450065 0.715381 
0.448284 -0.409812 0.794415 
0.513143 -0.534518 0.671546 
0.600605 -0.383271 0.701695 
0.540080 -0.518356 0.663039 
0.686827 -0.379343 0.619974 
0.572271 -0.327565 0.751803 
0.543932 -0.541578 0.640961 
0.628082 -0.358621 0.690582 
0.502026 -0.300484 0.810974 
0.515506 -0.286639 0.807522 
0.437294 -0.425828 0.792114 
0.498652 -0.498717 0.708962 
0.492542 -0.368108 0.788606 
0.527849 -0.560352 0.638264 
0.588261 -0.408805 0.697731 
0.535295 -0.425583 0.729615 
0.501679 -0.459778 0.732750 
0.544313 -0.331717 0.770511 
0.742553 -0.355899 0.567407 
0.433721 -0.508356 0.743949 
0.530993 -0.415934 0.738272 
0.510527 -0.453778 0.730375 
0.426088 -0.585119 0.689989 
0.435445 -0.444271 0.782950 
0.559644 -0.413546 0.718177 
0.622640 -0.434762 0.650616 
0.654259 -0.461298 0.599291 
0.534920 -0.304448 0.788145 
0.482194 -0.513225 0.709992 
0.554047 -0.433856 0.710493 
0.614654 -0.512285 0.599804 
0.577910 -0.494321 0.649358 
0.559032 -0.433034 0.707082 
0.527628 -0.288225 0.799084 
0.354940 -0.505133 0.786675 
0.581299 -0.522251 0.623976 
0.614048 -0.515993 0.597241 
0.416573 -0.586144 0.694912 
0.573886 -0.352527 0.739175 
0.713348 -0.355907 0.603709 
0.614865 -0.446815 0.649845 
0.487525 -0.611105 0.623594 
0.430252 -0.427642 0.794988 
0.563107 -0.432599 0.704109 
0.549634 -0.575267 0.605780 
0.542033 -0.391272 0.743712 
0.559303 -0.292360 0.775697 
0.507796 -0.448327 0.735626 
0.524290 -0.532521 0.664485 
0.591634 -0.370027 0.716275 
0.512882 -0.439744 0.737277 
0.651139 -0.425356 0.628562 
0.462295 -0.351458 0.814101 
0.578371 -0.373646 0.725172 
0.478724 -0.588471 0.651556 
0.684660 -0.445987 0.576487 
0.739778 -0.363826 0.566002 
0.437139 -0.436274 0.786495 
0.656955 -0.469615 0.589806 
0.714596 -0.374325 0.590960 
0.486382 -0.552018 0.677281 
0.714248 -0.376804 0.589803 
0.437066 -0.433770 0.787920 
0.699214 -0.365785 0.614248 
0.585219 -0.494125 0.642930 
0.662151 -0.461598 0.590324 
0.565141 -0.361139 0.741751 
0.529143 -0.531250 0.661650 
0.512238 -0.446558 0.733620 
0.665793 -0.356598 0.655406 
0.722411 -0.384615 0.574625 
0.470274 -0.402652 0.785311 
0.592949 -0.427674 0.682281 
0.594678 -0.435641 0.675703 
0.572060 -0.391892 0.720533 
0.439024 -0.589234 0.678278 
0.641069 -0.456105 0.617250 
0.628561 -0.443739 0.638755 
0.430813 -0.586276 0.686062 
0.562202 -0.402775 0.722289 
0.610566 -0.358395 0.706231 
0.497363 -0.500642 0.708510 
0.414195 -0.486457 0.769287 
0.542303 -0.518173 0.661365 
0.567526 -0.450072 0.689456 
0.690980 -0.374476 0.618316 
0.716783 -0.403618 0.568608 
0.441559 -0.459141 0.770854 
0.439858 -0.419665 0.793981 
0.540473 -0.287418 0.790746 
0.693671 -0.422973 0.583022 
0.596942 -0.431462 0.676388 
0.579237 -0.534402 0.615548 
0.676687 -0.362724 0.640723 
0.598060 -0.383024 0.704001 
0.444137 -0.513770 0.734018 
0.552662 -0.383608 0.739871 
0.479703 -0.608207 0.632431 
0.415058 -0.534911 0.735933 
0.513766 -0.316064 0.797589 
0.459446 -0.486771 0.742942 
0.570389 -0.365819 0.735414 
0.543940 -0.517634 0.660443 
0.640786 -0.401779 0.654192 
0.533760 -0.577047 0.618156 
0.517190 -0.403934 0.754554 
0.464430 -0.372580 0.803423 
0.513215 -0.305839 0.801918 
0.449317 -0.567073 0.690320 
0.592579 -0.350861 0.725084 
0.661112 -0.442301 0.606054 
0.622841 -0.453059 0.637814 
0.519710 -0.417425 0.745425 
0.538289 -0.570893 0.619940 
0.554496 -0.532925 0.639159 
0.546112 -0.435795 0.715433 
0.512324 -0.470996 0.718114 
0.438879 -0.421906 0.793335 
0.723530 -0.361761 0.587905 
0.499533 -0.279842 0.819851 
0.530957 -0.327510 0.781551 
0.543565 -0.444049 0.712291 
0.715907 -0.390011 0.579110 
0.516097 -0.403647 0.755456 
0.390012 -0.533165 0.750750 
0.441707 -0.375755 0.814680 
0.626720 -0.364695 0.688636 
0.668690 -0.445610 0.595220 
0.577814 -0.390591 0.716637 
0.499155 -0.291560 0.815989 
0.489436 -0.327299 0.808287 
0.653034 -0.326233 0.683461 
0.453795 -0.486219 0.746767 
0.558367 -0.517688 0.648247 
0.563672 -0.307046 0.766809 
0.569069 -0.507379 0.647091 
0.470256 -0.281518 0.836425 
0.484568 -0.511279 0.709780 
0.510053 -0.454127 0.730490 
0.720841 -0.385796 0.575804 
0.596883 -0.539927 0.593472 
0.670079 -0.416827 0.614207 
0.555815 -0.479224 0.679274 
0.453578 -0.362853 0.814005 
0.478125 -0.572333 0.666206 
0.477328 -0.462759 0.747002 
0.656119 -0.425174 0.623486 
0.620193 -0.510735 0.595407 
0.437816 -0.443870 0.781854 
0.522784 -0.451257 0.723232 
0.609443 -0.358840 0.706975 
0.669717 -0.360859 0.649045 
0.535586 -0.465213 0.704787 
0.569774 -0.431611 0.699335 
0.622905 -0.497773 0.603499 
0.678818 -0.357762 0.641258 
0.630948 -0.399909 0.664814 
0.662279 -0.454446 0.595706 
0.425490 -0.462853 0.777641 
0.662170 -0.417572 0.622225 
0.573534 -0.335218 0.747455 
0.639165 -0.499936 0.584407 
0.644162 -0.341561 0.684391 
0.455969 -0.443096 0.771854 
0.602394 -0.505351 0.617852 
0.665514 -0.367055 0.649894 
0.382211 -0.457557 0.802843 
0.484088 -0.307860 0.819073 
0.561211 -0.301758 0.770704 
0.504036 -0.325585 0.799964 
0.564381 -0.513812 0.646120 
0.437707 -0.422377 0.793732 
0.458000 -0.356734 0.814234 
0.596404 -0.515929 0.614914 
0.559731 -0.370588 0.741192 
0.466656 -0.627045 0.623736 
0.491676 -0.443384 0.749443 
0.486126 -0.352013 0.799855 
0.370166 -0.514660 0.773371 
0.625832 -0.390229 0.675319 
0.435465 -0.567620 0.698697 
0.691801 -0.397256 0.602992 
0.550015 -0.530575 0.644960 
0.631811 -0.364233 0.684214 
0.545970 -0.370819 0.751272 
0.673507 -0.352167 0.649898 
0.372732 -0.572868 0.729996 
0.638245 -0.394678 0.660963 
0.721684 -0.382065 0.577233 
0.614689 -0.421446 0.666739 
0.517724 -0.469671 0.715102 
0.593152 -0.468154 0.654983 
0.450214 -0.368176 0.813483 
0.487502 -0.585646 0.647581 
0.412361 -0.427394 0.804545 
0.449289 -0.471475 0.758849 
0.701831 -0.418835 0.576204 
0.544048 -0.488482 0.682200 
0.400189 -0.529300 0.748124 
0.490345 -0.498604 0.714812 
0.584154 -0.434010 0.685857 
0.532420 -0.285840 0.796758 
0.495250 -0.552454 0.670465 
0.613757 -0.490273 0.618817 
0.484068 -0.275171 0.830638 
0.622540 -0.353613 0.698142 
0.436565 -0.451497 0.778178 
0.371772 -0.508084 0.776940 
0.583615 -0.479015 0.655697 
0.694577 -0.431424 0.575706 
0.619384 -0.364733 0.695222 
0.499677 -0.576851 0.646193 
0.514726 -0.379893 0.768595 
0.623821 -0.348473 0.699581 
0.563197 -0.506560 0.652844 
0.664090 -0.441032 0.603718 
0.567399 -0.388291 0.726147 
0.470117 -0.546460 0.693089 
0.623850 -0.405059 0.668385 
0.461960 -0.514828 0.722181 
0.607563 -0.524874 0.596132 
0.592720 -0.383276 0.708366 
0.647951 -0.465982 0.602512 
0.491302 -0.494363 0.717097 
0.663199 -0.375056 0.647688 
0.461969 -0.459818 0.758388 
0.661025 -0.436055 0.610658 
0.459468 -0.398477 0.793792 
0.685093 -0.363012 0.631562 
0.483664 -0.479753 0.732056 
0.464723 -0.382310 0.798669 
0.564651 -0.467900 0.679881 
0.572044 -0.423382 0.702506 
0.398518 -0.506290 0.764758 
0.688525 -0.409869 0.598281 
0.469437 -0.429423 0.771508 
0.528594 -0.422085 0.736500 
0.634478 -0.423273 0.646744 
0.559235 -0.431311 0.707974 
0.469558 -0.501744 0.726476 
0.519309 -0.517599 0.680007 
0.647074 -0.453641 0.612785 
0.435399 -0.443248 0.783555 
0.500580 -0.437670 0.746903 
0.656318 -0.401061 0.639059 
0.728191 -0.366989 0.578841 
0.561074 -0.322355 0.762419 
0.505953 -0.491790 0.708628 
0.724926 -0.364441 0.584522 
0.543071 -0.486936 0.684081 
0.491832 -0.434140 0.754734 
0.477512 -0.438625 0.761308 
0.548948 -0.521909 0.652891 
0.678607 -0.387316 0.624083 
0.386876 -0.564164 0.729415 
0.515947 -0.518939 0.681543 
0.694049 -0.432241 0.575728 
0.670675 -0.327099 0.665734 
0.590112 -0.472050 0.654932 
0.599212 -0.489227 0.633721 
0.441023 -0.531155 0.723445 
0.523340 -0.447730 0.725019 
0.457050 -0.618715 0.638981 
0.458271 -0.545027 0.702092 
0.547107 -0.343273 0.763438 
0.446964 -0.544720 0.709579 
0.632653 -0.418325 0.651732 
0.604761 -0.397114 0.690337 
0.448415 -0.448434 0.773195 
0.606633 -0.443519 0.659763 
0.449510 -0.452162 0.770384 
0.566252 -0.307724 0.764634 
0.703734 -0.417790 0.574640 
0.461432 -0.460836 0.758097 
0.570332 -0.467168 0.675629 
0.526729 -0.459225 0.715310 
0.657414 -0.453886 0.601493 
0.465590 -0.375168 0.801546 
0.615543 -0.505151 0.604920 
0.647649 -0.431234 0.628163 
0.472558 -0.526660 0.706624 
0.604289 -0.498073 0.621899 
0.581703 -0.420288 0.696405 
0.557592 -0.329272 0.762018 
0.616921 -0.351329 0.704256 
0.595542 -0.344797 0.725565 
0.603109 -0.405679 0.686793 
0.539083 -0.330725 0.774604 
0.383662 -0.510517 0.769530 
0.576381 -0.526685 0.624810 
0.590000 -0.378327 0.713280 
0.577973 -0.328848 0.746865 
0.665281 -0.456441 0.590815 
0.550471 -0.413084 0.725495 
0.484484 -0.561435 0.670869 
0.476905 -0.400454 0.782431 
0.564035 -0.465204 0.682239 
0.530943 -0.327592 0.781526 
0.610664 -0.478931 0.630646 
0.623379 -0.382501 0.681977 
0.503364 -0.548180 0.667925 
0.442746 -0.532434 0.721450 
0.702769 -0.409288 0.581894 
0.506878 -0.450339 0.735030 
0.567010 -0.331662 0.753989 
0.432889 -0.389119 0.813138 
0.535772 -0.309884 0.785443 
0.578038 -0.367356 0.728644 
0.480484 -0.410355 0.775077 
0.553454 -0.443252 0.705136 
0.525837 -0.442561 0.726385 
0.535366 -0.473210 0.699611 
0.583548 -0.480501 0.654669 
0.547508 -0.431873 0.716743 
0.543786 -0.441722 0.713568 
0.578766 -0.387246 0.717683 
0.592344 -0.538574 0.599221 
0.675984 -0.429327 0.598936 
0.532640 -0.451678 0.715739 
0.584136 -0.505488 0.635034 
0.412926 -0.490358 0.767490 
0.451051 -0.362327 0.815642 
0.457596 -0.385953 0.801028 
0.489099 -0.451381 0.746350 
0.666828 -0.411001 0.621626 
0.435776 -0.404271 0.804154 
0.446635 -0.380242 0.809897 
0.520730 -0.455160 0.722268 
0.673802 -0.403247 0.619179 
0.396502 -0.496064 0.772468 
0.369889 -0.509846 0.776685 
0.580282 -0.521113 0.625871 
0.463250 -0.387396 0.797072 
0.665699 -0.369524 0.648303 
0.584972 -0.459403 0.668399 
0.553920 -0.445316 0.703467 
0.543295 -0.392571 0.742104 
0.634916 -0.431403 0.640915 
0.610582 -0.320758 0.724089 
0.594483 -0.435560 0.675927 
0.505999 -0.467038 0.725149 
0.533153 -0.284221 0.796848 
0.509694 -0.354070 0.784121 
0.441559 -0.385556 0.810168 
0.620438 -0.377719 0.687303 
0.545492 -0.503220 0.670230 
0.461774 -0.361467 0.810004 
0.590904 -0.343811 0.729813 
0.565193 -0.460209 0.684664 
0.489998 -0.513310 0.704567 
0.606650 -0.462186 0.646808 
0.609183 -0.391559 0.689621 
0.510981 -0.350673 0.784810 
0.648010 -0.413749 0.639449 
0.620729 -0.402892 0.672587 
0.571845 -0.474022 0.669550 
0.645434 -0.345744 0.681085 
0.693940 -0.344376 0.632339 
0.683449 -0.358944 0.635655 
0.454187 -0.479508 0.750857 
0.691776 -0.339787 0.637174 
0.543152 -0.297392 0.785203 
0.467928 -0.468942 0.749091 
0.397488 -0.576489 0.713907 
0.543143 -0.366375 0.755490 
0.586973 -0.431217 0.685211 
0.652774 -0.482600 0.583938 
0.544264 -0.558146 0.626299 
0.587190 -0.509011 0.629377 
0.418734 -0.477904 0.772185 
0.471264 -0.470308 0.746138 
0.688541 -0.353472 0.633221 
0.465023 -0.365014 0.806547 
0.678920 -0.329961 0.655891 
0.589301 -0.386868 0.709265 
0.668859 -0.380355 0.638715 
0.601110 -0.353542 0.716711 
0.609653 -0.437406 0.661059 
0.494220 -0.540909 0.680562 
0.432213 -0.398307 0.809039 
0.563451 -0.461003 0.685565 
0.557871 -0.315455 0.767638 
0.456253 -0.358997 0.814220 
0.585111 -0.395181 0.708151 
0.428490 -0.472952 0.769878 
0.589591 -0.445124 0.673979 
0.675697 -0.376888 0.633552 
0.559188 -0.385732 0.733839 
0.505037 -0.607494 0.613098 
0.508496 -0.333824 0.793721 
0.649844 -0.445429 0.615870 
0.701028 -0.396326 0.592862 
0.638496 -0.475286 0.605331 
0.513387 -0.479192 0.711905 
0.531901 -0.407799 0.742146 
0.655809 -0.441831 0.612127 
0.688724 -0.380545 0.617126 
0.551669 -0.520366 0.651829 
0.700422 -0.359837 0.616382 
0.715006 -0.371446 0.592279 
0.731411 -0.364912 0.576087 
0.615096 -0.393083 0.683479 
0.691392 -0.348818 0.632695 
0.519485 -0.388053 0.761282 
0.694756 -0.399383 0.598169 
0.552776 -0.293451 0.779952 
0.524843 -0.383370 0.759979 
0.485296 -0.515238 0.706411 
0.575536 -0.377690 0.725333 
0.724848 -0.374627 0.578144 
0.515532 -0.526113 0.676337 
0.536143 -0.463930 0.705209 
0.632963 -0.408920 0.657375 
0.550235 -0.315406 0.773150 
0.547931 -0.373920 0.748302 
0.609593 -0.510427 0.606515 
0.662419 -0.455496 0.594748 
0.474077 -0.285663 0.832855 
0.498594 -0.395255 0.771477 
0.618012 -0.449468 0.645012 
0.655375 -0.483495 0.580273 
0.588558 -0.392681 0.706684 
0.559735 -0.409324 0.720521 
0.528377 -0.555476 0.642078 
0.465749 -0.352676 0.811602 
0.462415 -0.497359 0.734034 
0.649645 -0.459627 0.605561 
0.630552 -0.398854 0.665823 
0.495345 -0.497112 0.712400 
0.671043 -0.365293 0.645184 
0.434637 -0.602465 0.669422 
0.456574 -0.365205 0.811274 
0.518815 -0.517610 0.680375 
0.515859 -0.591097 0.620077 
0.478962 -0.530055 0.699741 
0.531897 -0.433803 0.727255 
0.557648 -0.489487 0.670396 
0.531882 -0.474420 0.701446 
0.587160 -0.388731 0.710022 
0.687963 -0.341003 0.640643 
0.417260 -0.400181 0.815934 
0.645641 -0.423323 0.635567 
