0.020975 0.917375 0.403711 
-0.124778 0.990622 0.280632 
0.046103 0.864118 0.506137 
-0.144948 0.653410 0.957854 
0.059610 0.941372 0.349567 
0.343839 1.117909 -0.048761 
0.099042 0.965079 0.295873 
0.362850 1.123684 -0.063345 
0.039331 0.833059 0.569299 
0.003555 0.668980 0.902972 
0.032086 0.979310 0.278144 
0.005920 0.984871 0.271216 
-0.048024 0.928349 0.392817 
-0.502068 1.000562 0.321135 
0.169449 0.958698 0.297362 
0.232936 0.952944 0.298704 
0.221240 0.933905 0.338628 
0.247080 0.921536 0.359217 
0.013846 0.805189 0.629081 
-0.071200 0.712182 0.828583 
-0.101893 0.952221 0.353725 
-0.151191 0.974066 0.317950 
0.190229 0.987602 0.236265 
0.237019 1.052685 0.098696 
0.264127 0.906042 0.387458 
0.486455 0.761593 0.640597 
0.115464 0.853941 0.515380 
0.122714 0.852877 0.516346 
0.311042 0.879414 0.433173 
0.475548 0.786044 0.593471 
0.362345 0.854417 0.474926 
0.615055 0.731287 0.680594 
0.385373 0.823038 0.533960 
0.435845 0.754260 0.663351 
-0.049602 0.795434 0.658730 
-0.318860 0.754038 0.784552 
0.253217 0.997804 0.205796 
0.402396 1.021966 0.133634 
0.169863 0.830320 0.553887 
0.203866 0.815555 0.577957 
-0.171855 0.952691 0.363979 
-0.387639 0.954141 0.395608 
-0.228201 0.975328 0.327749 
-0.401734 1.045047 0.216168 
0.363079 0.794448 0.594670 
0.300951 0.714773 0.763858 
-0.165037 0.920763 0.426702 
-0.162402 0.908423 0.450946 
-0.298686 0.978707 0.332274 
-0.484768 0.987626 0.344222 
0.065925 0.780518 0.670058 
0.155191 0.738230 0.740297 
0.323693 0.992056 0.206009 
0.506386 0.977155 0.206560 
-0.056787 0.764420 0.721869 
-0.062184 0.741119 0.769304 
-0.011442 1.006991 0.229781 
-0.050399 1.031766 0.186497 
-0.365004 0.993723 0.312872 
-0.433575 1.009249 0.292812 
0.311759 1.024003 0.144066 
0.299417 1.057040 0.080007 
0.429589 0.779660 0.613586 
0.624805 0.736253 0.669107 
0.107265 0.803506 0.617498 
0.110024 0.805040 0.613990 
-0.111229 0.814768 0.629947 
-0.129351 0.820454 0.621483 
-0.021846 1.038950 0.167568 
-0.038714 1.090768 0.066699 
-0.210147 0.899330 0.476760 
-0.282183 0.865102 0.556699 
0.426104 0.748282 0.676857 
0.423944 0.728836 0.716072 
-0.042779 0.732514 0.783398 
-0.007448 0.652035 0.938600 
-0.113289 0.736267 0.787178 
-0.144203 0.737913 0.788836 
0.490161 0.791990 0.579249 
0.526552 0.799398 0.558620 
0.394222 0.987729 0.203371 
0.481598 0.982369 0.200104 
-0.147574 0.710813 0.843540 
-0.197837 0.673497 0.926166 
-0.210644 0.700689 0.873867 
-0.227527 0.697978 0.881986 
0.312880 1.055566 0.080800 
0.315594 1.131957 -0.072319 
-0.271943 0.888037 0.509220 
-0.312439 0.880636 0.530491 
-0.091982 1.040100 0.176493 
-0.172376 1.041417 0.186723 
0.280621 1.085767 0.025598 
0.253502 1.111156 -0.020808 
0.270128 1.117726 -0.036599 
0.263239 1.138705 -0.077430 
0.141831 0.773714 0.671513 
0.143171 0.772558 0.673609 
0.217412 1.075777 0.055679 
0.135062 1.062762 0.094869 
-0.396133 0.967325 0.370615 
-0.411740 0.954089 0.399567 
0.319014 0.772565 0.645458 
0.286160 0.756250 0.683325 
0.369614 0.893289 0.396068 
0.436148 0.909051 0.353918 
-0.214576 1.005499 0.265266 
-0.210559 1.014396 0.246840 
0.148297 1.086508 0.045289 
0.065241 1.099404 0.032804 
-0.248504 1.035409 0.210913 
-0.312518 1.091843 0.108359 
-0.318663 1.043142 0.206683 
-0.341818 1.045694 0.205287 
-0.389141 1.046432 0.211384 
-0.468311 1.050127 0.216666 
-0.166491 0.673189 0.921767 
-0.158418 0.668161 0.930525 
0.495954 0.739426 0.683382 
0.502511 0.738595 0.683995 
0.380405 0.727109 0.726489 
0.366063 0.720465 0.742065 
0.148074 0.741799 0.734302 
0.152986 0.716686 0.783711 
-0.230939 1.064927 0.149105 
-0.219990 1.083327 0.110575 
0.141143 0.710757 0.797456 
0.131486 0.667503 0.885455 
-0.024771 1.070749 0.104479 
-0.027456 1.099942 0.046559 
-0.441642 1.028666 0.255293 
-0.467721 1.019842 0.277103 
0.403746 1.018469 0.140408 
0.404756 1.021731 0.133726 
