-0.848793 0.241102 0.470553 
-0.840686 0.183473 0.509495 
-0.883763 0.216246 0.414971 
-0.846790 0.341853 0.407533 
-0.911764 0.167407 0.375049 
-0.787710 0.350328 0.506738 
-0.931728 0.186038 0.311886 
-0.743093 0.387628 0.545489 
-0.734856 0.334420 0.590042 
-0.817168 0.141217 0.558833 
-0.924412 0.250272 0.287795 
-0.825810 0.406653 0.390732 
-0.737038 0.271223 0.619042 
-0.786780 0.106125 0.608042 
-0.730957 0.448589 0.514266 
-0.880007 0.322063 0.349089 
-0.815955 0.460738 0.349195 
-0.750477 0.152492 0.643063 
-0.845870 0.448626 0.288510 
-0.683501 0.471254 0.557446 
-0.693340 0.315588 0.647831 
-0.843039 0.084149 0.531228 
-0.719359 0.210597 0.661945 
-0.666938 0.378515 0.641811 
-0.908323 0.105566 0.404729 
-0.896229 0.340173 0.284705 
-0.779086 0.517823 0.353390 
-0.785421 0.434549 0.440773 
-0.727389 0.500636 0.469328 
-0.636292 0.480838 0.603264 
-0.947294 0.122999 0.295812 
-0.816807 0.507525 0.274307 
-0.777606 0.278826 0.563547 
-0.874045 0.142032 0.464621 
