0.899104 0.307262 0.311774 
0.914060 0.219720 0.340907 
0.901634 0.176848 0.394691 
0.866634 0.357103 0.348458 
0.925828 0.122820 0.357432 
0.833593 0.415041 0.364506 
0.836995 0.452988 0.306988 
0.845284 0.339850 0.412307 
0.942408 0.259724 0.210739 
0.796423 0.440607 0.414218 
0.958171 0.191113 0.213033 
0.860449 0.448256 0.242270 
0.974146 0.129387 0.185196 
0.885919 0.426791 0.181651 
0.887141 0.130149 0.442767 
0.975603 0.175027 0.132533 
0.942547 0.297551 0.151885 
0.945489 0.069009 0.318258 
0.984938 0.067361 0.159244 
0.884528 0.065623 0.461849 
0.960836 0.017155 0.276585 
0.982064 0.177058 0.064817 
0.858748 0.181382 0.479221 
0.888356 0.444207 0.116204 
0.924773 0.042836 0.378101 
0.867732 0.235246 0.437836 
0.994225 0.037578 0.100519 
0.919999 0.326159 0.217305 
0.961266 0.112343 0.251686 
0.935039 0.340521 0.098728 
0.825959 0.309866 0.470930 
0.896471 0.440275 0.049981 
0.979146 0.014866 0.202611 
0.957325 0.278126 0.078582 
0.990649 0.110774 0.079648 
0.883624 0.387276 0.263109 
0.854063 0.119849 0.506174 
