-0.453042 0.884823 0.108817 
-0.471133 0.864870 0.173300 
-0.390558 0.911773 0.127017 
-0.353674 0.932685 0.070801 
-0.405778 0.913734 -0.020869 
-0.474017 0.847310 0.239528 
-0.290907 0.955414 0.050565 
-0.334897 0.927561 0.165755 
-0.468639 0.882910 -0.029100 
-0.351054 0.934479 -0.059246 
-0.514511 0.850884 0.106181 
-0.242034 0.965314 0.097925 
-0.569870 0.812605 0.122153 
-0.388093 0.914435 -0.114861 
-0.287012 0.955012 -0.074678 
-0.215342 0.963283 0.160357 
-0.524850 0.849497 -0.053735 
-0.582093 0.811201 -0.055861 
-0.372644 0.901953 0.218213 
-0.589995 0.805463 0.055994 
-0.541763 0.840279 0.020595 
-0.603437 0.779013 0.170298 
-0.511628 0.811567 0.282128 
-0.448721 0.884051 -0.130780 
-0.607812 0.786045 -0.112688 
-0.267525 0.953403 -0.139474 
-0.251021 0.967835 -0.016860 
-0.395408 0.875781 0.276877 
-0.379077 0.907322 -0.181842 
-0.245398 0.944412 0.218784 
-0.501280 0.850441 -0.159591 
-0.319687 0.911282 0.259550 
-0.564551 0.772265 0.291357 
-0.648968 0.747070 -0.143970 
-0.644618 0.762094 -0.060667 
-0.307796 0.932226 -0.190303 
-0.553669 0.806102 0.208926 
-0.628489 0.777789 0.006827 
-0.181213 0.957464 0.224555 
