-0.577871 -0.644074 0.501232 
-0.620324 -0.664971 0.415947 
-0.509513 -0.705951 0.491965 
-0.489678 -0.751523 0.442073 
-0.631817 -0.600547 0.490051 
-0.436901 -0.793093 0.424406 
-0.651855 -0.670816 0.353682 
-0.682653 -0.576686 0.448796 
-0.557940 -0.612218 0.560261 
-0.557579 -0.731320 0.392780 
-0.524748 -0.588022 0.615524 
-0.556114 -0.762644 0.330320 
-0.485883 -0.566215 0.665822 
-0.649000 -0.546389 0.529394 
-0.580437 -0.769539 0.266276 
-0.522993 -0.807265 0.273497 
-0.440996 -0.616036 0.652704 
-0.725436 -0.562364 0.396850 
-0.697980 -0.503471 0.509255 
-0.402389 -0.832555 0.380705 
-0.341617 -0.848250 0.404685 
-0.444241 -0.662407 0.603213 
-0.623327 -0.751332 0.216712 
-0.665022 -0.688926 0.288318 
-0.442710 -0.748404 0.493861 
-0.709708 -0.637548 0.299744 
-0.473023 -0.821215 0.319148 
-0.741425 -0.456794 0.491557 
-0.771001 -0.467946 0.431953 
-0.391050 -0.745852 0.539244 
-0.433625 -0.560692 0.705403 
-0.326651 -0.822387 0.465810 
-0.674991 -0.709620 0.202056 
-0.608245 -0.537036 0.584492 
-0.499207 -0.659706 0.561765 
-0.562724 -0.529387 0.634895 
