-0.918802 0.302735 -0.253287 
-0.886246 0.287954 -0.362836 
-0.942215 0.272586 -0.194751 
-0.857964 0.393462 -0.330282 
-0.914166 0.230497 -0.333425 
-0.959877 0.205737 -0.190549 
-0.824969 0.408882 -0.390181 
-0.810992 0.374711 -0.449314 
-0.903460 0.186328 -0.386059 
-0.848451 0.446093 -0.284838 
-0.788341 0.347384 -0.507782 
-0.940707 0.310505 -0.136588 
-0.930496 0.147470 -0.335307 
-0.871520 0.209677 -0.443270 
-0.917019 0.375811 -0.133579 
-0.829850 0.500522 -0.246628 
-0.838992 0.513568 -0.179836 
-0.837339 0.310100 -0.450223 
-0.866096 0.453084 -0.211170 
-0.916659 0.104089 -0.385877 
-0.877852 0.143436 -0.456948 
-0.944056 0.322252 -0.070081 
-0.976368 0.164839 -0.139763 
-0.770944 0.423466 -0.475733 
-0.884265 0.077583 -0.460496 
-0.764265 0.477488 -0.433480 
-0.823893 0.552045 -0.128242 
-0.787363 0.492749 -0.370484 
-0.791772 0.537432 -0.290282 
-0.977880 0.193813 -0.078660 
-0.805542 0.282088 -0.521084 
-0.940100 0.199982 -0.276077 
-0.953315 0.115383 -0.279064 
-0.886019 0.394634 -0.243383 
-0.860137 0.497615 -0.111999 
-0.746914 0.390750 -0.537991 
-0.902580 0.421891 -0.085780 
-0.727137 0.458819 -0.510643 
-0.844847 0.181772 -0.503183 
