0.371304 -0.807870 -0.457689 
0.491854 -0.778044 -0.390803 
0.363984 -0.773670 -0.518605 
0.407834 -0.833381 -0.373024 
0.298405 -0.794086 -0.529510 
0.550725 -0.750718 -0.364863 
0.239950 -0.825439 -0.510955 
0.178613 -0.824759 -0.536535 
0.587303 -0.703460 -0.400275 
0.590594 -0.745440 -0.309059 
0.395838 -0.727566 -0.560321 
0.457524 -0.828245 -0.323547 
0.455660 -0.718637 -0.525294 
0.489863 -0.669044 -0.558940 
0.430029 -0.861727 -0.269261 
0.256982 -0.773551 -0.579291 
0.454244 -0.866763 -0.205873 
0.238956 -0.859922 -0.451036 
0.377132 -0.894487 -0.240134 
0.590677 -0.664687 -0.457485 
0.313163 -0.918216 -0.242506 
0.390784 -0.685758 -0.614023 
0.540668 -0.624139 -0.564029 
0.508264 -0.715731 -0.478954 
0.345089 -0.864007 -0.366612 
0.506390 -0.817146 -0.275394 
0.639749 -0.699538 -0.318384 
0.279388 -0.884640 -0.373302 
0.602684 -0.759824 -0.243800 
0.327981 -0.713369 -0.619301 
0.335680 -0.924655 -0.179814 
0.206709 -0.892614 -0.400639 
0.501520 -0.606874 -0.616589 
0.257824 -0.913271 -0.315377 
0.671353 -0.693754 -0.260750 
