-0.592357 0.743663 -0.317929 
-0.591462 0.745207 -0.316494 
-0.539821 0.769994 -0.357256 
-0.421975 0.829058 -0.445471 
-0.631175 0.739778 -0.258954 
-0.717821 0.731107 -0.127316 
-0.655828 0.645945 -0.397045 
-0.779312 0.473528 -0.516969 
-0.609490 0.785027 -0.209131 
-0.584129 0.837943 -0.150866 
-0.709538 0.616481 -0.361730 
-0.737568 0.601104 -0.343299 
-0.555727 0.830771 -0.213258 
-0.537229 0.846510 -0.214678 
-0.744924 0.616820 -0.300511 
-0.787609 0.617230 -0.226667 
-0.516123 0.757086 -0.422615 
-0.478405 0.736541 -0.526645 
-0.746493 0.566228 -0.395031 
-0.755565 0.553892 -0.403206 
-0.763537 0.523214 -0.448504 
-0.778143 0.486353 -0.494327 
-0.603657 0.671408 -0.437415 
-0.590353 0.677902 -0.447709 
-0.604903 0.637897 -0.499668 
-0.605421 0.623966 -0.525548 
-0.467575 0.806917 -0.409967 
-0.448178 0.826826 -0.404913 
-0.652380 0.587729 -0.514799 
-0.670427 0.568659 -0.520551 
-0.678158 0.724209 -0.208455 
-0.681694 0.723037 -0.204654 
-0.485026 0.751848 -0.485904 
-0.423501 0.741483 -0.611122 
-0.722145 0.713272 -0.154181 
-0.743447 0.707976 -0.127898 
-0.485855 0.718625 -0.548319 
-0.486547 0.690881 -0.600440 
-0.786485 0.609314 -0.243799 
-0.805990 0.605792 -0.217183 
-0.798237 0.632982 -0.178211 
-0.802700 0.641971 -0.153303 
-0.683509 0.687965 -0.268934 
-0.684057 0.684247 -0.275137 
-0.776518 0.681651 -0.121875 
-0.777079 0.681324 -0.121542 
-0.558645 0.652297 -0.551174 
-0.557541 0.652641 -0.552402 
-0.515614 0.881440 -0.184560 
-0.496755 0.905262 -0.171067 
-0.430618 0.760399 -0.562596 
-0.411327 0.774988 -0.567583 
-0.460577 0.915902 -0.212546 
-0.453341 0.920432 -0.216225 
-0.478247 0.872571 -0.265557 
-0.483113 0.860637 -0.280157 
-0.732077 0.669702 -0.220896 
-0.734786 0.668683 -0.218216 
-0.540099 0.709298 -0.473398 
-0.541192 0.708453 -0.473149 
-0.681352 0.539580 -0.557722 
-0.682354 0.537915 -0.559207 
-0.789159 0.557190 -0.339372 
-0.794549 0.556048 -0.332339 
-0.684018 0.592371 -0.451732 
-0.684660 0.592465 -0.450451 
-0.441345 0.854069 -0.364265 
-0.434906 0.865644 -0.353045 
-0.742761 0.507506 -0.514243 
-0.741626 0.506648 -0.517834 
-0.653589 0.773924 -0.154984 
-0.655674 0.773400 -0.152424 
-0.434015 0.804444 -0.472157 
-0.432629 0.804342 -0.474727 
-0.523732 0.812514 -0.303097 
-0.522638 0.815403 -0.299417 
-0.589131 0.833423 -0.150991 
-0.590522 0.833533 -0.148398 
-0.514020 0.664179 -0.604722 
-0.510749 0.665050 -0.608646 
