-0.680339 -0.716578 0.169280 
-0.631822 -0.808319 0.043902 
-0.695274 -0.660428 0.292284 
-0.680829 -0.622120 0.453426 
-0.749654 -0.638081 0.189397 
-0.752062 -0.636153 0.187683 
-0.795264 -0.604910 0.146743 
-0.801902 -0.600082 0.140535 
-0.631481 -0.767676 0.167899 
-0.528634 -0.875237 0.164992 
-0.649078 -0.772034 0.099551 
-0.672645 -0.777870 0.008022 
-0.839971 -0.552890 0.163926 
-0.861284 -0.528090 0.172118 
-0.725817 -0.614232 0.336250 
-0.772883 -0.543048 0.403999 
-0.780163 -0.640197 0.087356 
-0.767081 -0.670767 0.035909 
-0.776156 -0.566112 0.323985 
-0.784087 -0.558531 0.322053 
-0.819574 -0.514272 0.344662 
-0.830889 -0.500763 0.350050 
-0.694790 -0.738672 0.057155 
-0.696707 -0.737273 0.055376 
-0.696569 -0.623483 0.399960 
-0.664901 -0.633498 0.468943 
-0.645305 -0.710011 0.298966 
-0.605573 -0.749435 0.304279 
-0.797402 -0.566390 0.256542 
-0.799882 -0.566423 0.248667 
-0.882704 -0.501194 0.186318 
-0.912726 -0.464875 0.202049 
-0.649038 -0.660512 0.436968 
-0.608509 -0.692087 0.468523 
-0.700540 -0.755353 -0.011319 
-0.700638 -0.755637 -0.012486 
-0.582472 -0.818645 0.167377 
-0.555544 -0.846650 0.167090 
-0.555151 -0.825519 0.232233 
-0.537751 -0.829898 0.273538 
-0.652045 -0.794620 0.021942 
-0.650107 -0.796189 0.023271 
-0.521491 -0.873491 0.192663 
-0.509230 -0.890965 0.178248 
-0.591008 -0.776417 0.268333 
-0.592641 -0.774181 0.269977 
-0.570243 -0.775593 0.335921 
-0.551605 -0.774852 0.396587 
-0.873547 -0.538072 0.103485 
-0.876357 -0.536832 0.098427 
-0.747855 -0.718789 -0.049060 
-0.765637 -0.705048 -0.063244 
-0.807279 -0.633574 0.022388 
-0.817021 -0.631194 -0.000956 
-0.707069 -0.591961 0.462380 
-0.711526 -0.578581 0.488876 
-0.507548 -0.862707 0.268989 
-0.497210 -0.870782 0.276972 
-0.670852 -0.610364 0.520256 
-0.669068 -0.611270 0.523107 
-0.626371 -0.707130 0.367033 
-0.624923 -0.706910 0.372236 
-0.918957 -0.451900 0.221756 
-0.921522 -0.448412 0.224264 
-0.854167 -0.498094 0.285151 
-0.857592 -0.496492 0.279258 
-0.755895 -0.551843 0.430653 
-0.767560 -0.542259 0.423073 
-0.599509 -0.710897 0.439844 
-0.595216 -0.715265 0.440094 
