0.921461 -0.379487 0.109086 
0.896168 -0.434075 0.207728 
0.958537 -0.293534 0.006616 
0.985175 -0.228729 -0.045311 
0.968109 -0.277211 -0.061516 
0.986390 -0.246036 -0.191634 
0.979774 -0.232116 0.034487 
1.002140 -0.167432 0.063842 
0.901364 -0.438574 0.075848 
0.860562 -0.558536 0.008366 
0.910601 -0.399462 0.176042 
0.900145 -0.418695 0.240506 
0.931428 -0.338868 0.205950 
0.943435 -0.303932 0.223193 
0.886323 -0.462073 0.198190 
0.870700 -0.502363 0.212442 
0.889776 -0.478042 0.018333 
0.879114 -0.514359 -0.034590 
0.869712 -0.525552 0.066709 
0.854350 -0.561928 0.103749 
0.959021 -0.310504 -0.123233 
0.949699 -0.344652 -0.186533 
0.911302 -0.425738 -0.024104 
0.921658 -0.400577 -0.044518 
0.991065 -0.219922 -0.096028 
1.013600 -0.163681 -0.129909 
0.897621 -0.470267 -0.077301 
0.888851 -0.498808 -0.111398 
0.989347 -0.197616 0.095463 
1.010200 -0.122462 0.228289 
0.950994 -0.280904 0.241409 
0.960581 -0.252504 0.258783 
0.935005 -0.371933 -0.097742 
0.930683 -0.382990 -0.093154 
1.010106 -0.175656 -0.147777 
1.019991 -0.152676 -0.174640 
0.975704 -0.215466 0.231049 
0.979496 -0.205423 0.229459 
1.009795 -0.163769 -0.057349 
1.013367 -0.153059 -0.049971 
0.933274 -0.386362 -0.166943 
0.932773 -0.390535 -0.186961 
0.880726 -0.467328 0.268482 
0.876657 -0.471151 0.319602 
0.954541 -0.292434 0.091292 
0.957643 -0.282979 0.098796 
0.881089 -0.521480 -0.123170 
0.865988 -0.568262 -0.165071 
0.866443 -0.552422 -0.061299 
0.864777 -0.555942 -0.054261 
0.997590 -0.166440 0.158393 
0.998848 -0.161685 0.167992 
0.863078 -0.527128 0.183106 
0.850585 -0.562089 0.175000 
0.958900 -0.269256 0.172114 
0.958902 -0.269252 0.172095 
0.992375 -0.229592 -0.189925 
0.986004 -0.248974 -0.205071 
0.857987 -0.523837 0.304395 
0.854215 -0.533209 0.310351 
0.921609 -0.355888 0.273876 
0.919414 -0.359692 0.289058 
1.005775 -0.135412 0.221403 
1.007033 -0.130644 0.231085 
1.015532 -0.125588 0.103537 
1.016185 -0.124103 0.101542 
0.969801 -0.293530 -0.209983 
0.968501 -0.297215 -0.211138 
1.022116 -0.122515 -0.001258 
1.022491 -0.121261 0.000448 
0.905174 -0.459749 -0.147852 
0.905318 -0.459380 -0.148000 
0.853390 -0.595444 -0.115876 
0.851470 -0.601770 -0.123900 
1.020145 -0.158013 -0.215511 
1.021415 -0.155782 -0.224078 
