0.263418 0.614722 -0.746812 
0.218950 0.635330 -0.750185 
0.326876 0.529654 -0.785887 
0.325499 0.389938 -0.896666 
0.391107 0.588186 -0.711388 
0.428520 0.590022 -0.693430 
0.219101 0.665784 -0.726104 
0.106968 0.794986 -0.673708 
0.219198 0.721288 -0.682295 
0.219235 0.743107 -0.665073 
0.410618 0.637104 -0.664204 
0.438083 0.705961 -0.597788 
0.407376 0.693259 -0.621354 
0.403376 0.762551 -0.568481 
0.457640 0.568833 -0.697288 
0.519170 0.550935 -0.684248 
0.383558 0.488097 -0.793643 
0.391494 0.482278 -0.794729 
0.345720 0.727878 -0.621265 
0.330233 0.736574 -0.621242 
0.269302 0.513836 -0.823768 
0.226851 0.502172 -0.851698 
0.448291 0.460463 -0.786867 
0.495290 0.440400 -0.781947 
0.162227 0.762519 -0.674923 
0.129505 0.786201 -0.670690 
0.445788 0.730448 -0.575078 
0.455642 0.739988 -0.563207 
0.156253 0.660426 -0.758064 
0.105912 0.656135 -0.783663 
0.506570 0.694353 -0.576718 
0.521750 0.685338 -0.577127 
0.281321 0.672665 -0.693221 
0.289237 0.673541 -0.689037 
0.253531 0.761554 -0.635392 
0.264092 0.773940 -0.620964 
0.504753 0.418662 -0.794912 
0.535390 0.395980 -0.799278 
0.210544 0.500013 -0.860597 
0.121115 0.478975 -0.916651 
0.143970 0.518991 -0.875011 
0.109957 0.528687 -0.882375 
0.524403 0.556664 -0.677421 
0.542395 0.553385 -0.672067 
0.569974 0.392619 -0.786666 
0.584604 0.386777 -0.784817 
0.095414 0.776728 -0.693203 
0.084069 0.779141 -0.696307 
0.190650 0.451275 -0.907808 
0.184441 0.436062 -0.922544 
0.256789 0.429219 -0.896013 
0.290352 0.418026 -0.890028 
0.483359 0.512068 -0.730699 
0.484715 0.509075 -0.732461 
0.136574 0.575762 -0.833509 
0.135155 0.586650 -0.825549 
0.371876 0.435934 -0.839931 
0.370075 0.427892 -0.847067 
0.540807 0.639326 -0.605000 
0.540982 0.639045 -0.605144 
0.374029 0.772098 -0.573903 
0.375979 0.775145 -0.570639 
0.516990 0.746963 -0.530635 
0.521018 0.767302 -0.512819 
0.132739 0.436010 -0.945401 
0.130294 0.435366 -0.946988 
0.091675 0.660042 -0.786865 
0.085988 0.660008 -0.789401 
0.488249 0.616322 -0.646333 
0.488081 0.616248 -0.646465 
0.561042 0.502371 -0.704064 
0.562436 0.500305 -0.705078 
0.452965 0.394693 -0.836667 
0.451605 0.394063 -0.837763 
