0.720782 -0.197340 0.668229 
0.782423 -0.149188 0.625397 
0.643013 -0.299769 0.708288 
0.587272 -0.423721 0.720051 
0.745060 -0.130934 0.667271 
0.785528 -0.020249 0.665673 
0.596094 -0.283522 0.758633 
0.493366 -0.247948 0.868863 
0.749041 -0.245631 0.624992 
0.769357 -0.280350 0.593907 
0.796564 -0.128228 0.618896 
0.812638 -0.127384 0.603799 
0.795584 -0.262937 0.574651 
0.850938 -0.283519 0.514782 
0.543761 -0.296093 0.804494 
0.475064 -0.312594 0.864693 
0.502193 -0.348865 0.826568 
0.500453 -0.351074 0.827492 
0.832498 -0.166631 0.571631 
0.839800 -0.174435 0.562026 
0.766256 -0.326940 0.581248 
0.739112 -0.386175 0.587353 
0.798171 -0.370886 0.535969 
0.800599 -0.374229 0.532525 
0.716090 -0.360660 0.617940 
0.692009 -0.376846 0.635553 
0.629478 -0.208459 0.751866 
0.625119 -0.205679 0.756969 
0.683363 -0.422440 0.628534 
0.612823 -0.555604 0.651368 
0.605921 -0.155380 0.792210 
0.592646 -0.125469 0.814945 
0.737678 -0.066693 0.695882 
0.723297 0.058444 0.751614 
0.723306 -0.006373 0.729866 
0.709912 0.049842 0.761536 
0.787201 -0.030602 0.660600 
0.800847 -0.020657 0.650878 
0.719135 0.059251 0.755868 
0.718430 0.070338 0.760261 
0.515376 -0.247942 0.847804 
0.500364 -0.222475 0.870711 
0.535567 -0.390902 0.780534 
0.558945 -0.420349 0.748287 
0.563831 -0.127631 0.841792 
0.558745 -0.124278 0.847783 
0.669691 0.022888 0.790983 
0.662108 0.017311 0.796368 
0.634509 -0.460684 0.662454 
0.588674 -0.496564 0.694278 
0.491284 -0.195366 0.888491 
0.480118 -0.170999 0.907348 
0.582184 -0.478589 0.706517 
0.580634 -0.479119 0.707822 
0.585038 -0.060215 0.844112 
0.588512 -0.049171 0.844492 
0.585930 -0.357986 0.743383 
0.588667 -0.356197 0.741364 
0.844410 -0.326069 0.506757 
0.858584 -0.312331 0.497802 
0.874474 -0.262503 0.499309 
0.878504 -0.253984 0.498311 
0.690454 -0.486817 0.600157 
0.690687 -0.488939 0.599222 
0.896752 -0.195403 0.500499 
0.896982 -0.194708 0.500511 
0.657300 -0.127575 0.752372 
0.661789 -0.125146 0.748892 
0.694584 -0.296569 0.660016 
0.695980 -0.296482 0.658709 
0.463709 -0.273801 0.888569 
0.463431 -0.273940 0.888789 
0.734164 -0.424076 0.579375 
0.735407 -0.424116 0.578172 
0.630783 -0.379655 0.693197 
0.633813 -0.381119 0.689806 
0.652827 -0.045447 0.784199 
0.652104 -0.048378 0.783908 
0.598186 -0.537807 0.671343 
0.598549 -0.539152 0.670544 
0.768003 0.041459 0.703140 
0.770113 0.043717 0.701878 
