0.437683 -0.700519 0.563655 
0.411866 -0.634437 0.654108 
0.374246 -0.728977 0.573178 
0.487522 -0.705552 0.514315 
0.462785 -0.752146 0.469155 
0.409485 -0.792270 0.452361 
0.546968 -0.671165 0.500364 
0.574867 -0.689614 0.440410 
0.456824 -0.583153 0.671747 
0.453326 -0.530128 0.716561 
0.346422 -0.817130 0.460750 
0.518192 -0.561719 0.644941 
0.323755 -0.715131 0.619493 
0.390669 -0.541878 0.744142 
0.501797 -0.481073 0.718866 
0.327025 -0.564471 0.757910 
0.557854 -0.478033 0.678441 
0.590249 -0.619203 0.517875 
0.501448 -0.760092 0.413292 
0.262996 -0.711901 0.651176 
0.403376 -0.758587 0.511697 
0.274117 -0.606734 0.746146 
0.437740 -0.480269 0.760082 
0.295254 -0.810560 0.505784 
0.260635 -0.786573 0.559796 
0.598700 -0.425177 0.678810 
0.574369 -0.552035 0.604447 
0.626451 -0.628757 0.460678 
0.673559 -0.580441 0.457610 
0.621958 -0.676376 0.394568 
0.360794 -0.602248 0.712127 
0.670533 -0.630113 0.391589 
0.627890 -0.536106 0.564220 
0.288407 -0.662036 0.691758 
0.210139 -0.613335 0.761355 
0.526644 -0.608747 0.593358 
0.607404 -0.483012 0.630682 
0.298870 -0.851156 0.431520 
0.529292 -0.422489 0.735767 
