-0.862441 0.507037 0.064102 
-0.953781 0.386331 -0.019361 
-0.895125 0.467108 0.015755 
-0.909041 0.450107 -0.004829 
-0.801365 0.600408 0.048220 
-0.722971 0.745856 -0.117169 
-0.891520 0.456789 0.104469 
-0.910032 0.424803 0.130165 
-0.761412 0.657930 0.057968 
-0.759431 0.660783 0.058452 
-0.760362 0.671731 -0.011375 
-0.758892 0.691046 -0.108422 
-0.901628 0.430359 0.169271 
-0.919511 0.383598 0.283922 
-0.932396 0.409083 0.031374 
-0.974051 0.344233 0.048831 
-0.800438 0.582167 0.159317 
-0.764017 0.620233 0.249594 
-0.770996 0.616193 0.213864 
-0.754619 0.635120 0.244205 
-0.870822 0.511814 -0.033344 
-0.856706 0.537783 -0.061865 
-0.873761 0.461621 0.226246 
-0.868347 0.467695 0.237315 
-0.727324 0.700536 0.102943 
-0.712660 0.718865 0.122290 
-0.775851 0.660791 -0.079495 
-0.782434 0.656142 -0.108447 
-0.815274 0.549416 0.220204 
-0.819747 0.539541 0.238564 
-0.875310 0.517578 -0.103676 
-0.875907 0.518343 -0.113018 
-0.764136 0.613944 0.284205 
-0.762908 0.613541 0.296801 
-0.872966 0.450472 0.296067 
-0.872453 0.443264 0.341207 
-0.733346 0.674448 0.200120 
-0.726938 0.684364 0.197780 
-0.972271 0.352512 0.016893 
-0.972524 0.352153 0.016801 
-0.960706 0.380912 -0.046823 
-0.950933 0.404910 -0.100663 
-0.693934 0.733139 0.198712 
-0.679994 0.753897 0.198214 
-0.911240 0.391907 0.306327 
-0.921379 0.376393 0.309044 
-0.935701 0.374942 0.196982 
-0.939144 0.369341 0.199783 
-0.830892 0.568817 -0.020840 
-0.829122 0.571344 -0.020286 
-0.775045 0.674243 -0.148910 
-0.774841 0.677644 -0.166460 
-0.938053 0.388778 0.098870 
-0.938835 0.385970 0.108204 
-0.673777 0.751509 0.263952 
-0.662754 0.761554 0.299630 
-0.836943 0.576180 -0.113359 
-0.833242 0.581833 -0.114293 
-0.833049 0.507359 0.309124 
-0.831842 0.509078 0.309518 
-0.709693 0.736923 0.044933 
-0.708121 0.740167 0.039761 
-0.929934 0.433004 -0.083422 
-0.929588 0.433589 -0.083833 
-0.737677 0.732329 -0.164063 
-0.737072 0.733270 -0.164308 
-0.986872 0.352576 -0.106089 
-0.989249 0.350002 -0.111473 
-0.782489 0.576632 0.341397 
-0.783069 0.575453 0.343204 
-0.767519 0.636471 0.128214 
-0.766806 0.637648 0.127540 
-0.712190 0.745603 -0.025199 
-0.712280 0.745916 -0.027730 
-0.915760 0.373191 0.374366 
-0.916094 0.371806 0.379401 
