0.613066 -0.708142 0.357330 
0.740496 -0.683395 0.224498 
0.635696 -0.726897 0.293017 
0.658336 -0.745660 0.228675 
0.691108 -0.704922 0.254983 
0.775424 -0.671483 0.197110 
0.506916 -0.746324 0.437078 
0.444331 -0.777554 0.468759 
0.605579 -0.774738 0.250541 
0.602057 -0.780332 0.245574 
0.547337 -0.811636 0.266238 
0.531972 -0.821371 0.270380 
0.488358 -0.724228 0.501633 
0.466132 -0.697764 0.578949 
0.454339 -0.792757 0.428163 
0.440093 -0.805338 0.425747 
0.667710 -0.663374 0.360456 
0.708376 -0.630057 0.362783 
0.694541 -0.616387 0.405979 
0.718273 -0.574825 0.446246 
0.745185 -0.603641 0.358307 
0.760714 -0.599733 0.343690 
0.529096 -0.674980 0.531885 
0.575614 -0.618744 0.566430 
0.397457 -0.818753 0.461158 
0.375314 -0.828873 0.474002 
0.381970 -0.794270 0.525662 
0.359783 -0.759194 0.618074 
0.496262 -0.858917 0.253755 
0.396047 -0.951685 0.229261 
0.458067 -0.712370 0.564417 
0.456630 -0.711808 0.567395 
0.438143 -0.896682 0.267758 
0.428410 -0.903006 0.270104 
0.566353 -0.625928 0.566609 
0.588108 -0.597288 0.586884 
0.746963 -0.661573 0.253936 
0.777025 -0.638241 0.253372 
0.642007 -0.632399 0.450519 
0.617284 -0.639935 0.471480 
0.405438 -0.728557 0.608781 
0.386818 -0.734284 0.624477 
0.717277 -0.570683 0.454911 
0.741612 -0.521766 0.507284 
0.452643 -0.828695 0.367289 
0.452586 -0.829914 0.365225 
0.727418 -0.530240 0.512020 
0.739324 -0.482761 0.579064 
0.676751 -0.747329 0.200252 
0.673288 -0.757561 0.187046 
0.542626 -0.852573 0.200745 
0.550595 -0.851482 0.191633 
0.544180 -0.778620 0.328688 
0.543632 -0.772883 0.339540 
0.380943 -0.862089 0.407779 
0.376417 -0.873967 0.393149 
0.511985 -0.645549 0.607341 
0.511347 -0.645779 0.607819 
0.624717 -0.591044 0.547198 
0.635616 -0.584530 0.543574 
0.750921 -0.694083 0.191267 
0.751301 -0.697202 0.185253 
0.739610 -0.488817 0.568016 
0.741028 -0.484000 0.574527 
0.354260 -0.742190 0.655631 
0.348616 -0.743693 0.660798 
0.396237 -0.886718 0.343285 
0.397134 -0.888163 0.339503 
0.402903 -0.945492 0.230668 
0.399604 -0.950060 0.227197 
0.682584 -0.530165 0.574205 
0.678929 -0.532815 0.574602 
0.616801 -0.561130 0.610779 
0.616199 -0.558855 0.615613 
