-0.404598 -0.916562 0.034848 
-0.242324 -1.008270 -0.064536 
-0.519645 -0.853199 0.083785 
-0.667524 -0.773657 0.121939 
-0.342158 -0.949318 0.029536 
-0.225313 -1.010613 0.019594 
-0.553608 -0.840269 0.023128 
-0.566113 -0.835508 0.000794 
-0.604869 -0.810735 0.061859 
-0.704421 -0.753379 0.137077 
-0.429883 -0.908503 -0.030693 
-0.464606 -0.897436 -0.120699 
-0.294700 -0.977311 -0.014783 
-0.293099 -0.978255 -0.016278 
-0.633641 -0.791099 0.123394 
-0.678294 -0.760623 0.218894 
-0.562695 -0.840953 -0.046993 
-0.587435 -0.842816 -0.237890 
-0.509861 -0.852883 0.153815 
-0.499141 -0.852537 0.230541 
-0.463386 -0.873170 0.203096 
-0.351128 -0.922172 0.322134 
-0.401576 -0.904032 0.218160 
-0.315108 -0.947206 0.239235 
-0.565090 -0.845137 -0.117539 
-0.568200 -0.850572 -0.209167 
-0.241907 -1.007438 -0.050911 
-0.224518 -1.017362 -0.062811 
-0.301687 -0.966013 0.085064 
-0.263398 -0.981809 0.137600 
-0.354562 -0.924648 0.266789 
-0.320232 -0.939703 0.302298 
-0.624190 -0.808174 -0.035000 
-0.633871 -0.803014 -0.033112 
-0.240788 -0.998709 0.070155 
-0.221751 -1.008929 0.065494 
-0.317881 -0.970411 -0.081228 
-0.327533 -0.967538 -0.108894 
-0.347328 -0.938783 0.131706 
-0.358351 -0.932206 0.142971 
-0.325466 -0.934828 0.330427 
-0.318599 -0.937231 0.345446 
-0.515265 -0.843395 0.240807 
-0.563457 -0.815735 0.275838 
-0.567771 -0.820958 0.178858 
-0.573099 -0.818020 0.181162 
-0.589576 -0.837520 -0.183437 
-0.594490 -0.835991 -0.196662 
-0.386846 -0.902061 0.343032 
-0.388810 -0.901013 0.343435 
-0.379995 -0.939236 -0.094266 
-0.386555 -0.935943 -0.095643 
-0.526760 -0.869774 -0.179703 
-0.523734 -0.871328 -0.179523 
-0.302740 -0.954402 0.228985 
-0.302272 -0.954670 0.228644 
-0.661734 -0.771781 0.185342 
-0.678514 -0.760244 0.222341 
-0.499273 -0.879055 -0.115218 
-0.498904 -0.879180 -0.114354 
-0.415917 -0.925183 -0.153529 
-0.420300 -0.923469 -0.160758 
-0.446603 -0.872960 0.318903 
-0.452872 -0.869907 0.316372 
-0.630391 -0.810375 -0.105404 
-0.630405 -0.810380 -0.105562 
-0.692108 -0.762971 0.095280 
-0.696624 -0.760799 0.093109 
-0.409826 -0.906044 0.136412 
-0.413299 -0.904225 0.136674 
-0.583303 -0.807705 0.246556 
-0.584542 -0.806649 0.251954 
-0.671160 -0.780384 0.009963 
-0.674198 -0.778586 0.012871 
-0.258876 -0.984094 0.138359 
-0.258839 -0.984109 0.138405 
-0.728360 -0.739874 0.151426 
-0.728448 -0.739818 0.151562 
