191
204
175
208
176
202
176
149
181
194
158
217
168
159
181
169
179
198
197
202
189
203
195
172
185
154
228
159
214
199
182
201
194
192
214
167
194
217
165
180
174
168
149
185
200
148
184
183
149
203
210
218
142
195
202
205
214
165
183
187
202
173
180
209
200
149
171
216
183
233
201
158
190
185
145
201
179
176
185
244
170
198
154
203
201
151
215
173
197
180
205
170
223
144
146
148
180
201
181
191
216
167
217
218
198
189
195
195
210
187
232
190
207
187
180
194
185
233
255
197
206
143
224
151
223
190
156
169
235
153
157
209
198
187
209
206
194
149
207
203
193
206
188
207
199
198
194
203
181
195
211
230
190
201
212
156
153
186
195
222
164
181
201
192
215
237
212
196
195
198
200
186
199
146
176
148
198
145
185
176
165
165
182
214
200
201
218
216
179
191
198
192
197
192
217
194
201
235
189
170
151
209
196
231
205
208
213
196
151
226
204
217
219
216
191
189
184
