152
134
161
173
154
171
167
170
180
191
175
192
144
161
193
170
171
166
181
176
179
204
216
189
182
193
219
175
210
190
212
200
168
235
159
180
157
181
187
181
182
161
193
140
151
159
180
194
196
181
165
208
192
201
194
246
150
138
201
217
167
193
183
132
196
169
186
170
207
176
180
195
186
198
195
197
193
200
186
187
231
193
175
169
182
188
201
216
180
181
179
206
183
195
204
210
214
178
181
197
195
165
179
209
183
127
211
158
170
148
146
174
191
183
127
174
175
172
189
203
159
167
166
193
162
179
215
198
215
195
182
232
202
201
236
218
171
189
166
203
190
202
212
199
224
204
189
181
180
170
191
207
162
175
217
174
107
166
202
175
206
168
194
212
187
147
204
214
169
187
201
189
188
186
174
205
184
152
171
173
136
172
178
127
193
178
185
143
150
212
203
197
157
217
210
185
185
165
155
191
160
213
183
219
169
203
148
221
183
227
177
207
135
185
151
185
195
