159
169
180
194
177
182
171
173
185
192
167
176
204
167
178
216
208
166
185
166
173
179
188
211
172
183
194
212
181
210
233
195
172
192
186
198
169
194
176
190
247
194
172
164
196
170
197
174
201
202
170
183
203
191
198
161
183
195
194
197
207
203
171
203
172
163
263
195
180
195
211
195
206
213
186
196
234
162
184
215
197
202
184
192
233
199
211
169
174
178
223
200
198
164
196
193
205
214
180
169
214
190
176
189
203
218
144
178
170
205
208
170
205
168
176
162
215
219
241
190
176
185
180
189
199
182
188
203
207
172
234
176
202
223
203
187
209
193
209
246
197
171
160
195
187
217
164
165
180
197
185
206
207
171
210
222
190
221
194
181
195
244
214
157
196
193
224
185
188
173
211
170
158
197
184
191
198
202
201
192
181
196
203
216
194
203
206
192
167
161
180
244
233
218
201
210
170
205
221
185
189
196
195
166
220
189
246
198
208
203
201
175
167
195
149
199
203
