168
173
165
145
201
176
191
155
159
189
190
143
191
196
172
180
222
186
149
152
194
189
153
214
207
172
207
178
197
187
210
159
230
196
186
195
166
155
200
212
151
221
183
154
145
206
223
209
187
193
198
212
177
181
198
186
178
193
204
164
208
220
194
171
193
197
228
149
167
185
229
191
144
182
174
182
204
162
208
182
207
196
180
155
208
161
183
191
149
205
188
227
186
178
169
191
158
209
184
181
163
158
181
209
209
226
177
180
200
157
196
186
253
233
146
202
197
175
253
214
196
171
210
163
161
195
185
198
180
187
197
205
214
200
192
217
187
212
188
193
197
199
180
222
186
240
236
223
202
182
169
203
255
164
156
200
152
193
164
184
182
188
195
204
190
187
150
139
176
169
197
178
214
184
192
176
170
168
210
195
194
236
198
167
187
201
188
192
150
197
190
178
204
176
188
232
210
225
146
197
188
177
201
159
204
191
196
189
183
221
170
170
200
215
199
211
218
