-0.385998 0.030857 -0.927391 
-0.334191 -0.051264 -0.951312 
-0.284586 0.182418 -0.946432 
-0.297189 -0.142001 -0.971253 
-0.214490 0.251850 -0.962737 
-0.369371 0.225424 -0.915414 
-0.124237 0.286265 -0.988622 
-0.061055 0.213510 -1.015358 
-0.362835 0.324981 -0.908653 
-0.365615 -0.213235 -0.955644 
-0.229092 -0.209724 -0.999118 
-0.052331 0.353630 -1.005691 
-0.135717 -0.226781 -1.030583 
-0.478101 0.002831 -0.900344 
-0.563891 0.043692 -0.869194 
-0.413170 -0.300887 -0.948190 
-0.166888 0.374121 -0.967126 
-0.404120 -0.201475 -0.942248 
-0.098108 0.444981 -0.982882 
-0.487962 -0.364691 -0.929878 
-0.551398 0.142792 -0.864384 
-0.228732 0.103313 -0.971384 
-0.603970 0.224367 -0.840266 
-0.601073 0.134345 -0.849204 
-0.312933 0.086522 -0.945872 
-0.399583 0.129061 -0.914297 
-0.171742 0.164047 -0.984259 
-0.599348 0.323987 -0.832885 
0.007868 0.146706 -1.043407 
0.085895 0.091778 -1.073319 
-0.215766 0.458232 -0.943967 
-0.516740 0.266856 -0.864463 
-0.569328 0.419368 -0.834028 
-0.559916 -0.050501 -0.878849 
-0.208128 -0.306295 -1.014433 
-0.486194 -0.011734 -0.899044 
-0.632372 -0.117214 -0.861545 
-0.714125 -0.170653 -0.840079 
-0.498068 0.487485 -0.850823 
-0.271518 0.355917 -0.935188 
-0.069477 -0.296488 -1.058030 
-0.645835 -0.238163 -0.867988 
-0.677279 0.285894 -0.811280 
0.032259 0.196139 -1.046832 
-0.016175 -0.377532 -1.082335 
0.018767 -0.256477 -1.082772 
-0.633993 0.198391 -0.832947 
-0.361484 0.386106 -0.903648 
0.065446 0.290445 -1.049086 
-0.541848 -0.083643 -0.887592 
-0.472581 0.089085 -0.894441 
-0.490318 0.156817 -0.882726 
-0.449180 0.338989 -0.879713 
-0.408698 0.210484 -0.904129 
-0.190449 0.013188 -0.991680 
-0.456939 -0.244147 -0.929104 
-0.081200 0.197560 -1.010317 
-0.113374 -0.043162 -1.021413 
0.113212 -0.240822 -1.111670 
-0.060453 0.041156 -1.030885 
-0.551714 -0.256833 -0.899836 
-0.568147 -0.188958 -0.888527 
0.149422 0.167798 -1.086931 
-0.127455 -0.142073 -1.025697 
-0.392006 -0.169429 -0.943282 
-0.494958 -0.335223 -0.925013 
-0.445664 -0.100727 -0.919961 
0.137145 -0.143733 -1.110709 
-0.697266 -0.046134 -0.834409 
-0.609041 0.239620 -0.837282 
-0.715797 -0.071497 -0.830721 
-0.651482 -0.132186 -0.856748 
-0.482301 -0.186654 -0.915855 
-0.242045 -0.214176 -0.995360 
-0.382768 0.269463 -0.907199 
-0.688466 0.182382 -0.816901 
-0.603801 -0.024259 -0.862439 
-0.763768 0.241703 -0.787472 
-0.651652 0.467148 -0.803373 
0.063789 -0.157070 -1.088368 
-0.090377 0.218147 -1.005542 
-0.688067 0.384554 -0.799042 
0.048652 -0.448679 -1.109456 
-0.139982 0.520724 -0.962713 
-0.395683 -0.386790 -0.961441 
-0.178189 -0.317142 -1.025000 
-0.278680 -0.010794 -0.965516 
-0.498991 -0.195203 -0.911262 
-0.166456 -0.282995 -1.025726 
-0.686918 -0.329192 -0.862910 
-0.420881 0.548041 -0.870191 
-0.171134 0.371636 -0.965986 
-0.200587 0.111942 -0.979643 
-0.215253 -0.105920 -0.994321 
-0.429103 -0.045477 -0.920357 
-0.732661 0.092893 -0.810688 
-0.011756 0.489476 -1.006619 
-0.720585 0.533942 -0.775323 
-0.619883 -0.018114 -0.856734 
-0.124720 -0.134336 -1.025886 
-0.210740 0.060947 -0.980924 
-0.669586 0.314804 -0.811175 
-0.612042 0.558856 -0.807919 
0.046790 -0.000155 -1.068956 
-0.326521 -0.237598 -0.970350 
-0.000127 0.588667 -1.001524 
-0.577142 -0.353546 -0.900284 
-0.354255 0.217951 -0.920927 
-0.714292 -0.234562 -0.845711 
-0.247524 0.551241 -0.925507 
-0.291334 0.005567 -0.960002 
-0.273569 0.059489 -0.960902 
-0.183021 0.238697 -0.974000 
-0.810746 -0.066183 -0.799796 
-0.405218 -0.326328 -0.953003 
-0.351810 -0.081036 -0.948310 
-0.790042 -0.297101 -0.826980 
0.141297 -0.009957 -1.100139 
-0.746733 0.470523 -0.772578 
0.060366 -0.344906 -1.103981 
0.060908 -0.098262 -1.082212 
-0.263289 -0.115322 -0.979751 
-0.628590 0.371157 -0.819310 
-0.696064 -0.310713 -0.858332 
0.146959 0.344293 -1.070439 
-0.074928 -0.057704 -1.035038 
-0.637661 0.102905 -0.840266 
0.119239 0.157989 -1.078123 
-0.807188 -0.152032 -0.808575 
-0.302762 -0.297600 -0.983308 
-0.251011 0.199526 -0.955679 
-0.340754 0.496443 -0.900480 
-0.241226 -0.072525 -0.983020 
-0.032985 0.299270 -1.016732 
-0.627659 -0.129319 -0.864134 
-0.543032 -0.093275 -0.888069 
-0.405264 0.467650 -0.882352 
-0.514591 -0.269815 -0.912897 
-0.088792 0.098055 -1.016734 
-0.152583 0.333944 -0.975289 
-0.034341 -0.102252 -1.052018 
-0.556417 0.139405 -0.863076 
-0.107839 -0.388746 -1.053934 
-0.078170 0.559000 -0.979133 
0.112889 -0.238484 -1.111359 
-0.601287 0.218577 -0.841641 
-0.394555 0.029735 -0.924746 
-0.735553 -0.006749 -0.818625 
0.089795 0.558345 -1.033062 
-0.077291 -0.146457 -1.042176 
-0.407226 0.472182 -0.881320 
-0.511767 0.575296 -0.838617 
0.044234 -0.156337 -1.082031 
-0.656449 0.035296 -0.840255 
-0.048017 -0.012509 -1.039648 
-0.616879 -0.158285 -0.870168 
-0.621094 -0.079540 -0.861811 
-0.248744 0.220504 -0.954540 
-0.353404 -0.221633 -0.960307 
-0.183239 0.237717 -0.974018 
-0.184351 0.199191 -0.977088 
-0.024552 -0.278548 -1.070842 
-0.278129 0.456049 -0.924160 
-0.734228 -0.220531 -0.838069 
-0.114036 0.086431 -1.009672 
-0.214484 -0.307739 -1.012523 
0.071416 0.460090 -1.035908 
-0.138431 -0.367161 -1.042202 
-0.388240 -0.174102 -0.944906 
-0.490012 -0.179201 -0.912719 
-0.221944 0.350940 -0.951531 
0.155798 0.088899 -1.095995 
0.116246 -0.177770 -1.107034 
-0.236711 -0.099024 -0.986826 
0.109227 0.256965 -1.066107 
-0.145654 0.370959 -0.974218 
-0.611297 -0.000800 -0.857948 
-0.132264 -0.026321 -1.013857 
-0.419410 -0.009170 -0.920235 
-0.800169 -0.294280 -0.823481 
-0.132098 0.537068 -0.963788 
-0.715886 -0.072399 -0.830773 
-0.267937 -0.020324 -0.969809 
-0.576590 -0.253925 -0.891599 
-0.030426 0.586623 -0.991988 
-0.433601 -0.000697 -0.914930 
-0.697642 0.315272 -0.802135 
-0.789789 0.287418 -0.775059 
0.048768 -0.444100 -1.109086 
-0.500178 0.099101 -0.884699 
-0.158487 -0.334486 -1.032863 
-0.341459 0.532041 -0.897088 
-0.309739 -0.309857 -0.982161 
-0.264446 0.256785 -0.946276 
-0.698844 0.597425 -0.776648 
-0.643690 -0.063052 -0.853097 
-0.503246 -0.114211 -0.902692 
-0.494105 0.249883 -0.873232 
-0.670241 -0.238362 -0.860178 
0.137943 0.031348 -1.095389 
-0.773368 -0.373470 -0.839122 
-0.499711 0.421996 -0.856122 
-0.308461 0.478557 -0.912429 
-0.767836 0.314232 -0.779715 
-0.002318 0.126871 -1.041905 
-0.503951 0.208754 -0.873733 
-0.337963 -0.071866 -0.951935 
-0.251358 -0.296661 -0.999711 
