204
245
210
211
209
235
201
220
192
217
208
232
198
213
197
228
203
207
232
192
188
215
194
212
227
191
216
210
215
222
210
226
223
181
207
16
217
16
226
199
208
213
213
228
229
200
197
202
206
204
225
203
229
206
211
206
212
213
216
203
192
197
214
190
193
196
228
200
204
209
196
198
189
217
206
223
179
218
215
180
219
193
200
212
197
16
190
219
213
204
218
194
203
209
211
206
206
213
217
204
188
203
198
223
200
194
207
211
209
201
229
189
184
203
219
206
209
211
231
213
210
217
193
199
218
229
210
212
206
227
196
212
211
203
216
216
202
200
218
193
223
206
209
207
226
202
193
210
217
207
211
222
240
216
248
215
209
215
198
209
196
212
201
200
192
220
183
232
196
184
207
208
208
204
194
201
193
221
210
197
211
215
231
228
185
212
213
202
197
206
214
221
198
186
201
212
228
193
201
208
211
209
204
233
196
205
201
199
