-0.356895 -0.415889 0.836458 
-0.284766 -0.513234 0.809629 
-0.219089 -0.507653 0.833240 
-0.389238 -0.355346 0.849837 
-0.447726 -0.369620 0.814201 
-0.161693 -0.544396 0.823096 
-0.180652 -0.461703 0.868444 
-0.126689 -0.429713 0.894034 
-0.086800 -0.383438 0.919479 
-0.115087 -0.587807 0.800773 
-0.492503 -0.318194 0.810058 
-0.079900 -0.633815 0.769347 
-0.532875 -0.355072 0.768094 
-0.046416 -0.675965 0.735471 
-0.074782 -0.717097 0.692949 
0.014027 -0.664079 0.747531 
-0.098898 -0.321588 0.941701 
-0.495785 -0.254199 0.830409 
-0.024792 -0.372949 0.927520 
-0.584015 -0.319587 0.746184 
0.054576 -0.693923 0.717978 
-0.086805 -0.261951 0.961169 
-0.050237 -0.216608 0.974965 
-0.495897 -0.191152 0.847082 
0.003355 -0.427759 0.903887 
-0.308601 -0.563404 0.766382 
-0.092838 -0.169265 0.981188 
-0.609925 -0.364875 0.703461 
-0.619268 -0.266935 0.738413 
-0.072783 -0.116943 0.990468 
-0.660308 -0.228541 0.715376 
-0.360691 -0.301623 0.882568 
-0.116429 -0.073354 0.990487 
-0.157781 -0.029324 0.987039 
-0.000959 -0.713760 0.700390 
-0.530332 -0.417044 0.738120 
-0.334481 -0.364036 0.869253 
-0.545803 -0.468297 0.694836 
0.098760 -0.714357 0.692777 
0.006040 -0.202832 0.979195 
-0.702623 -0.234660 0.671756 
-0.547690 -0.522546 0.653439 
-0.569039 -0.292416 0.768562 
-0.587864 -0.537466 0.604604 
-0.660300 -0.258052 0.705275 
-0.587093 -0.584648 0.559919 
0.033516 -0.357964 0.933134 
-0.481929 -0.132155 0.866187 
0.104966 -0.752077 0.650663 
-0.184316 0.020519 0.982653 
