0.787963 0.609360 0.088289 
0.813142 0.580465 -0.043133 
0.836756 0.539331 -0.094664 
0.805741 0.573872 -0.146466 
0.871771 0.479520 -0.100377 
0.796326 0.566122 -0.213004 
0.797467 0.583682 0.152847 
0.742956 0.661843 0.099901 
0.715777 0.679557 0.160831 
0.803551 0.554930 0.215311 
0.691601 0.686853 0.223429 
0.674951 0.726167 0.130851 
0.903302 0.421057 -0.082199 
0.913499 0.383342 -0.136269 
0.809219 0.520293 0.272874 
0.813230 0.482205 0.325786 
0.792034 0.545058 -0.274942 
0.803442 0.456706 0.381970 
0.937862 0.323271 -0.126137 
0.783214 0.524551 -0.333799 
0.906525 0.371450 -0.200591 
0.947184 0.275320 -0.164445 
0.769702 0.469865 0.432187 
0.742541 0.559346 -0.368463 
0.960658 0.217810 -0.172323 
0.722216 0.548179 -0.421787 
0.974166 0.194680 -0.114459 
0.685501 0.561997 -0.462868 
0.842796 0.503819 0.189371 
0.675681 0.734549 0.062394 
0.654882 0.561775 -0.505508 
0.654869 0.525282 -0.543346 
0.980293 0.143412 -0.135863 
0.990264 0.104719 -0.091717 
0.624527 0.769050 0.136120 
0.580480 0.807333 0.106095 
0.534272 0.841536 0.079815 
0.996560 0.064119 -0.052499 
0.651538 0.709084 0.269627 
0.995241 0.097172 -0.007308 
0.743446 0.462666 0.482937 
0.605349 0.753597 0.256210 
0.614934 0.605067 -0.505717 
0.576892 0.648843 -0.496183 
0.533181 0.676444 -0.508077 
0.675781 0.476864 -0.562068 
0.994444 0.090773 0.053309 
0.747374 0.586038 -0.313035 
0.948802 0.213809 -0.232507 
0.573610 0.758807 0.308518 
0.487954 0.871172 0.054413 
0.866768 0.497583 -0.033539 
0.986924 0.129268 0.096281 
0.968113 0.239075 -0.074835 
0.695279 0.428196 -0.577266 
0.980080 0.102238 -0.170269 
0.996376 0.043030 0.073373 
0.550492 0.751811 0.362958 
0.519851 0.749731 0.409461 
0.565605 0.729423 0.384750 
0.443213 0.892476 0.083955 
0.992968 0.012917 0.117678 
0.689489 0.394617 -0.607356 
0.793394 0.508314 0.334879 
0.930378 0.224169 -0.290078 
0.707356 0.638194 -0.303901 
0.414863 0.909237 0.034293 
0.717121 0.453138 0.529531 
0.491178 0.710536 -0.503869 
0.639812 0.489249 -0.592686 
0.728714 0.514467 0.451996 
0.596810 0.801291 0.041843 
0.999008 0.042157 0.014312 
0.964576 0.263354 -0.015432 
0.668185 0.380461 -0.639358 
0.450520 0.743734 -0.493853 
0.372821 0.927879 0.006746 
0.996545 -0.022734 0.079886 
0.614469 0.549275 -0.566326 
0.839397 0.405631 0.361767 
0.472985 0.773606 0.421686 
0.411053 0.775143 -0.479780 
0.448875 0.762845 0.465379 
0.406241 0.905212 0.124736 
0.850968 0.524910 0.017982 
0.703108 0.347726 -0.620262 
0.393045 0.807459 -0.439916 
0.679103 0.467516 0.565904 
0.854885 0.350050 0.382933 
0.328545 0.944464 -0.006768 
0.989358 0.143586 0.023545 
0.626323 0.773717 0.095303 
0.733897 0.306225 -0.606318 
0.881140 0.294745 0.369755 
0.824296 0.561554 0.072070 
0.993059 -0.062939 0.099361 
0.377349 0.909933 0.172132 
0.986002 0.047800 0.159734 
0.986412 -0.089598 0.137710 
0.524002 0.651323 -0.548818 
