0.335939 0.243814 0.909780 
0.200082 0.251786 0.946874 
0.135686 0.278770 0.950724 
0.175402 0.188908 0.966203 
0.132599 0.345017 0.929183 
0.064679 0.345065 0.936348 
0.004794 0.316652 0.948530 
0.141536 0.130439 0.981302 
0.116898 0.068036 0.990811 
0.124312 0.001665 0.992242 
0.375440 0.293069 0.879293 
0.385124 0.194526 0.902130 
0.443947 0.166283 0.880489 
0.052032 0.406863 0.912006 
0.491711 0.201804 0.847051 
0.547115 0.185730 0.816192 
0.580909 0.132330 0.803140 
0.608381 0.077852 0.789817 
0.635180 0.027941 0.771859 
0.101928 -0.057865 0.993107 
-0.048507 0.279153 0.959021 
0.651083 -0.025939 0.758563 
0.663266 -0.077696 0.744340 
0.631984 -0.124851 0.764859 
0.063089 -0.104629 0.992508 
0.033914 0.463904 0.885236 
0.609543 -0.056843 0.790712 
0.584091 0.225195 0.779824 
0.589530 -0.157054 0.792331 
0.545513 -0.145979 0.825292 
0.651739 0.098114 0.752071 
0.592495 0.284748 0.753570 
0.082301 0.503019 0.860348 
0.649576 -0.165665 0.742029 
0.011155 -0.132611 0.991105 
0.099961 -0.154841 0.982869 
0.155304 -0.183748 0.970627 
0.361659 0.131969 0.922923 
0.004479 -0.187681 0.982220 
0.299757 0.304110 0.904247 
-0.007401 0.504806 0.863201 
-0.014612 0.556352 0.830818 
-0.052894 -0.189052 0.980541 
0.121585 0.545990 0.828922 
0.217522 -0.179444 0.959419 
-0.106279 -0.195068 0.975015 
0.168956 0.578863 0.797729 
0.681736 -0.179730 0.709178 
0.230548 0.586934 0.776116 
0.178817 0.516678 0.837298 
0.276874 0.611975 0.740829 
0.702659 -0.061635 0.708853 
-0.148479 -0.154217 0.976817 
0.671540 0.151570 0.725301 
0.279315 -0.170715 0.944902 
0.627034 0.313962 0.712921 
-0.197583 -0.125561 0.972211 
0.562861 -0.048300 0.825139 
0.325720 -0.204468 0.923092 
-0.122192 -0.239056 0.963287 
0.272949 -0.111539 0.955541 
-0.109734 -0.286829 0.951676 
-0.172429 -0.235827 0.956375 
0.129042 0.618420 0.775181 
0.643453 0.358757 0.676211 
0.097226 0.657018 0.747579 
0.696974 -0.127651 0.705643 
-0.059216 0.584194 0.809451 
0.312621 0.640304 0.701626 
0.116387 -0.225030 0.967376 
-0.235056 -0.081621 0.968549 
0.731192 -0.124946 0.670631 
0.599500 0.397184 0.694870 
0.494879 -0.169476 0.852275 
0.610163 0.441721 0.657711 
-0.024910 -0.081469 0.996365 
-0.106709 0.299350 0.948158 
0.314719 -0.062928 0.947097 
0.608576 0.489220 0.624739 
-0.116714 0.578293 0.807437 
0.685547 0.336149 0.645777 
0.217541 0.467083 0.857035 
0.718906 0.339741 0.606424 
0.342378 0.354138 0.870266 
0.101111 0.697041 0.709867 
0.668326 0.393045 0.631550 
-0.078277 0.623901 0.777573 
0.687483 -0.221357 0.691642 
-0.055393 0.341997 0.938067 
-0.058359 -0.306364 0.950124 
0.018776 0.511736 0.858938 
0.254951 0.357894 0.898283 
-0.073776 -0.344200 0.935993 
0.693630 -0.258382 0.672396 
0.706530 -0.284752 0.647867 
0.609942 0.530080 0.589055 
0.440143 -0.180755 0.879546 
0.107110 0.198290 0.974273 
0.612696 0.565129 0.552479 
-0.282898 -0.072862 0.956378 
