0.915250 -0.419693 -0.142029 
0.802658 -0.604974 -0.199400 
0.758458 -0.581802 -0.320684 
0.778322 -0.548052 -0.308960 
0.772944 -0.559473 -0.299655 
0.822757 -0.563500 -0.163236 
0.789282 -0.530847 -0.379691 
0.584462 -0.689041 -0.519084 
0.571609 -0.674924 -0.467928 
0.645748 -0.614738 -0.462872 
0.606981 -0.479098 -0.687198 
0.545680 -0.649823 -0.570374 
0.394082 -0.652030 -0.672687 
0.308824 -0.658379 -0.691789 
0.146634 -0.561115 -0.851396 
0.107520 -0.391686 -0.933305 
0.103815 -0.495148 -0.870835 
0.317299 -0.396482 -0.893244 
0.327971 -0.230666 -0.931417 
0.243089 -0.292900 -0.930591 
0.362757 -0.489996 -0.831433 
0.477984 -0.545071 -0.710255 
0.500360 -0.318604 -0.847695 
0.540466 -0.173415 -0.836326 
0.353687 -0.162530 -0.946293 
0.299925 -0.309721 -0.915998 
0.059893 -0.426732 -0.941333 
-0.085094 -0.468810 -0.892687 
-0.061225 -0.397833 -0.918764 
0.018044 -0.419089 -0.911492 
0.158910 -0.613377 -0.815648 
0.053754 -0.565518 -0.830537 
-0.100739 -0.495747 -0.880500 
-0.246805 -0.520896 -0.831779 
-0.178287 -0.522406 -0.836590 
-0.190229 -0.450321 -0.876319 
-0.160949 -0.325163 -0.943041 
-0.006873 -0.577320 -0.871221 
-0.060966 -0.583763 -0.812341 
0.168733 -0.523867 -0.869915 
0.091621 -0.585088 -0.813217 
-0.006038 -0.747227 -0.700138 
-0.084935 -0.743950 -0.667852 
0.174173 -0.794453 -0.639521 
0.017108 -0.668607 -0.782590 
-0.127708 -0.603126 -0.802955 
-0.117004 -0.508555 -0.860151 
0.027518 -0.384252 -0.946202 
0.273711 -0.276631 -0.959405 
0.108666 -0.286702 -0.965466 
