-0.198736 0.125680 0.977844 
-0.338641 0.254725 0.926942 
-0.398434 0.302294 0.870906 
-0.325529 0.084359 0.974953 
-0.153714 0.193977 0.989706 
-0.245525 0.143304 0.964574 
-0.350852 0.387355 0.895673 
-0.306386 0.597517 0.779362 
-0.303900 0.407270 0.888262 
-0.175490 0.420324 0.899315 
-0.006485 0.475600 0.897396 
-0.044286 0.384164 0.927863 
-0.153510 0.655122 0.804806 
-0.212074 0.547128 0.817636 
-0.199935 0.482476 0.856162 
-0.098122 0.636149 0.789963 
0.097720 0.617281 0.804978 
0.052333 0.474140 0.896066 
-0.067430 0.477293 0.884256 
-0.307418 0.456474 0.869099 
-0.400849 0.532697 0.762056 
-0.445267 0.489858 0.752017 
-0.344303 0.609923 0.731091 
-0.449398 0.558123 0.707578 
-0.404973 0.325266 0.909449 
-0.161718 0.366632 0.948470 
-0.024740 0.288498 0.969847 
-0.225547 0.473415 0.897038 
-0.189763 0.462741 0.866410 
-0.452653 0.382228 0.851367 
-0.246418 0.364390 0.923685 
-0.404910 0.531610 0.789870 
-0.428178 0.601535 0.685521 
-0.258052 0.563116 0.814425 
-0.501331 0.510963 0.744229 
-0.490281 0.384351 0.793348 
-0.448951 0.161225 0.915908 
-0.376218 0.079593 0.929077 
-0.231868 -0.187165 1.004414 
-0.046527 -0.093008 1.015007 
0.018889 -0.289542 0.979570 
0.214852 -0.217736 0.974446 
0.305067 -0.411020 0.889010 
0.321261 -0.293655 0.907901 
0.493475 -0.401218 0.804587 
0.266763 -0.400891 0.911167 
0.404153 -0.392311 0.840127 
0.443302 -0.212947 0.891248 
0.553447 -0.186825 0.822223 
0.593201 -0.278559 0.764081 
