-0.629188 0.717627 0.341089 
-0.660928 0.557808 0.578636 
-0.646214 0.291774 0.778935 
-0.615532 0.020021 0.834093 
-0.513294 0.252772 0.858188 
-0.327162 0.241425 0.935082 
-0.542247 0.277812 0.829000 
-0.577450 0.035763 0.851333 
-0.438835 0.073558 0.908319 
-0.308939 0.176915 0.949956 
-0.329864 0.279463 0.908595 
-0.186113 0.292636 0.949857 
-0.158580 0.332776 0.930974 
-0.139066 0.345496 0.928354 
-0.049206 0.520355 0.876444 
-0.049223 0.629673 0.787714 
0.047297 0.474560 0.905361 
-0.083256 0.387932 0.931265 
0.028562 0.128996 1.035795 
0.212286 -0.015208 1.004142 
0.018765 0.038162 1.018826 
0.105256 0.017162 0.998289 
-0.130392 0.063904 1.018340 
-0.044014 -0.074363 1.009146 
-0.075297 0.080186 1.006284 
0.150015 -0.084297 1.023899 
0.291813 -0.243443 0.951227 
0.327992 -0.072643 0.957640 
0.263010 -0.162003 0.957376 
0.487450 -0.252935 0.874051 
0.698137 -0.253713 0.718236 
0.727902 -0.306237 0.622900 
0.698425 -0.161646 0.719072 
0.696315 0.018402 0.739882 
0.845056 -0.106109 0.580776 
0.760050 -0.153165 0.641084 
0.722033 -0.423102 0.612179 
0.716015 -0.169641 0.731997 
0.824213 -0.242402 0.555533 
0.990301 -0.198066 0.285950 
0.842244 -0.305031 0.542489 
0.749292 -0.507245 0.481906 
0.841786 -0.281455 0.522214 
0.655127 -0.329763 0.738259 
0.537727 -0.521878 0.699320 
0.582155 -0.672094 0.516465 
0.524391 -0.816663 0.337146 
0.298476 -0.840397 0.547481 
0.406700 -0.648001 0.694996 
0.411935 -0.569264 0.715375 
