-0.198713 -0.015789 0.983171 
-0.262490 0.009105 0.967440 
-0.485617 -0.085147 0.905239 
-0.440757 -0.163026 0.886916 
-0.592675 -0.210394 0.798497 
-0.759761 -0.406646 0.601857 
-0.744671 -0.280740 0.616716 
-0.601910 -0.278297 0.779073 
-0.592589 -0.067782 0.831160 
-0.705349 -0.067410 0.722454 
-0.811824 -0.118537 0.597020 
-0.933844 0.009024 0.431503 
-0.879209 0.243544 0.476277 
-0.774512 0.174609 0.641796 
-0.925875 0.118443 0.441150 
-0.899753 -0.083640 0.474364 
-0.835253 -0.022873 0.563154 
-0.675044 0.163112 0.794678 
-0.671914 0.271557 0.701546 
-0.802764 0.327880 0.541982 
-0.756223 0.316040 0.575468 
-0.687871 0.087770 0.788115 
-0.602954 -0.009966 0.806836 
-0.433741 0.166555 0.926366 
-0.384119 0.084862 0.923620 
-0.561607 0.271999 0.828368 
-0.525507 0.050347 0.879173 
-0.611249 0.060597 0.797599 
-0.486580 -0.181891 0.903096 
-0.617412 -0.350106 0.750459 
-0.672416 -0.452538 0.612084 
-0.530204 -0.388739 0.789484 
-0.439569 -0.193183 0.911007 
-0.258066 -0.134481 0.977354 
-0.300736 -0.343415 0.916724 
-0.265807 -0.231299 0.943272 
-0.105608 -0.469768 0.922539 
-0.174052 -0.426700 0.890802 
-0.182418 -0.425278 0.886535 
-0.354884 -0.559342 0.786690 
-0.482414 -0.390010 0.812378 
-0.287957 -0.381874 0.903890 
-0.319048 -0.440046 0.843810 
-0.367007 -0.292027 0.898447 
-0.457860 -0.045382 0.926275 
-0.427336 -0.030621 0.903840 
-0.546751 -0.124035 0.843950 
-0.660208 -0.130160 0.753701 
-0.714043 0.123469 0.736420 
-0.808528 0.337293 0.562437 
