0.375269 -0.111049 -0.920240 
0.266421 0.029425 -0.963407 
0.388354 -0.026462 -0.921130 
0.218577 0.055315 -0.974251 
0.196388 0.201306 -0.959639 
-0.001036 0.130802 -0.991408 
0.211747 -0.071683 -0.974692 
0.360503 0.144407 -0.921512 
0.153042 0.057274 -0.986559 
0.278049 -0.054131 -0.959041 
0.372148 -0.304257 -0.876888 
0.339026 -0.372625 -0.863835 
0.137525 -0.339661 -0.930439 
0.052015 -0.240173 -0.969336 
0.257415 -0.238796 -0.936330 
0.170423 -0.098171 -0.980468 
0.174019 -0.113591 -0.978169 
0.191001 0.094306 -0.977049 
-0.010711 -0.025206 -0.999625 
-0.233622 -0.239385 -0.942399 
-0.213742 -0.289316 -0.933065 
-0.169698 -0.463109 -0.869904 
-0.195982 -0.262754 -0.944749 
-0.156834 -0.215770 -0.963767 
0.027478 0.002579 -0.999619 
0.160216 -0.062331 -0.985112 
0.349360 0.094561 -0.932205 
0.521139 -0.112479 -0.846028 
0.449297 -0.204095 -0.869757 
0.443596 -0.349184 -0.825405 
0.665611 -0.237719 -0.707426 
0.701577 -0.019854 -0.712317 
0.628220 -0.038194 -0.777098 
0.638026 -0.098574 -0.763679 
0.613682 -0.079768 -0.785513 
0.443192 -0.000035 -0.896427 
0.548228 0.143552 -0.823917 
0.596512 -0.041594 -0.801526 
0.496947 0.035093 -0.867071 
0.541511 0.149979 -0.827207 
0.352771 -0.007426 -0.935680 
0.545767 -0.106892 -0.831091 
0.566664 0.125566 -0.814325 
0.709327 -0.019113 -0.704621 
0.820069 -0.048342 -0.570219 
0.822833 0.104466 -0.558598 
0.774741 0.079920 -0.627207 
0.699411 0.174553 -0.693077 
0.742047 0.325779 -0.585862 
0.644572 0.295992 -0.704922 
