0.331885 0.443190 -0.844612 
0.329004 0.293005 -0.912691 
0.382097 0.374306 -0.852506 
0.189779 0.365937 -0.934806 
0.130793 0.337624 -0.934192 
0.018486 0.124815 -1.024785 
0.255818 -0.036957 -1.007438 
0.227542 -0.118911 -0.970247 
0.401250 -0.314131 -0.901818 
0.517399 -0.389315 -0.782789 
0.501491 -0.188639 -0.872490 
0.660241 -0.029575 -0.787619 
0.746516 -0.282485 -0.669025 
0.846313 -0.327842 -0.473947 
0.806493 -0.515695 -0.363499 
0.923488 -0.365657 -0.249273 
0.922318 -0.143841 -0.480199 
0.900474 -0.241791 -0.384083 
0.958597 -0.185584 -0.261191 
0.921432 -0.046244 -0.455084 
0.834620 0.137211 -0.584562 
0.761442 0.054608 -0.658888 
0.857587 0.181994 -0.524335 
0.890712 0.224933 -0.413325 
0.853335 0.449529 -0.353677 
0.766813 0.383647 -0.566874 
0.669772 0.565751 -0.524348 
0.665236 0.415187 -0.650567 
0.665313 0.514924 -0.557237 
0.808240 0.402423 -0.474052 
0.703297 0.344596 -0.659547 
0.771420 0.237003 -0.606013 
0.639478 0.047602 -0.832697 
0.662985 -0.215858 -0.765347 
0.773332 -0.098096 -0.655185 
0.889786 0.088114 -0.517171 
0.880074 -0.107325 -0.501405 
0.788993 -0.154376 -0.613506 
0.946271 -0.007107 -0.429668 
0.834161 0.221264 -0.585349 
0.704208 0.171219 -0.713224 
0.764264 -0.022093 -0.676362 
0.589645 -0.100420 -0.839709 
0.658347 -0.317728 -0.727468 
0.747329 -0.365434 -0.581731 
0.667059 -0.247049 -0.732847 
0.625890 -0.200599 -0.756287 
0.667251 -0.234157 -0.710543 
0.638519 -0.271537 -0.721736 
0.503789 -0.319813 -0.821145 
