0.118407 -0.510498 -0.853809 
0.223811 -0.526136 -0.827720 
0.104533 -0.398144 -0.934041 
0.135128 -0.515349 -0.858009 
0.398933 -0.476789 -0.827896 
0.401486 -0.708748 -0.648911 
0.326431 -0.801368 -0.527678 
0.308981 -0.668987 -0.713578 
0.085976 -0.614911 -0.823790 
0.164305 -0.696994 -0.714812 
0.032170 -0.554694 -0.867225 
0.198002 -0.488280 -0.867982 
0.376534 -0.577629 -0.758990 
0.120035 -0.574938 -0.853936 
-0.176118 -0.586076 -0.843862 
0.007388 -0.698271 -0.751858 
0.109740 -0.667833 -0.743469 
0.361456 -0.686940 -0.681875 
0.195848 -0.729789 -0.676198 
0.078871 -0.765966 -0.650043 
-0.196207 -0.810307 -0.619217 
-0.242991 -0.842162 -0.498103 
-0.300147 -0.814305 -0.500802 
-0.364812 -0.789949 -0.497667 
-0.230318 -0.887403 -0.436760 
-0.121355 -0.826136 -0.582604 
-0.066519 -0.953814 -0.381237 
-0.071329 -0.891321 -0.457548 
-0.107044 -0.899852 -0.425624 
-0.076157 -0.881701 -0.469008 
0.024454 -0.878276 -0.488407 
0.015566 -0.963164 -0.325416 
-0.099679 -1.004117 -0.157315 
-0.097059 -0.951032 -0.359911 
-0.339685 -0.924922 -0.302515 
-0.573794 -0.852790 -0.155513 
-0.378424 -0.911098 -0.292205 
-0.535524 -0.836792 -0.218582 
-0.442584 -0.817763 -0.438881 
-0.367122 -0.757919 -0.560376 
-0.192596 -0.871551 -0.500169 
-0.284592 -0.978888 -0.230325 
-0.275594 -0.970766 -0.071251 
-0.274825 -0.948363 -0.214185 
-0.466715 -0.829771 -0.444267 
-0.399814 -0.874415 -0.311560 
-0.415174 -0.867686 -0.276010 
-0.625806 -0.799279 -0.171637 
-0.645230 -0.706361 -0.356365 
-0.618054 -0.627759 -0.501456 
