0.499238 0.630164 -0.618749 
0.388003 0.753092 -0.559541 
0.479260 0.671639 -0.578176 
0.607109 0.585429 -0.559260 
0.516261 0.442844 -0.785481 
0.491723 0.491022 -0.722796 
0.449866 0.583699 -0.684622 
0.645122 0.379607 -0.721689 
0.431123 0.581293 -0.749601 
0.200565 0.698176 -0.733246 
0.059560 0.633574 -0.788077 
0.216845 0.549272 -0.827344 
0.391040 0.708038 -0.656043 
0.468086 0.726790 -0.524077 
0.579351 0.793350 -0.311304 
0.575437 0.690651 -0.479297 
0.708039 0.693568 -0.276039 
0.505023 0.824243 -0.360874 
0.286787 0.893135 -0.417948 
0.323620 0.928221 -0.251487 
0.330366 0.871345 -0.393514 
0.428923 0.770903 -0.503484 
0.347775 0.677958 -0.683137 
0.209924 0.677298 -0.718988 
0.137287 0.532573 -0.862731 
0.151090 0.432491 -0.894891 
0.182146 0.425295 -0.887128 
0.136737 0.327998 -0.942505 
0.363067 0.328151 -0.901845 
0.281385 0.149080 -0.970222 
0.162548 0.315134 -0.956919 
0.168833 0.403481 -0.904892 
0.134825 0.260516 -0.969371 
0.282473 0.293461 -0.926627 
0.217432 0.266899 -0.941540 
0.288803 0.251387 -0.926792 
0.352361 0.400154 -0.863638 
0.576823 0.280919 -0.809718 
0.709985 0.382143 -0.637515 
0.612146 0.176730 -0.824655 
0.415615 0.194313 -0.913547 
0.409951 0.220109 -0.885702 
0.203446 0.385200 -0.939705 
0.194237 0.579080 -0.822800 
-0.036879 0.666840 -0.784801 
-0.026416 0.787738 -0.642506 
0.016889 0.725431 -0.693964 
0.061477 0.592292 -0.826192 
0.114322 0.775507 -0.668206 
0.079539 0.695671 -0.720508 
