172
174
163
170
154
171
161
164
211
193
190
177
193
186
182
181
191
177
180
185
165
212
180
183
197
177
169
197
210
193
226
179
168
207
201
216
204
167
202
182
200
178
162
190
185
212
190
184
192
152
187
164
199
196
203
191
223
172
155
219
212
174
209
181
211
189
203
197
213
203
196
177
193
203
211
220
206
175
221
161
193
166
171
166
216
189
179
216
181
170
172
197
191
195
200
218
198
202
181
224
203
179
196
203
210
172
165
215
173
210
186
175
221
174
207
199
187
200
208
196
192
204
166
169
191
163
197
212
182
186
201
185
189
190
183
217
232
220
18
177
187
206
212
210
188
199
174
188
192
204
203
208
219
213
187
166
161
174
203
216
205
175
184
203
209
209
170
198
194
210
190
179
199
229
205
193
181
178
192
205
180
201
199
165
198
224
222
155
149
159
182
222
208
202
177
194
197
199
181
207
188
196
176
175
193
198
185
174
203
197
189
203
158
188
203
162
191
163
191
193
230
195
154
172
216
192
163
191
152
184
187
216
227
144
190
205
201
193
231
202
193
218
228
225
159
170
237
223
203
192
216
207
185
171
165
191
192
149
167
230
228
224
178
207
208
216
242
236
169
184
232
208
191
176
216
217
212
208
171
164
192
199
163
212
177
201
188
220
179
153
175
181
192
208
206
192
219
173
171
172
209
220
240
199
208
210
169
214
185
173
218
174
220
200
195
204
219
171
205
190
177
202
223
182
185
157
193
164
180
192
183
196
177
174
183
199
188
235
