-0.308898 0.876109 0.370156 
-0.447098 0.766833 0.460511 
-0.320748 0.814295 0.483782 
-0.468636 0.704566 0.532885 
-0.245985 0.918796 0.308716 
-0.316530 0.761084 0.566180 
-0.225793 0.796597 0.560759 
-0.527073 0.746387 0.406325 
-0.155846 0.843932 0.513313 
-0.391312 0.821941 0.413869 
-0.493724 0.636244 0.592816 
-0.188091 0.750912 0.633051 
-0.551059 0.772775 0.314884 
-0.068753 0.867735 0.492250 
-0.246764 0.942085 0.227119 
-0.099311 0.774917 0.624212 
-0.245734 0.691781 0.679010 
-0.532980 0.797089 0.283870 
-0.316593 0.788524 0.527256 
-0.175841 0.950869 0.254812 
-0.620044 0.720923 0.309541 
-0.520579 0.565256 0.639909 
-0.120750 0.969149 0.214873 
0.008312 0.890751 0.454415 
-0.041608 0.973517 0.224796 
-0.648770 0.667086 0.366188 
-0.516198 0.501194 0.694510 
-0.606508 0.655039 0.450635 
-0.140937 0.966104 0.216285 
-0.439370 0.600829 0.667802 
-0.469348 0.462964 0.751916 
-0.254929 0.865858 0.430465 
-0.196702 0.955166 0.221285 
-0.335491 0.910830 0.240487 
-0.163072 0.962211 0.218078 
-0.020862 0.806013 0.591530 
-0.160691 0.688510 0.707200 
-0.328991 0.827607 0.454788 
-0.531867 0.679706 0.505091 
-0.654198 0.684829 0.320989 
-0.667181 0.589422 0.455469 
-0.474018 0.838449 0.268906 
-0.364461 0.656324 0.660612 
-0.342414 0.907931 0.241689 
0.058461 0.822383 0.565923 
0.127580 0.799306 0.587225 
-0.103145 0.905009 0.412698 
-0.249821 0.821309 0.512876 
-0.340927 0.908560 0.241429 
-0.126259 0.962246 0.241124 
-0.357044 0.695333 0.623724 
-0.628561 0.712300 0.312314 
-0.164027 0.724660 0.669301 
-0.171040 0.661177 0.730473 
-0.319202 0.647565 0.691932 
-0.667499 0.641292 0.378404 
-0.464140 0.586588 0.663693 
-0.251286 0.874431 0.415000 
-0.402578 0.879699 0.253101 
-0.162290 0.962358 0.218010 
-0.588184 0.492157 0.641733 
-0.385090 0.587046 0.712098 
-0.342027 0.541350 0.768087 
-0.249690 0.617624 0.745785 
-0.036239 0.976748 0.211306 
-0.440867 0.786316 0.432833 
-0.651463 0.490890 0.578465 
-0.224312 0.800737 0.555432 
-0.448376 0.854294 0.262947 
-0.222555 0.722252 0.654844 
-0.078108 0.894054 0.441096 
-0.572771 0.764781 0.295032 
-0.324800 0.634004 0.701815 
-0.075001 0.721339 0.688510 
-0.713506 0.590729 0.376761 
-0.644789 0.695187 0.317746 
-0.605621 0.598549 0.524369 
-0.736772 0.524532 0.426653 
-0.483611 0.804452 0.344931 
-0.546627 0.742235 0.387667 
-0.064741 0.818166 0.571325 
0.061404 0.856157 0.513054 
-0.529068 0.743894 0.408299 
-0.258807 0.679878 0.686138 
-0.175195 0.596852 0.782990 
-0.242451 0.943020 0.227884 
-0.303453 0.923357 -0.235220 
-0.506945 0.816245 0.277040 
-0.679942 0.654689 0.330246 
-0.143243 0.965726 -0.216460 
-0.478196 0.835750 0.269907 
-0.408701 0.659584 0.630803 
-0.257230 0.938948 0.228496 
-0.707107 0.619615 0.340701 
-0.193464 0.900545 0.389346 
-0.388635 0.867187 0.311367 
-0.549475 0.723235 0.418339 
-0.570323 0.586815 0.574787 
0.013043 0.928482 0.371148 
-0.314124 0.911592 0.265192 
-0.245975 0.942316 0.227017 
-0.228627 0.947189 0.224860 
-0.398329 0.881878 0.252239 
-0.506607 0.701196 0.501671 
-0.555375 0.779381 0.290041 
-0.027348 0.750263 0.660574 
-0.239244 0.607939 0.757081 
-0.466765 0.843055 0.267187 
-0.566215 0.579876 0.585786 
-0.325894 0.569457 0.754660 
-0.390953 0.489804 0.779261 
-0.527714 0.744170 0.409546 
-0.406338 0.744764 0.529355 
-0.713766 0.610430 0.343386 
-0.438442 0.704572 0.557985 
-0.009843 0.694759 0.719176 
-0.677193 0.570342 0.464888 
-0.607023 0.626126 0.489376 
-0.167499 0.865719 0.471672 
-0.429787 0.418352 0.800165 
0.035879 0.897805 0.438929 
-0.124907 0.955379 0.267674 
-0.156486 0.950373 0.268891 
-0.080840 0.677259 0.731290 
-0.503930 0.399345 0.765884 
-0.134830 0.967076 0.215835 
-0.079095 0.973924 0.212638 
-0.329970 0.913093 0.239544 
0.095813 0.867186 0.488681 
-0.339019 0.909362 0.241097 
-0.484891 0.831214 0.271961 
-0.619282 0.636948 0.459116 
-0.137540 0.966650 0.216032 
0.032289 0.962085 0.270833 
-0.717410 0.605295 0.344878 
-0.194925 0.679038 0.707751 
-0.196408 0.955233 0.221254 
-0.478799 0.656894 0.582445 
-0.107451 0.772126 0.626319 
-0.318550 0.782230 0.535390 
-0.041457 0.951672 0.304306 
0.070409 0.860856 0.503954 
-0.122816 0.933613 0.336574 
-0.628909 0.527406 0.571241 
-0.457917 0.590839 0.664245 
-0.008760 0.892053 0.451846 
-0.687970 0.644700 0.333257 
-0.542851 0.431912 0.720253 
-0.444271 0.856719 -0.262023 
-0.471927 0.732786 0.490213 
-0.580312 0.448919 0.679493 
-0.188838 0.670507 0.717469 
-0.514079 0.526227 0.677353 
-0.264784 0.735112 0.624099 
-0.371264 0.895087 -0.246947 
-0.464022 0.817492 0.341161 
-0.401368 0.880323 0.252855 
-0.678083 0.656959 0.329557 
-0.173880 0.960096 0.219045 
-0.089147 0.972956 -0.213093 
0.170480 0.833790 0.525100 
-0.265041 0.936513 -0.229559 
0.169158 0.856028 0.488469 
-0.050296 0.949082 0.310988 
-0.215166 0.950708 0.223290 
0.191311 0.814734 0.547365 
-0.687933 0.561447 0.459919 
-0.210030 0.951990 0.222715 
-0.628034 0.625707 0.462671 
0.136026 0.861579 0.489059 
-0.439108 0.845803 0.302987 
-0.621562 0.719403 0.310031 
-0.281432 0.894553 0.347232 
-0.526753 0.710279 0.466942 
-0.170982 0.960677 0.218780 
-0.172897 0.802114 0.571594 
-0.619982 0.708233 0.337682 
-0.220376 0.949373 0.223887 
-0.519792 0.520738 0.677236 
-0.306339 0.922287 -0.235675 
-0.656093 0.464739 0.594610 
-0.138449 0.966506 -0.216099 
-0.491656 0.519286 0.699011 
-0.567038 0.769678 0.293367 
-0.608447 0.732291 0.305846 
-0.545557 0.432723 0.717718 
-0.406419 0.877704 0.253888 
-0.151145 0.964381 0.217080 
-0.087236 0.973149 0.213003 
-0.159996 0.860936 0.482899 
-0.221525 0.931918 0.287152 
-0.244991 0.612570 0.751490 
-0.203607 0.944236 0.258770 
-0.315261 0.485367 0.815494 
-0.437031 0.413425 0.798801 
-0.736738 0.576673 0.353080 
-0.356747 0.901705 -0.244252 
-0.364714 0.590596 0.719847 
-0.047030 0.916142 0.398086 
-0.707712 0.618790 0.340943 
-0.268840 0.935299 0.230087 
-0.068359 0.974830 0.212212 
-0.180129 0.660335 0.729049 
-0.383261 0.830680 0.403834 
-0.675558 0.660019 0.328628 
-0.513766 0.450180 0.730330 
-0.256315 0.863857 0.433651 
-0.184207 0.917240 0.353183 
0.172370 0.758852 0.628038 
-0.443382 0.857240 0.261824 
-0.003087 0.952398 0.304843 
-0.559805 0.652208 0.511119 
-0.458430 0.821486 0.339121 
-0.472675 0.829250 0.298200 
-0.736083 0.496185 0.460416 
-0.247505 0.774674 0.581912 
-0.219850 0.917044 0.332710 
-0.681876 0.652309 0.330966 
-0.442808 0.677259 0.587572 
-0.157056 0.891103 0.425756 
0.054832 0.807702 0.587035 
-0.427744 0.720883 0.545309 
-0.548826 0.784683 0.288207 
-0.763677 0.532201 0.365458 
-0.653756 0.656334 0.376601 
-0.517991 0.808297 0.279894 
0.081648 0.940872 0.328776 
