170
190
157
183
191
177
192
179
194
191
188
181
199
186
241
176
190
177
192
179
182
147
177
176
219
154
192
185
182
178
174
193
193
191
165
149
138
196
205
172
201
179
178
235
174
182
201
173
152
176
185
179
170
164
191
182
187
199
152
170
154
208
198
202
175
239
172
181
180
177
196
177
196
200
188
164
227
194
183
205
156
194
164
200
176
227
184
149
175
187
200
204
174
194
204
184
220
208
171
208
185
172
193
206
193
161
194
171
172
204
205
218
196
214
186
193
232
181
208
214
213
207
181
195
222
205
162
202
173
173
135
197
185
207
160
185
202
175
173
177
196
177
167
169
195
188
210
217
207
178
180
176
154
187
190
196
144
191
191
184
173
166
227
159
190
208
198
166
225
213
179
210
173
161
171
167
167
217
215
190
190
170
192
184
197
178
171
156
172
174
207
213
217
201
218
227
196
181
180
255
185
178
179
189
207
185
181
175
210
191
190
156
167
191
171
203
165
195
189
198
158
193
197
207
206
185
167
