0.965391 -0.043025 0.257232 
0.975039 0.064368 0.212500 
0.960328 0.120560 0.251467 
0.938902 0.140764 0.314083 
0.913799 0.154858 0.375486 
0.991425 0.004159 0.130612 
0.980794 0.111008 0.160379 
0.997978 0.014706 0.061842 
0.946097 -0.027286 0.322733 
0.923837 -0.062404 0.377666 
0.968152 0.176956 0.177112 
0.932135 -0.120933 0.341320 
0.968710 -0.105349 0.224728 
0.972343 0.203808 0.114068 
0.929058 0.021274 0.369322 
0.955059 -0.171052 0.242080 
0.998947 -0.041033 0.020507 
0.906232 -0.154328 0.393606 
0.955163 0.036021 0.293883 
0.979402 0.196498 0.046480 
0.999056 0.043438 -0.000458 
0.993394 -0.107191 0.040969 
0.983256 -0.173959 0.054279 
0.972345 -0.202674 0.116053 
0.987007 0.160311 -0.010824 
0.991547 0.088444 0.094936 
0.904444 0.220492 0.365190 
0.948682 -0.232875 0.213943 
0.948768 0.220026 0.226776 
