0.794617 0.253432 0.556198 
0.788953 0.252759 0.566044 
0.868845 0.221565 0.448349 
0.890220 0.201823 0.422792 
0.896564 0.157894 0.435018 
0.966256 -0.002192 0.401500 
0.770402 0.319580 0.562366 
0.693222 0.530415 0.582027 
0.815631 0.185916 0.556108 
0.834164 0.126368 0.556028 
0.788605 0.362737 0.509393 
0.794339 0.376335 0.492703 
0.785032 0.167317 0.617081 
0.709504 0.121409 0.767583 
0.840626 0.310518 0.449363 
0.843885 0.326475 0.435594 
0.752871 0.413874 0.542682 
0.716566 0.465831 0.576505 
0.749629 0.163919 0.678197 
0.718152 0.160899 0.732536 
0.853952 0.360409 0.401059 
0.874643 0.437869 0.326064 
0.714314 0.427013 0.600481 
0.697708 0.432672 0.625373 
0.878830 0.114034 0.487572 
0.877380 0.110449 0.491868 
0.764950 0.465297 0.495674 
0.769029 0.482667 0.479795 
0.931507 0.163044 0.373761 
0.956776 0.166769 0.329462 
0.947770 0.209030 0.322567 
0.956558 0.233880 0.294902 
0.839788 0.428677 0.389276 
0.830756 0.472210 0.381762 
0.737056 0.113095 0.725723 
0.729774 0.083660 0.753249 
0.879221 0.403870 0.336082 
0.894205 0.394444 0.315870 
0.957200 0.097801 0.364644 
0.979808 0.040391 0.356622 
0.901265 0.047033 0.484829 
0.916878 0.000409 0.482921 
0.869219 0.032435 0.546147 
0.862745 0.029485 0.558535 
0.703649 0.373944 0.645977 
0.701683 0.364160 0.654364 
0.884961 0.300332 0.380342 
0.895505 0.279904 0.373298 
0.729066 0.308517 0.637417 
0.733065 0.298223 0.636071 
0.938774 0.001807 0.445488 
0.942459 -0.002636 0.441623 
0.798293 0.099136 0.630332 
0.803991 0.069840 0.636026 
0.910661 0.330286 0.321671 
0.912090 0.331952 0.318408 
0.925118 0.378725 0.272228 
0.926880 0.384630 0.266201 
0.777841 0.059534 0.685227 
0.777603 0.059073 0.685865 
0.729054 0.515988 0.529468 
0.717084 0.532891 0.540737 
0.944220 0.420499 0.218468 
0.946682 0.425883 0.211538 
0.715199 0.218197 0.707667 
0.698869 0.243941 0.721644 
0.974345 0.004538 0.384437 
0.979267 0.004916 0.375989 
0.692355 0.518136 0.589871 
0.691903 0.518163 0.590615 
0.838831 0.119251 0.551909 
0.839944 0.116053 0.551708 
