-0.861745 -0.359113 0.365287 
-0.877853 -0.260472 0.449566 
-0.895596 -0.298134 0.353637 
-0.933093 -0.230587 0.340732 
-0.847184 -0.462791 0.270379 
-0.832993 -0.584902 0.150700 
-0.810536 -0.505073 0.313612 
-0.749865 -0.575072 0.385184 
-0.793276 -0.489083 0.380293 
-0.776054 -0.473126 0.446832 
-0.843529 -0.510619 0.218426 
-0.837121 -0.594463 0.127351 
-0.932472 -0.252054 0.314692 
-1.015985 -0.147700 0.226497 
-0.880033 -0.469794 0.173696 
-0.929341 -0.414649 0.113276 
-0.961451 -0.241433 0.251073 
-0.985598 -0.232583 0.198062 
-0.790722 -0.449167 0.438605 
-0.790304 -0.442634 0.448149 
-0.755995 -0.508682 0.454481 
-0.755031 -0.510334 0.454922 
-0.896954 -0.486429 0.107085 
-0.901271 -0.490674 0.090089 
-0.794455 -0.401248 0.490468 
-0.795864 -0.383157 0.510049 
-0.888576 -0.264675 0.415533 
-0.884556 -0.245512 0.450984 
-0.955313 -0.188521 0.335715 
-0.958971 -0.178345 0.339082 
-0.907282 -0.405378 0.184096 
-0.916946 -0.382533 0.187784 
-0.729160 -0.573086 0.442994 
-0.677909 -0.696086 0.421055 
-0.952189 -0.295332 0.206249 
-0.950503 -0.305142 0.198091 
-0.810167 -0.572233 0.227949 
-0.801383 -0.588457 0.230457 
-0.932629 -0.429266 0.085645 
-0.943624 -0.411649 0.079038 
-0.837901 -0.564979 0.163310 
-0.839120 -0.564660 0.160467 
-0.897425 -0.529135 0.050730 
-0.897466 -0.532830 0.045855 
-0.702004 -0.637500 0.432346 
-0.695835 -0.652133 0.429927 
-0.774769 -0.605732 0.279181 
-0.771362 -0.608956 0.284111 
-0.952004 -0.367367 0.113807 
-0.952299 -0.366423 0.114237 
-0.914111 -0.353984 0.232178 
-0.914249 -0.352951 0.233145 
-0.711047 -0.667816 0.369107 
-0.712541 -0.672825 0.358658 
-0.867150 -0.257086 0.482491 
-0.857901 -0.253811 0.511397 
-0.793759 -0.358835 0.547043 
-0.793163 -0.322439 0.595591 
-0.998351 -0.194135 0.213639 
-1.004919 -0.185716 0.206976 
-0.979182 -0.289995 0.141112 
-0.981759 -0.289485 0.134894 
-0.841602 -0.258837 0.548402 
-0.839189 -0.259002 0.554626 
-0.839867 -0.321502 0.472185 
-0.835766 -0.331183 0.470636 
-0.755324 -0.569830 0.377383 
-0.758788 -0.569399 0.368698 
-0.750613 -0.472779 0.515161 
-0.750003 -0.468710 0.522039 
