-0.930866 -0.132140 -0.347890 
-0.977880 -0.283207 -0.207681 
-0.912705 -0.193861 -0.377229 
-0.876450 -0.317078 -0.435800 
-0.919610 -0.011166 -0.398989 
-0.929452 0.143939 -0.408237 
-0.939936 0.046725 -0.363840 
-0.965182 0.118631 -0.320183 
-0.888421 -0.241284 -0.423719 
-0.852369 -0.311685 -0.492735 
-0.951246 0.115486 -0.351837 
-0.955384 0.140645 -0.347446 
-0.864313 -0.215406 -0.484950 
-0.830462 -0.179070 -0.570930 
-0.894288 0.008996 -0.461856 
-0.830625 0.059683 -0.619907 
-0.958205 -0.099963 -0.291170 
-0.991254 -0.061063 -0.222600 
-0.980542 -0.132718 -0.232619 
-1.014751 -0.182882 -0.142950 
-0.901514 -0.296776 -0.381896 
-0.905495 -0.313650 -0.369179 
-0.852069 -0.283566 -0.499243 
-0.839824 -0.351730 -0.513537 
-0.866264 0.008803 -0.526776 
-0.863818 0.008786 -0.532442 
-0.936525 -0.220953 -0.316413 
-0.951134 -0.237568 -0.279115 
-0.873375 -0.054987 -0.497107 
-0.874428 -0.064438 -0.492711 
-0.965345 0.027014 -0.300865 
-0.975995 0.018752 -0.274470 
-1.002323 -0.167380 -0.174964 
-1.018871 -0.193712 -0.131163 
-0.987931 -0.004854 -0.241922 
-0.988182 -0.005208 -0.241268 
-0.845036 -0.060513 -0.561654 
-0.837593 -0.061965 -0.578609 
-0.894324 -0.149380 -0.429032 
-0.894139 -0.148932 -0.429554 
-0.979572 0.120743 -0.287262 
-0.985200 0.121787 -0.274432 
-0.956968 -0.259818 -0.260990 
-0.959857 -0.265309 -0.253160 
-0.842405 0.035730 -0.587650 
-0.841937 0.036259 -0.588844 
-0.845086 0.105902 -0.595941 
-0.845593 0.119183 -0.597510 
-1.004238 0.166792 -0.239606 
-1.007893 0.173615 -0.232544 
-0.814660 0.038876 -0.652614 
-0.810857 0.039307 -0.661518 
-0.827819 -0.258311 -0.560677 
-0.823746 -0.254069 -0.570995 
-0.997148 -0.237854 -0.172392 
-0.996717 -0.243725 -0.172178 
-0.845966 -0.170841 -0.536693 
-0.842152 -0.161576 -0.547450 
-1.001442 0.086378 -0.229462 
-1.004884 0.080970 -0.220366 
-0.822857 -0.140917 -0.596446 
-0.817374 -0.133818 -0.610623 
-0.870755 0.087582 -0.532652 
-0.871205 0.087261 -0.531542 
-0.925417 0.132916 -0.415312 
-0.913964 0.140645 -0.443460 
-0.842970 -0.353372 -0.505904 
-0.840794 -0.370067 -0.507497 
-0.871463 -0.338184 -0.442996 
-0.871477 -0.338176 -0.442965 
-1.000479 -0.074063 -0.198529 
-1.001623 -0.070696 -0.196573 
-0.815988 -0.029686 -0.635364 
-0.816121 -0.036557 -0.633635 
-0.981159 0.196833 -0.299313 
-0.978477 0.200324 -0.306251 
