0.779953 0.247100 -0.579322 
0.748040 0.288709 -0.612087 
0.769223 0.188320 -0.617134 
0.753025 0.099584 -0.674215 
0.753716 0.310761 -0.595415 
0.704395 0.430432 -0.625666 
0.713588 0.318123 -0.653169 
0.689936 0.322462 -0.687208 
0.855987 0.163645 -0.495486 
0.910986 0.113746 -0.430988 
0.885684 0.103597 -0.472850 
0.943275 -0.012854 -0.428953 
0.878550 0.207925 -0.445185 
0.885072 0.220725 -0.430644 
0.752637 0.135789 -0.661467 
0.743816 0.107851 -0.685046 
0.921283 0.118697 -0.413650 
0.950101 0.130920 -0.365728 
0.739532 0.079347 -0.701996 
0.726519 0.023303 -0.742240 
0.793465 0.115152 -0.607549 
0.796081 0.113829 -0.604093 
0.877734 0.274666 -0.421840 
0.876994 0.335122 -0.400693 
0.715183 0.180507 -0.701437 
0.696011 0.203397 -0.721896 
0.754289 0.376830 -0.570224 
0.754961 0.454308 -0.540683 
0.913765 0.288272 -0.362539 
0.926373 0.293033 -0.341789 
0.799544 0.046566 -0.623642 
0.803359 0.003533 -0.633740 
0.841119 0.321918 -0.459610 
0.835236 0.329511 -0.465679 
0.912147 0.040137 -0.456344 
0.939282 -0.024936 -0.439418 
0.835416 -0.002653 -0.587715 
0.866872 -0.045813 -0.556210 
0.905355 0.357314 -0.349789 
0.903525 0.372338 -0.347014 
0.904016 -0.020917 -0.491076 
0.899666 -0.053585 -0.509659 
0.707277 0.054422 -0.759775 
0.700863 0.049465 -0.771265 
0.681663 0.234770 -0.731964 
0.677452 0.241585 -0.735798 
0.718001 0.424972 -0.607176 
0.706210 0.440615 -0.619182 
0.812499 0.383225 -0.480160 
0.810112 0.388338 -0.481874 
0.944343 -0.030238 -0.433744 
0.945442 -0.030492 -0.432182 
0.808135 0.298924 -0.517776 
0.806437 0.297741 -0.520771 
0.674168 0.320093 -0.711839 
0.670484 0.320277 -0.717323 
0.869167 0.405720 -0.386493 
0.862537 0.414589 -0.393217 
0.667861 0.388733 -0.696069 
0.665604 0.413285 -0.690429 
0.777428 0.001593 -0.673526 
0.774583 -0.004192 -0.679942 
0.933986 0.390632 -0.294380 
0.935702 0.392629 -0.291059 
0.925553 0.182602 -0.383686 
0.925998 0.189264 -0.380563 
0.857962 0.068424 -0.527571 
0.854061 0.063473 -0.535273 
0.677865 0.456759 -0.655947 
0.673614 0.460126 -0.661113 
0.684666 0.120720 -0.769432 
0.682434 0.127266 -0.770386 
