-0.706691 0.641793 -0.297806 
-0.739866 0.638716 -0.211283 
-0.797222 0.543317 -0.263143 
-0.744261 0.652440 -0.142824 
-0.744230 0.663690 -0.075078 
-0.671798 0.692202 -0.263711 
-0.796258 0.510174 -0.325110 
-0.827649 0.449480 -0.336102 
-0.755803 0.535780 -0.376433 
-0.801740 0.444119 -0.399963 
-0.696484 0.712668 -0.083750 
-0.670706 0.649982 -0.357318 
-0.652291 0.728862 -0.208032 
-0.863451 0.412535 -0.290288 
-0.649528 0.633156 -0.420982 
-0.610242 0.633598 -0.475560 
-0.619402 0.730919 -0.286530 
-0.649679 0.579966 -0.491484 
-0.614421 0.770376 -0.170317 
-0.826790 0.524902 -0.202227 
-0.865259 0.367729 -0.340738 
-0.854588 0.334498 -0.397228 
-0.601022 0.791812 -0.108659 
-0.861493 0.481380 -0.161567 
-0.814265 0.562265 -0.144326 
-0.869651 0.484665 -0.093843 
-0.596339 0.721948 -0.350957 
-0.568320 0.683846 -0.457567 
-0.788582 0.610487 -0.073781 
-0.851011 0.523558 -0.040834 
-0.887596 0.422304 -0.183937 
-0.764351 0.455491 -0.456394 
-0.714912 0.550926 -0.430560 
-0.880464 0.474022 -0.009243 
-0.854563 0.459928 -0.241224 
