-0.729217 -0.687373 0.027602 
-0.726844 -0.698276 -0.030263 
-0.692648 -0.710425 0.143301 
-0.630355 -0.767533 0.216420 
-0.732193 -0.694259 -0.042709 
-0.737455 -0.706435 -0.167013 
-0.777232 -0.637111 0.014628 
-0.881246 -0.528229 -0.013477 
-0.647881 -0.761760 0.124310 
-0.558131 -0.864680 0.086236 
-0.721293 -0.671860 0.195187 
-0.785393 -0.585558 0.311296 
-0.749831 -0.684871 -0.110538 
-0.763313 -0.677695 -0.162380 
-0.745522 -0.637383 0.251969 
-0.780299 -0.587898 0.333471 
-0.825398 -0.585750 0.008143 
-0.898866 -0.507411 -0.001748 
-0.834043 -0.586463 -0.062033 
-0.839190 -0.586888 -0.103815 
-0.617760 -0.785939 0.183539 
-0.598309 -0.801552 0.221784 
-0.792883 -0.585168 0.257494 
-0.840513 -0.532659 0.263050 
-0.873030 -0.533584 0.011291 
-0.881284 -0.524545 0.011836 
-0.767646 -0.603433 0.320972 
-0.758171 -0.610290 0.344803 
-0.581769 -0.830915 0.142528 
-0.558864 -0.859539 0.116427 
-0.701750 -0.735399 -0.098915 
-0.695616 -0.741846 -0.097433 
-0.683382 -0.739223 0.013087 
-0.663393 -0.761836 0.006757 
-0.786262 -0.652710 -0.161905 
-0.792172 -0.647493 -0.170237 
-0.777171 -0.622777 0.114689 
-0.784679 -0.614204 0.117628 
-0.625856 -0.767399 0.251293 
-0.626833 -0.765162 0.259465 
-0.660851 -0.723255 0.294034 
-0.667557 -0.714795 0.302225 
-0.838873 -0.539249 0.229631 
-0.867908 -0.510257 0.212039 
-0.861344 -0.536244 0.080978 
-0.856057 -0.537447 0.112505 
-0.646323 -0.785075 -0.025954 
-0.643266 -0.788858 -0.029175 
-0.598238 -0.836821 -0.022760 
-0.587005 -0.848910 -0.022014 
-0.656454 -0.787006 -0.115796 
-0.655892 -0.787645 -0.116005 
-0.729179 -0.638286 0.368989 
-0.701636 -0.663242 0.403371 
-0.816667 -0.571806 0.170920 
-0.814817 -0.574518 0.166028 
-0.553255 -0.869362 0.090481 
-0.550699 -0.872808 0.085816 
-0.752438 -0.695859 -0.206560 
-0.750516 -0.698310 -0.209097 
-0.909498 -0.484760 0.075446 
-0.947572 -0.444053 0.071072 
-0.700437 -0.746864 -0.168678 
-0.700395 -0.747229 -0.170895 
-0.952499 -0.434482 0.100406 
-0.954507 -0.432135 0.101572 
-0.608261 -0.816309 0.044164 
-0.609542 -0.813687 0.052716 
-0.907248 -0.477092 0.145704 
-0.907050 -0.476415 0.151908 
-0.681034 -0.689825 0.374066 
-0.674655 -0.696654 0.374739 
