-0.131442 0.799718 0.590063 
0.015266 0.792421 0.651724 
-0.062120 0.810429 0.598993 
0.093646 0.834498 0.619061 
-0.261599 0.806337 0.535151 
-0.458699 0.816580 0.451683 
0.006321 0.815184 0.616117 
0.081409 0.820400 0.634904 
-0.216365 0.760816 0.615909 
-0.279009 0.627521 0.784237 
-0.235997 0.718674 0.669188 
-0.265355 0.655655 0.748860 
0.075095 0.821341 0.631355 
0.085505 0.822273 0.633661 
0.050870 0.779342 0.682825 
0.045846 0.770632 0.693498 
-0.328469 0.806075 0.512165 
-0.477132 0.805494 0.461064 
-0.178853 0.705077 0.708553 
-0.099679 0.686237 0.763094 
-0.256947 0.847589 0.477909 
-0.252893 0.883547 0.428014 
-0.397771 0.793528 0.505862 
-0.491866 0.776491 0.497303 
-0.269784 0.885360 0.419526 
-0.279895 0.915110 0.373542 
-0.114447 0.700628 0.737399 
-0.099535 0.699598 0.744078 
-0.188992 0.866791 0.474247 
-0.118452 0.886723 0.470445 
-0.304762 0.702209 0.668662 
-0.376071 0.685136 0.668116 
-0.145199 0.905441 0.434392 
-0.074308 0.968005 0.369877 
-0.433577 0.822399 0.452155 
-0.440677 0.828125 0.441504 
-0.299060 0.662703 0.727029 
-0.297000 0.648427 0.748120 
-0.084495 0.845165 0.541610 
-0.091195 0.855566 0.524428 
-0.226150 0.924059 0.379546 
-0.208593 0.939630 0.363459 
-0.465444 0.773596 0.510665 
-0.491518 0.765916 0.512516 
-0.200679 0.662977 0.761005 
-0.208432 0.648022 0.779637 
-0.373865 0.694156 0.656015 
-0.390063 0.692269 0.653050 
-0.245354 0.624610 0.800148 
-0.272520 0.601279 0.823951 
-0.179567 0.961763 0.342016 
-0.162279 0.975755 0.328088 
-0.040805 0.883846 0.501675 
0.000428 0.920351 0.463986 
-0.112990 0.961367 0.365837 
-0.094400 0.961257 0.372489 
-0.367881 0.846152 0.441209 
-0.366711 0.846575 0.441014 
-0.320240 0.767133 0.570610 
-0.318777 0.760207 0.581004 
-0.122982 0.760830 0.648511 
-0.122314 0.757761 0.653124 
0.027690 0.888807 0.518522 
0.037829 0.889541 0.521016 
-0.410366 0.751555 0.561357 
-0.412916 0.743058 0.572592 
-0.018445 0.767081 0.676107 
-0.034821 0.764185 0.674520 
-0.029557 0.925735 0.445829 
-0.026946 0.935457 0.432867 
