0.328848 -0.134189 0.934801 
0.344823 -0.200341 0.917039 
0.215013 -0.092190 0.972250 
0.148529 -0.075244 0.986041 
0.396906 -0.234916 0.887288 
0.146718 -0.144922 0.978505 
0.340554 -0.064942 0.937979 
0.415468 -0.168128 0.893935 
0.306618 -0.259158 0.915873 
0.364342 -0.000212 0.931265 
0.407940 0.047635 0.911765 
0.170977 -0.009180 0.985232 
0.437796 -0.012820 0.898983 
0.227547 0.029673 0.973315 
0.140822 -0.213716 0.966693 
0.101764 -0.269528 0.957601 
0.101984 -0.334327 0.936923 
0.079496 -0.392284 0.916402 
0.255175 0.091044 0.962599 
0.269574 -0.317430 0.909158 
0.337924 0.062803 0.939076 
0.232330 -0.265332 0.935747 
0.102882 -0.006410 0.994673 
0.330539 -0.335063 0.882313 
0.399977 -0.090887 0.912008 
0.054334 -0.222047 0.973521 
0.430945 -0.284583 0.856329 
0.387846 0.111674 0.914934 
0.474988 -0.175672 0.862279 
0.052729 -0.053506 0.997174 
0.048128 0.031119 0.998356 
0.485646 -0.297361 0.822025 
0.296814 -0.012802 0.954850 
0.162727 -0.360215 0.918567 
0.078114 -0.146923 0.986059 
0.226602 -0.375547 0.898675 
0.124151 0.058464 0.990540 
