-0.780240 -0.593274 0.198119 
-0.799941 -0.546762 0.247275 
-0.784059 -0.534933 0.314799 
-0.740421 -0.648013 0.178481 
-0.751296 -0.542183 0.376288 
-0.749937 -0.501457 0.431434 
-0.691840 -0.698439 0.183140 
-0.703845 -0.549570 0.450083 
-0.652823 -0.719349 0.237402 
-0.683576 -0.720270 0.118051 
-0.819588 -0.475440 0.319737 
-0.842905 -0.474308 0.254053 
-0.663579 -0.604974 0.440079 
-0.678149 -0.676683 0.286728 
-0.796902 -0.589890 0.130294 
-0.872993 -0.413688 0.258350 
-0.693625 -0.513441 0.505235 
-0.726595 -0.682541 0.078724 
-0.836811 -0.535247 0.115143 
-0.842388 -0.536776 0.047483 
-0.633637 -0.696697 0.336329 
-0.860878 -0.484406 0.155692 
-0.736440 -0.676393 0.012216 
-0.616481 -0.762113 0.197823 
-0.584380 -0.743141 0.325947 
-0.595591 -0.700571 0.393028 
-0.806143 -0.591132 0.026389 
-0.532404 -0.784122 0.318901 
-0.900351 -0.384151 0.204444 
-0.689788 -0.722967 0.038877 
-0.793838 -0.459923 0.397860 
-0.685627 -0.622506 0.377361 
-0.633193 -0.765787 0.112415 
-0.763726 -0.644327 -0.039551 
-0.846619 -0.414747 0.333499 
-0.525302 -0.811072 0.257333 
