0.992678 0.133195 -0.043006 
0.993407 0.129412 -0.045123 
0.973472 0.234511 0.048551 
0.957477 0.321044 0.171520 
0.982239 0.183736 -0.091345 
0.976370 0.212153 -0.118525 
0.974872 0.230689 0.119144 
0.976991 0.224906 0.225918 
0.992301 0.130758 -0.137085 
1.015857 0.006740 -0.244160 
0.983675 0.188783 0.175415 
0.991954 0.149373 0.228335 
0.997405 0.119617 0.180674 
1.031199 -0.050622 0.193617 
0.959996 0.301860 0.031741 
0.942605 0.388772 0.010047 
0.952784 0.341013 0.090179 
0.942971 0.394291 0.169701 
0.951550 0.350483 0.160242 
0.949906 0.363105 0.253625 
0.969594 0.246252 -0.121870 
0.962551 0.281073 -0.138871 
0.962792 0.277732 -0.184820 
0.957431 0.302544 -0.234436 
0.949834 0.342019 -0.211266 
0.939222 0.394666 -0.232923 
0.959157 0.301018 -0.078374 
0.955384 0.320817 -0.062649 
1.003087 0.087990 0.117686 
1.005495 0.074584 0.090987 
1.010989 0.051580 0.194326 
1.018448 0.014215 0.201824 
0.945915 0.366955 -0.100212 
0.939043 0.401170 -0.111544 
1.003162 0.082414 0.005071 
1.004116 0.077795 0.009444 
1.003733 0.071287 -0.173588 
1.020309 -0.014952 -0.226520 
1.016812 0.018625 0.118061 
1.021252 -0.003814 0.118182 
0.934742 0.425211 -0.061723 
0.931531 0.441956 -0.050660 
0.973443 0.221945 -0.226943 
0.974526 0.216273 -0.231225 
0.939085 0.409877 0.081811 
0.937167 0.419519 0.080639 
0.937428 0.406001 -0.183837 
0.936506 0.410755 -0.181799 
0.986717 0.154146 -0.242013 
0.990009 0.137332 -0.245751 
0.959366 0.313734 0.220146 
0.962439 0.299288 0.243695 
1.015708 0.017800 -0.020769 
1.027950 -0.045253 -0.045984 
1.022676 -0.020162 -0.080017 
1.023115 -0.022552 -0.083748 
0.946643 0.379144 0.243804 
0.940811 0.409127 0.254649 
1.029268 -0.050085 -0.006356 
1.029699 -0.052244 -0.005897 
1.028107 -0.040208 0.080496 
1.029740 -0.048716 0.075064 
1.024724 -0.017729 0.197079 
1.025629 -0.022296 0.197260 
1.022240 -0.021218 -0.150718 
1.022118 -0.021514 -0.170477 
1.016610 0.004208 -0.216459 
1.015589 0.008822 -0.228387 
0.949030 0.355214 -0.013350 
0.948330 0.358618 -0.016227 
