0.700426 0.705251 -0.130481 
0.570207 0.839978 -0.212043 
0.680702 0.717197 -0.197326 
0.646728 0.737775 -0.312468 
0.761777 0.630446 -0.165028 
0.776404 0.605140 -0.221382 
0.806861 0.583779 -0.136928 
0.858446 0.530385 -0.104775 
0.700692 0.685279 -0.257173 
0.741218 0.620573 -0.378497 
0.676421 0.741118 -0.074469 
0.653946 0.774697 -0.022029 
0.655744 0.731695 -0.285899 
0.646874 0.740854 -0.291567 
0.661308 0.768096 -0.010878 
0.646903 0.793812 0.049737 
0.685291 0.750929 0.053388 
0.750184 0.704477 0.227279 
0.639470 0.768023 -0.170556 
0.623327 0.787921 -0.160076 
0.772445 0.608088 -0.231258 
0.775577 0.601524 -0.250704 
0.853854 0.532671 -0.123525 
0.911874 0.469568 -0.106978 
0.790996 0.577613 -0.292308 
0.795318 0.570512 -0.306531 
0.726917 0.710010 0.093299 
0.781428 0.656426 0.145566 
0.598315 0.818795 -0.143564 
0.542880 0.887185 -0.107206 
0.759266 0.682147 0.149666 
0.767433 0.675112 0.163897 
0.783362 0.646192 0.093750 
0.799815 0.621641 0.055568 
0.619515 0.809272 -0.050349 
0.613523 0.815176 -0.056008 
0.837771 0.524586 -0.292847 
0.838278 0.524011 -0.292853 
0.900904 0.480037 -0.119529 
0.945869 0.429735 -0.115710 
0.755338 0.609928 -0.344117 
0.731922 0.631150 -0.378140 
0.551385 0.869664 -0.158049 
0.541277 0.880621 -0.161169 
0.575837 0.853470 -0.084095 
0.575014 0.854303 -0.084731 
0.733650 0.691831 0.025298 
0.735512 0.686805 0.006498 
0.707999 0.666486 -0.324948 
0.708197 0.665977 -0.326784 
0.746837 0.608654 -0.414303 
0.743521 0.608156 -0.441680 
0.872510 0.522014 -0.056158 
0.876061 0.519985 -0.043336 
0.823727 0.595979 0.064607 
0.845709 0.568635 0.048738 
0.787214 0.617553 -0.062622 
0.790618 0.614203 -0.059388 
0.756499 0.696035 0.218944 
0.755889 0.699098 0.234223 
0.829484 0.600384 0.134946 
0.829868 0.600679 0.139646 
0.833555 0.574508 -0.002044 
0.834171 0.573160 -0.006226 
0.826837 0.547222 -0.226756 
0.825620 0.549742 -0.219400 
0.901872 0.498048 0.003537 
0.902057 0.497897 0.003912 
0.585842 0.822119 -0.213087 
0.583928 0.822629 -0.223752 
0.943787 0.437142 -0.083183 
0.954408 0.426518 -0.074180 
0.873957 0.495370 -0.217213 
0.888056 0.479855 -0.214358 
