-0.480941 0.477948 0.735025 
-0.541020 0.451404 0.709599 
-0.431285 0.563050 0.704960 
-0.597924 0.422975 0.680866 
-0.425268 0.465939 0.775918 
-0.393199 0.617024 0.681672 
-0.419800 0.406840 0.811326 
-0.537738 0.549779 0.639204 
-0.595434 0.524489 0.608581 
-0.359046 0.436987 0.824699 
-0.528684 0.396315 0.750618 
-0.650544 0.390658 0.651291 
-0.329044 0.629073 0.704270 
-0.266093 0.630727 0.728957 
-0.344015 0.573680 0.743334 
-0.445501 0.345229 0.826043 
-0.290664 0.553037 0.780810 
-0.494392 0.298873 0.816242 
-0.530235 0.603847 0.595163 
-0.575313 0.346738 0.740802 
-0.328007 0.678951 0.656839 
-0.609680 0.566018 0.554899 
-0.661669 0.527243 0.533113 
-0.373566 0.699433 0.609297 
-0.229889 0.580322 0.781266 
-0.546430 0.640750 0.539308 
-0.534085 0.687375 0.492207 
-0.695991 0.469195 0.543555 
-0.479831 0.727942 0.489757 
-0.723934 0.409222 0.555389 
-0.448741 0.267711 0.852621 
-0.369411 0.507926 0.778169 
-0.451774 0.705337 0.546260 
-0.396387 0.317519 0.861428 
-0.457802 0.659537 0.596178 
-0.639476 0.470809 0.607790 
