0.590180 0.729186 0.353518 
0.600608 0.650140 0.539657 
0.555485 0.798967 0.241015 
0.476815 0.905818 0.120673 
0.504986 0.821257 0.285209 
0.372665 0.879662 0.401012 
0.643120 0.722394 0.263709 
0.797089 0.628802 0.196197 
0.545201 0.830706 0.178670 
0.522597 0.900473 0.041625 
0.559891 0.728305 0.417406 
0.526761 0.727340 0.487286 
0.698267 0.678282 0.267305 
0.710104 0.668814 0.268077 
0.630911 0.683917 0.389458 
0.673556 0.636519 0.427088 
0.489601 0.874367 0.177177 
0.444519 0.909769 0.175967 
0.547873 0.711808 0.485108 
0.541175 0.702614 0.522841 
0.511086 0.774510 0.395425 
0.492345 0.792254 0.386984 
0.667787 0.639691 0.430497 
0.688150 0.615269 0.453158 
0.437505 0.899156 0.218063 
0.388847 0.922309 0.256251 
0.669383 0.727008 0.198219 
0.692989 0.731155 0.139352 
0.738835 0.668612 0.210202 
0.744401 0.667284 0.202366 
0.394012 0.912199 0.272268 
0.321230 0.934026 0.362977 
0.768643 0.626932 0.258929 
0.792011 0.594258 0.297129 
0.649793 0.627953 0.497865 
0.632679 0.616791 0.561937 
0.503522 0.889381 0.109496 
0.510436 0.896838 0.075878 
0.821972 0.600027 0.221088 
0.854210 0.583762 0.198212 
0.463823 0.792267 0.444932 
0.429856 0.805028 0.480512 
0.373018 0.902970 0.339157 
0.350688 0.893153 0.410303 
0.679183 0.745194 0.130593 
0.687339 0.760330 0.074310 
0.556575 0.862968 0.070925 
0.601800 0.840452 0.038045 
0.818817 0.627313 0.155930 
0.818604 0.629153 0.151538 
0.754390 0.612180 0.326599 
0.751202 0.608880 0.341736 
0.430078 0.835454 0.400254 
0.422754 0.844827 0.390558 
0.618987 0.627564 0.561511 
0.616719 0.627536 0.566197 
0.723911 0.606726 0.402867 
0.726115 0.605431 0.401781 
0.602431 0.792920 0.161438 
0.607837 0.789351 0.159810 
0.374211 0.867716 0.429203 
0.370173 0.870048 0.431296 
0.683090 0.767681 0.063667 
0.683395 0.769439 0.058436 
0.573804 0.875331 0.003469 
0.574801 0.876047 -0.000433 
0.609802 0.817653 0.081578 
0.613911 0.814155 0.082401 
0.433868 0.867141 0.309434 
0.439508 0.860763 0.314694 
0.685535 0.654522 0.355515 
0.689470 0.652404 0.353070 
0.548381 0.686277 0.551046 
0.548483 0.681128 0.564343 
0.751909 0.684288 0.142502 
0.751999 0.684396 0.142036 
