0.764706 0.610712 -0.217384 
0.773512 0.609752 -0.196487 
0.811590 0.558563 -0.208313 
0.904597 0.455111 -0.190319 
0.689503 0.660719 -0.305018 
0.671387 0.678550 -0.313563 
0.817692 0.523190 -0.269236 
0.820507 0.506870 -0.297342 
0.743664 0.578066 -0.343226 
0.746134 0.564293 -0.366701 
0.732759 0.560090 -0.410738 
0.712692 0.527011 -0.534976 
0.677204 0.701481 -0.248563 
0.653412 0.780333 -0.139351 
0.862717 0.468675 -0.270157 
0.893458 0.431455 -0.270786 
0.642003 0.710958 -0.319846 
0.638001 0.715191 -0.321095 
0.768542 0.636380 -0.151609 
0.773621 0.670367 -0.064514 
0.872406 0.430118 -0.328634 
0.875658 0.417177 -0.348260 
0.688687 0.592370 -0.455635 
0.675889 0.601744 -0.468672 
0.768016 0.666466 -0.087620 
0.767383 0.702684 -0.010587 
0.651361 0.647825 -0.432579 
0.644413 0.658147 -0.428288 
0.616044 0.702744 -0.405439 
0.612706 0.707935 -0.402874 
0.682309 0.725817 -0.182368 
0.683428 0.731147 -0.167868 
0.598950 0.766450 -0.311656 
0.554149 0.824194 -0.303133 
0.894940 0.458560 -0.208033 
0.917928 0.451345 -0.163711 
0.890531 0.492371 -0.146086 
0.889615 0.499391 -0.133223 
0.782486 0.680299 -0.019802 
0.795090 0.692349 0.039274 
0.757962 0.509990 -0.453804 
0.765167 0.495666 -0.466117 
0.926444 0.405104 -0.241942 
0.939226 0.383416 -0.255700 
0.805391 0.466511 -0.424476 
0.816591 0.456244 -0.417550 
0.864402 0.543025 -0.104235 
0.857694 0.556029 -0.093491 
0.642993 0.781586 -0.163822 
0.641169 0.784173 -0.162961 
0.551583 0.817248 -0.324920 
0.519215 0.851961 -0.333985 
0.728669 0.722238 -0.069147 
0.715725 0.740585 -0.063070 
0.561750 0.778281 -0.383042 
0.562723 0.774549 -0.388608 
0.591955 0.802631 -0.251307 
0.590179 0.811822 -0.235977 
0.728081 0.516542 -0.517556 
0.705390 0.521518 -0.565968 
0.634997 0.636268 -0.500393 
0.634016 0.635576 -0.504458 
0.792741 0.507562 -0.368308 
0.791088 0.512926 -0.360968 
0.688705 0.629243 -0.375481 
0.689554 0.628821 -0.374183 
0.688101 0.539992 -0.570957 
0.680637 0.544370 -0.580926 
0.815630 0.621668 -0.060675 
0.828976 0.609111 -0.053122 
