-0.643157 0.307740 -0.704731 
-0.704900 0.375732 -0.630538 
-0.628672 0.375806 -0.692190 
-0.599479 0.512992 -0.666915 
-0.555002 0.252498 -0.795750 
-0.415575 0.212934 -0.922667 
-0.676703 0.398163 -0.645358 
-0.711704 0.414454 -0.611231 
-0.511852 0.306256 -0.811503 
-0.496796 0.325015 -0.817000 
-0.480566 0.258914 -0.853692 
-0.424799 0.174527 -0.928892 
-0.426451 0.254632 -0.899004 
-0.351619 0.248710 -0.961664 
-0.723473 0.349207 -0.624964 
-0.813584 0.254884 -0.585671 
-0.520692 0.201978 -0.841517 
-0.523551 0.197922 -0.840650 
-0.761376 0.290302 -0.615291 
-0.788743 0.247770 -0.608306 
-0.550420 0.137831 -0.840327 
-0.577779 0.078793 -0.839232 
-0.593175 0.436551 -0.699262 
-0.539913 0.527695 -0.709872 
-0.650492 0.214670 -0.731968 
-0.714470 0.139091 -0.707139 
-0.601892 0.151493 -0.793810 
-0.612346 0.154267 -0.784363 
-0.535902 0.360311 -0.772777 
-0.540108 0.369765 -0.766005 
-0.705204 0.185255 -0.698183 
-0.710095 0.182626 -0.695162 
-0.491962 0.413126 -0.789506 
-0.460114 0.451406 -0.801632 
-0.546528 0.072380 -0.866804 
-0.545844 0.060869 -0.871461 
-0.597599 0.031423 -0.840079 
-0.614604 0.017786 -0.831180 
-0.418175 0.190868 -0.928427 
-0.416543 0.178291 -0.934231 
-0.567627 0.502425 -0.696455 
-0.557341 0.528945 -0.695325 
-0.443369 0.392030 -0.836344 
-0.415530 0.379945 -0.863177 
-0.735868 0.233243 -0.656267 
-0.736495 0.234224 -0.655410 
-0.816256 0.290804 -0.570706 
-0.860726 0.291211 -0.534579 
-0.720726 0.117264 -0.709857 
-0.740766 0.029482 -0.724929 
-0.513627 0.534849 -0.728591 
-0.493676 0.546830 -0.740465 
-0.650762 0.039545 -0.794168 
-0.669022 0.042334 -0.778399 
-0.723733 0.422651 -0.598577 
-0.729248 0.425523 -0.593090 
-0.633311 0.472937 -0.653818 
-0.644615 0.483185 -0.641018 
-0.493416 0.107870 -0.897130 
-0.478500 0.117837 -0.905647 
-0.364375 0.224035 -0.960138 
-0.362604 0.225127 -0.961182 
-0.685740 -0.021561 -0.787645 
-0.695528 -0.038659 -0.785820 
-0.714707 0.028118 -0.746501 
-0.719204 0.035831 -0.740113 
-0.418738 0.322582 -0.881026 
-0.418079 0.328388 -0.879490 
-0.657312 0.125987 -0.758059 
-0.657651 0.125830 -0.757840 
-0.775059 0.175445 -0.645157 
-0.789449 0.154222 -0.641077 
