-0.657061 0.719903 0.223631 
-0.612853 0.713571 0.339451 
-0.566788 0.725348 0.390669 
-0.681140 0.649097 0.338707 
-0.722741 0.594505 0.352434 
-0.509226 0.762308 0.399468 
-0.760692 0.577579 0.296228 
-0.703468 0.575891 0.416512 
-0.642045 0.749346 0.162044 
-0.450318 0.791562 0.413090 
-0.769014 0.534980 0.349876 
-0.692845 0.707742 0.138085 
-0.734521 0.519175 0.436963 
-0.591625 0.781385 0.198540 
-0.671426 0.736768 0.079749 
-0.776692 0.586781 0.228993 
-0.461020 0.815435 0.350038 
-0.803095 0.527897 0.276338 
-0.623076 0.779985 0.058303 
-0.517769 0.793293 0.320315 
-0.497700 0.826459 0.263173 
-0.706354 0.504760 0.496268 
-0.569591 0.818352 0.076591 
-0.792761 0.587606 0.162017 
-0.544351 0.821578 0.169385 
-0.590625 0.678579 0.436683 
-0.782384 0.614739 0.099857 
-0.725666 0.632369 0.271143 
-0.543737 0.684402 0.485741 
-0.469683 0.750847 0.464356 
-0.826301 0.521633 0.212430 
-0.623811 0.626186 0.467708 
-0.828752 0.545373 0.125451 
-0.570556 0.771796 0.280707 
-0.749244 0.637132 0.180822 
-0.639328 0.575573 0.509878 
-0.739231 0.667321 0.090662 
