0.784521 0.620012 -0.071497 
0.810098 0.588237 -0.195609 
0.772330 0.634294 -0.139668 
0.757625 0.651522 -0.221897 
0.737479 0.677685 0.043214 
0.661818 0.769928 0.151546 
0.711781 0.709158 0.101085 
0.688592 0.737559 0.153307 
0.799658 0.602529 0.050062 
0.842869 0.550817 0.131152 
0.735939 0.680346 0.160970 
0.757942 0.654105 0.215513 
0.797940 0.602927 -0.197636 
0.834230 0.558479 -0.279779 
0.836990 0.555939 -0.162039 
0.876076 0.508908 -0.126410 
0.844362 0.548404 0.041582 
0.906614 0.473033 0.029773 
0.699655 0.723169 0.004478 
0.610682 0.830160 -0.086640 
0.664319 0.765607 -0.039685 
0.616528 0.823003 -0.099413 
0.682873 0.744488 0.155086 
0.668793 0.761695 0.181386 
0.882119 0.502478 0.003303 
0.918724 0.457955 -0.033807 
0.777970 0.629687 0.186798 
0.830508 0.566363 0.219082 
0.823009 0.575202 0.185082 
0.842139 0.552061 0.184353 
0.859147 0.531211 0.143144 
0.869235 0.518930 0.131437 
0.631044 0.806173 0.007720 
0.608494 0.833665 0.039847 
0.627016 0.810452 -0.079653 
0.618946 0.820154 -0.088300 
0.860604 0.528078 -0.059001 
0.857181 0.532150 -0.068912 
0.647280 0.785516 -0.142642 
0.647968 0.784670 -0.144779 
0.691589 0.731842 -0.155121 
0.701867 0.719392 -0.158016 
0.757547 0.654814 0.249659 
0.752602 0.660898 0.264878 
0.726384 0.689457 -0.199763 
0.736429 0.677221 -0.212651 
0.795627 0.605245 -0.268271 
0.793361 0.607517 -0.337488 
0.927083 0.448130 0.008263 
0.976900 0.387916 0.013759 
0.712722 0.708976 0.242086 
0.702361 0.721496 0.240336 
0.627000 0.811541 0.078111 
0.626544 0.812147 0.086051 
0.812778 0.588043 0.253860 
0.812623 0.588238 0.254902 
0.903624 0.477344 0.132182 
0.912594 0.466479 0.129972 
0.956852 0.412487 0.061587 
0.959602 0.409194 0.066513 
0.582888 0.863918 -0.065719 
0.575483 0.872889 -0.063381 
0.739476 0.674501 -0.070180 
0.735752 0.679006 -0.070072 
0.739172 0.677475 0.314071 
0.736395 0.680899 0.323803 
0.852816 0.536350 -0.228113 
0.855476 0.533058 -0.239217 
0.890223 0.491895 -0.112043 
0.901534 0.478077 -0.132300 
