0.645865 -0.711369 -0.286029 
0.724630 -0.670357 -0.235440 
0.560659 -0.736685 -0.384651 
0.488570 -0.729505 -0.533990 
0.540076 -0.724280 -0.451152 
0.528527 -0.717319 -0.488468 
0.549169 -0.787065 -0.289729 
0.483721 -0.860452 -0.241185 
0.684828 -0.664604 -0.322014 
0.716694 -0.626359 -0.351443 
0.483274 -0.760030 -0.473410 
0.449825 -0.781082 -0.486517 
0.547466 -0.816348 -0.225389 
0.545535 -0.849561 -0.152413 
0.443374 -0.806982 -0.438718 
0.423848 -0.829959 -0.421740 
0.581727 -0.677034 -0.483294 
0.691080 -0.552992 -0.567684 
0.497816 -0.863592 -0.207986 
0.454638 -0.904678 -0.192851 
0.597967 -0.795446 -0.180525 
0.653763 -0.772353 -0.130955 
0.529562 -0.700759 -0.524719 
0.519660 -0.705262 -0.532582 
0.689775 -0.699788 -0.231827 
0.764097 -0.680187 -0.140085 
0.478780 -0.849863 -0.274688 
0.475332 -0.847377 -0.286767 
0.746371 -0.665145 -0.207400 
0.807675 -0.627619 -0.180941 
0.623785 -0.629732 -0.514815 
0.626566 -0.626605 -0.516899 
0.512155 -0.881191 -0.141018 
0.530643 -0.903884 -0.054672 
0.711145 -0.621927 -0.371876 
0.738415 -0.577704 -0.423545 
0.757742 -0.574356 -0.395657 
0.759111 -0.572959 -0.396355 
0.787917 -0.617915 -0.239699 
0.805744 -0.597649 -0.253558 
0.406816 -0.853179 -0.399612 
0.402593 -0.858514 -0.395096 
0.741752 -0.696310 -0.144096 
0.740513 -0.704672 -0.127111 
0.716776 -0.582334 -0.452737 
0.713325 -0.583006 -0.457545 
0.590013 -0.828672 -0.118615 
0.587274 -0.840116 -0.097290 
0.696802 -0.569404 -0.519324 
0.691577 -0.566021 -0.536745 
0.459100 -0.829238 -0.358464 
0.464582 -0.826728 -0.354150 
0.354781 -0.876672 -0.441331 
0.347325 -0.880038 -0.447308 
0.396908 -0.887566 -0.338625 
0.395371 -0.892902 -0.329161 
0.647033 -0.790095 -0.102472 
0.675837 -0.770607 -0.094317 
0.507050 -0.912663 -0.077903 
0.506073 -0.918684 -0.065827 
0.666659 -0.629475 -0.436430 
0.665139 -0.630905 -0.435935 
0.627108 -0.676360 -0.401251 
0.622571 -0.681739 -0.397215 
0.653311 -0.751438 -0.179982 
0.655460 -0.749729 -0.179961 
0.815891 -0.623626 -0.175009 
0.822174 -0.624908 -0.160480 
0.653349 -0.580409 -0.574011 
0.650790 -0.581057 -0.577232 
0.405518 -0.811397 -0.498278 
0.392267 -0.812943 -0.519128 
0.432931 -0.897443 -0.249508 
0.432211 -0.898190 -0.249113 
0.577126 -0.644940 -0.565724 
0.577053 -0.644964 -0.565804 
