-0.572612 0.114722 -0.814834 
-0.564434 0.184605 -0.816851 
-0.610000 -0.017485 -0.795358 
-0.658052 -0.119618 -0.766614 
-0.662032 0.010677 -0.756634 
-0.772501 0.070466 -0.674418 
-0.709690 0.048410 -0.720511 
-0.727736 0.062697 -0.706833 
-0.632438 -0.083380 -0.782933 
-0.671662 -0.198573 -0.761213 
-0.524833 0.030352 -0.853598 
-0.339392 -0.016567 -0.988682 
-0.605673 0.171228 -0.788114 
-0.659300 0.262885 -0.744772 
-0.506293 -0.035767 -0.870467 
-0.473040 -0.154364 -0.900726 
-0.467613 0.040254 -0.893944 
-0.442507 0.044598 -0.911647 
-0.646817 -0.152308 -0.776433 
-0.660802 -0.219347 -0.770112 
-0.584093 0.237525 -0.799903 
-0.549624 0.343420 -0.818735 
-0.484126 -0.100061 -0.889830 
-0.471463 -0.136786 -0.900890 
-0.518096 0.139506 -0.852433 
-0.484982 0.154560 -0.875272 
-0.571234 -0.068163 -0.825836 
-0.568345 -0.071940 -0.828107 
-0.767176 0.042557 -0.679753 
-0.798081 0.039410 -0.657840 
-0.554527 0.299258 -0.817650 
-0.514026 0.383824 -0.841960 
-0.410287 0.048851 -0.934439 
-0.360706 0.056287 -0.969462 
-0.498786 0.319044 -0.856398 
-0.491402 0.321665 -0.861531 
-0.377395 -0.007808 -0.961046 
-0.366669 -0.026285 -0.969723 
-0.488982 0.201549 -0.869840 
-0.484520 0.211059 -0.872508 
-0.726667 -0.019717 -0.712110 
-0.733768 -0.048209 -0.708597 
-0.716238 0.118301 -0.712004 
-0.723123 0.191798 -0.703058 
-0.439030 0.108901 -0.910610 
-0.444300 0.119911 -0.906241 
-0.757316 0.166157 -0.680028 
-0.758799 0.167885 -0.678874 
-0.639604 0.254030 -0.759331 
-0.655133 0.258647 -0.747982 
-0.528097 -0.147339 -0.860998 
-0.543622 -0.164032 -0.850818 
-0.816355 0.077325 -0.642705 
-0.820845 0.080499 -0.639323 
-0.702538 -0.172187 -0.737704 
-0.704369 -0.172840 -0.736431 
-0.719653 -0.105443 -0.721818 
-0.720645 -0.101576 -0.720897 
-0.457701 0.271198 -0.888379 
-0.454231 0.267158 -0.891079 
-0.677181 -0.234582 -0.759242 
-0.651922 -0.296737 -0.780696 
-0.428684 -0.078920 -0.928291 
-0.426542 -0.078103 -0.929776 
-0.661719 0.097780 -0.752086 
-0.656522 0.095824 -0.755908 
-0.320635 -0.017322 -1.002128 
-0.308236 -0.019401 -1.011102 
-0.680153 0.174717 -0.734700 
-0.679485 0.175761 -0.735120 
-0.545867 -0.215189 -0.852016 
-0.546546 -0.217781 -0.851672 
-0.620396 -0.243912 -0.800331 
-0.613128 -0.245107 -0.805590 
