174
169
183
194
191
170
193
194
169
176
157
159
207
167
178
157
186
199
182
178
185
182
169
195
164
199
192
185
193
155
156
186
179
192
193
156
155
177
181
190
180
170
160
200
145
194
189
179
169
188
221
173
145
157
184
180
132
180
179
162
176
168
192
160
181
163
160
177
168
165
182
189
185
185
190
155
181
174
182
155
182
175
199
187
170
184
160
173
166
178
173
174
164
199
153
177
193
185
196
205
161
178
207
184
175
174
177
186
185
198
182
170
191
165
233
156
171
184
160
186
174
162
183
181
152
187
180
156
188
200
194
174
127
184
202
174
185
167
206
201
176
190
171
165
190
154
149
209
165
202
137
178
153
199
198
170
201
182
203
182
195
195
195
145
180
162
178
197
191
170
180
155
164
173
188
171
188
143
189
204
184
173
188
187
201
165
200
197
175
217
192
231
177
206
184
173
196
177
170
166
167
205
159
158
173
188
175
189
173
206
190
171
180
151
168
191
202
174
172
204
144
148
179
171
173
157
166
