151
211
182
195
184
199
166
167
204
161
201
176
181
201
189
159
169
188
198
150
166
180
168
168
164
180
187
154
169
150
157
193
138
181
184
191
162
173
171
199
187
209
164
182
187
164
202
179
202
198
182
146
200
172
196
190
208
201
179
193
194
143
173
188
167
181
190
173
179
193
208
190
158
172
194
182
225
201
164
159
204
171
171
189
151
158
184
167
140
179
171
158
155
198
160
203
169
203
182
186
180
154
188
195
182
164
174
229
175
145
154
198
162
189
184
185
195
167
163
182
176
168
180
218
164
215
175
155
204
179
201
150
205
201
178
169
170
173
159
217
181
159
185
196
153
179
153
167
173
186
166
162
198
176
187
169
190
201
174
177
194
190
193
177
152
172
190
173
195
179
190
186
150
156
167
150
197
168
156
158
174
159
160
169
183
189
160
187
177
186
162
185
171
168
189
180
155
177
203
159
171
183
158
197
150
171
178
177
170
167
185
177
169
168
167
189
183
175
177
173
162
169
175
196
157
198
150
