149
176
194
151
187
148
196
204
157
201
170
181
196
173
190
204
195
170
171
184
175
169
181
168
180
161
184
190
165
179
220
180
154
198
195
179
159
150
171
195
177
169
162
147
169
152
167
188
172
167
179
212
179
155
173
157
187
191
219
176
183
161
196
161
170
210
180
174
189
197
169
195
172
176
174
168
169
178
156
169
214
155
167
174
206
176
165
205
196
149
222
176
169
183
199
171
185
197
161
173
168
182
169
190
159
187
159
178
179
169
181
190
189
149
159
228
192
145
158
162
200
179
169
156
188
171
168
186
178
209
197
166
189
166
187
152
162
197
163
186
167
180
158
176
191
160
171
162
204
182
157
161
188
210
161
198
153
190
189
199
172
189
192
189
168
185
182
171
171
199
191
173
175
164
183
183
189
199
170
184
174
175
180
177
177
187
173
187
186
160
160
151
172
146
192
219
160
204
211
171
193
160
168
207
148
153
184
171
175
180
198
183
152
195
199
153
197
174
217
194
166
169
188
190
171
170
141
