186
189
211
166
197
174
201
155
169
197
165
178
185
193
179
149
189
187
195
194
194
147
177
179
190
165
183
172
207
194
161
163
154
189
162
200
203
174
189
165
169
192
170
172
164
193
195
173
167
188
176
184
151
184
178
170
179
189
164
169
195
167
200
166
178
170
164
179
174
194
199
160
179
174
162
202
186
196
153
175
182
162
200
150
165
142
182
212
197
197
210
175
168
193
188
173
142
193
153
161
184
172
173
184
166
173
178
175
167
184
165
207
172
181
185
193
188
159
166
186
167
181
167
198
179
192
154
159
216
179
176
211
143
164
212
199
223
191
201
186
165
165
208
188
186
157
196
196
199
150
197
170
179
223
170
196
187
160
171
161
165
193
212
183
183
175
177
175
182
172
217
162
169
193
182
182
190
194
188
206
166
175
216
136
187
189
170
173
170
155
191
176
203
207
179
210
184
158
158
179
173
179
164
183
151
210
166
229
168
182
173
165
193
173
160
180
224
179
157
146
210
136
173
138
163
193
203
