174
195
149
175
145
166
171
185
201
157
145
212
181
180
175
179
179
181
181
184
206
163
212
169
160
143
205
194
186
176
184
160
181
162
172
192
179
165
171
184
149
176
147
157
200
176
159
179
144
170
213
170
190
145
179
202
155
190
176
171
196
188
182
208
207
203
176
165
166
175
184
147
162
157
202
188
202
195
172
196
188
173
169
157
158
187
154
186
187
218
182
176
184
181
162
199
183
156
189
173
156
184
182
158
191
156
189
159
186
157
196
193
184
164
181
161
144
205
174
154
193
154
187
176
173
173
206
181
147
197
191
190
200
165
174
184
196
200
152
129
173
202
196
168
178
145
172
168
201
153
190
189
169
169
181
159
171
163
197
175
192
186
175
191
171
198
195
211
149
161
196
212
185
217
188
172
180
173
160
185
182
179
178
179
170
206
195
197
179
183
153
178
175
176
163
192
210
200
177
176
179
165
196
165
176
197
184
200
185
189
155
163
203
198
151
193
186
173
175
169
189
182
165
189
218
163
158
