-0.815895 -0.497951 0.310419 
-0.704243 -0.551374 0.458290 
-0.650340 -0.634568 0.445127 
-0.756034 -0.467760 0.476354 
-0.747390 -0.605748 0.290649 
-0.683633 -0.680238 0.310305 
-0.874203 -0.416721 0.311748 
-0.609716 -0.628626 0.536310 
-0.812119 -0.444426 0.396919 
-0.708048 -0.597766 0.382237 
-0.811699 -0.385145 0.485086 
-0.798558 -0.342492 0.574574 
-0.642115 -0.658606 0.426411 
-0.650684 -0.706220 0.338893 
-0.798992 -0.592069 0.206090 
-0.824514 -0.500511 0.289161 
-0.746364 -0.675548 0.189922 
-0.747372 -0.634559 0.248250 
-0.910967 -0.428688 0.219524 
-0.708701 -0.757174 0.146119 
-0.685820 -0.710364 0.261492 
-0.847404 -0.508273 0.231280 
-0.697901 -0.549105 0.474499 
-0.641196 -0.793804 0.229142 
-0.681492 -0.670133 0.329533 
-0.904443 -0.482686 0.153229 
-0.585706 -0.740901 0.419661 
-0.623594 -0.782978 0.280804 
-0.707386 -0.666993 0.281614 
-0.649611 -0.694523 0.358300 
-0.647126 -0.561137 0.559806 
-0.848246 -0.303925 0.530557 
-0.919538 -0.364912 0.296069 
-0.597868 -0.674225 0.493189 
-0.728204 -0.746672 0.122013 
-0.818424 -0.439349 0.391602 
-0.787077 -0.613187 0.199163 
-0.694673 -0.477375 0.586699 
-0.620600 -0.755660 0.327116 
-0.744773 -0.678012 0.189523 
-0.784632 -0.300720 0.664358 
-0.806892 -0.648077 0.107566 
-0.749981 -0.558220 0.355397 
-0.669730 -0.524881 0.567341 
-0.805095 -0.462321 0.384814 
-0.848680 -0.582149 0.119877 
-0.745412 -0.596026 0.308983 
-0.846613 -0.477084 0.278824 
-0.751262 -0.452862 0.507980 
-0.798874 -0.398364 0.491639 
-0.838180 -0.368929 0.455237 
-0.699101 -0.619081 0.368997 
-0.550454 -0.726669 0.512153 
-0.763616 -0.646499 0.197703 
-0.642685 -0.666891 0.413051 
-0.701580 -0.637316 0.337107 
-0.765543 -0.514288 0.388526 
-0.794561 -0.661938 0.112172 
-0.614783 -0.678390 0.452731 
-0.772989 -0.421897 0.509501 
-0.688165 -0.686310 0.292164 
-0.750860 -0.481384 0.466785 
-0.881969 -0.394463 0.328775 
-0.861876 -0.440631 0.301545 
-0.707947 -0.552899 0.448527 
-0.752342 -0.583502 0.313368 
-0.771811 -0.523290 0.362550 
-0.857485 -0.447038 0.301018 
-0.772554 -0.629738 0.204253 
-0.671041 -0.634252 0.403587 
-0.693738 -0.507173 0.544708 
-0.975449 -0.356094 0.195606 
-0.812902 -0.550448 0.239169 
-0.710672 -0.626311 0.334868 
-0.769065 -0.664051 0.160795 
-0.706073 -0.684480 0.258522 
-0.668171 -0.594527 0.467924 
-0.664956 -0.756389 0.236040 
-0.611392 -0.619492 0.546364 
-0.712750 -0.563164 0.423661 
-0.658312 -0.587958 0.497604 
-0.534266 -0.687481 0.602719 
-0.687547 -0.522564 0.534602 
-0.663689 -0.654793 0.388251 
-0.737985 -0.434200 0.562409 
-0.679463 -0.657713 0.351942 
-0.817925 -0.527590 0.262646 
-0.671890 -0.578984 0.483269 
-0.789006 -0.491235 0.374873 
-0.734648 -0.502538 0.468523 
-0.790463 -0.433704 0.456654 
-0.743724 -0.739805 0.100636 
-0.811969 -0.562320 0.223576 
-0.581961 -0.738358 0.431004 
-0.583022 -0.681195 0.513048 
-0.698442 -0.563535 0.452149 
-0.755827 -0.577785 0.314717 
-0.644682 -0.507310 0.644047 
-0.550172 -0.728052 0.510689 
-0.672138 -0.499462 0.599895 
-0.834055 -0.541169 0.209915 
-0.783656 -0.616824 0.200749 
-0.608959 -0.597237 0.584081 
-0.761306 -0.331269 0.666695 
-0.810180 -0.529356 0.275760 
-0.882365 -0.450574 0.245324 
-0.732607 -0.404474 0.617104 
-0.730493 -0.700875 0.184823 
-0.738824 -0.702351 0.165743 
-0.924863 -0.404915 0.226342 
-0.713965 -0.747761 0.149301 
-0.852553 -0.356216 0.444798 
-0.841024 -0.473122 0.296000 
-0.787683 -0.493261 0.374573 
-0.929325 -0.300134 0.371621 
-0.809662 -0.514437 0.298785 
-0.612412 -0.641631 0.511685 
-0.688736 -0.586157 0.438523 
-0.836193 -0.482529 0.291946 
-0.909214 -0.469578 0.162853 
-0.815159 -0.447373 0.386409 
-0.687382 -0.583440 0.445271 
-0.765756 -0.642379 0.199430 
-0.846331 -0.362140 0.448698 
-0.800577 -0.438894 0.428487 
-0.852894 -0.356727 0.443352 
-0.843542 -0.419858 0.369344 
-0.743059 -0.641872 0.246229 
-0.790130 -0.377706 0.539808 
-0.551152 -0.757926 0.464698 
-0.656106 -0.590521 0.498305 
-0.643656 -0.640947 0.449295 
-0.750969 -0.481118 0.466954 
-0.686716 -0.724197 0.239301 
-0.635846 -0.544266 0.607544 
-0.818266 -0.633269 0.106298 
-0.646536 -0.635509 0.451460 
-0.811707 -0.385148 0.485065 
-0.848970 -0.416499 0.363277 
-0.642401 -0.668327 0.411512 
-0.804464 -0.635003 0.131748 
-0.678933 -0.782347 0.169446 
-0.802793 -0.455256 0.399892 
-0.720486 -0.606963 0.343453 
-0.659578 -0.664035 0.382981 
-0.633280 -0.684680 0.405934 
-0.736988 -0.571415 0.362327 
-0.518018 -0.751978 0.540692 
-0.792279 -0.522268 0.322523 
-0.609694 -0.739192 0.373502 
-0.723696 -0.574338 0.384991 
-0.806759 -0.377141 0.506899 
-0.616999 -0.786275 0.289331 
-0.673762 -0.546563 0.527224 
-0.914153 -0.278064 0.434914 
-0.746298 -0.619070 0.273243 
-0.737600 -0.508232 0.454146 
-0.680366 -0.679903 0.317428 
-0.863230 -0.270498 0.549387 
-0.901759 -0.358286 0.341903 
-0.824799 -0.605511 0.133925 
-0.845028 -0.357067 0.458813 
-0.738253 -0.394121 0.620897 
-0.840451 -0.529438 0.214215 
-0.607383 -0.674322 0.473738 
-0.862822 -0.361634 0.415981 
-0.653374 -0.702677 0.338653 
-0.730295 -0.603366 0.328845 
-0.924616 -0.283737 0.405327 
-0.671278 -0.520089 0.571258 
-0.553430 -0.757634 0.460506 
-0.637622 -0.595889 0.527903 
-0.772446 -0.549158 0.323159 
-0.627710 -0.765766 0.297804 
-0.608184 -0.643192 0.517967 
-0.715910 -0.507946 0.498579 
-0.918726 -0.291272 0.406180 
-0.742866 -0.517468 0.429857 
-0.788565 -0.581851 0.242298 
-0.757605 -0.469325 0.470859 
-0.717421 -0.655681 0.277913 
-0.757329 -0.607112 0.268474 
-0.866944 -0.283423 0.522815 
-0.792664 -0.374555 0.539309 
-0.736250 -0.639491 0.263555 
-0.947739 -0.336601 0.280544 
-0.984707 -0.324876 0.222802 
-0.637038 -0.718565 0.348400 
-0.824079 -0.477728 0.323600 
-0.848623 -0.504533 0.234316 
-0.614536 -0.745384 0.354558 
-0.974307 -0.321118 0.249439 
-0.563775 -0.742173 0.462286 
-0.866417 -0.380075 0.381525 
-0.902025 -0.299217 0.428367 
-0.825903 -0.617975 0.113329 
-0.862904 -0.269498 0.551521 
-0.735502 -0.446754 0.548956 
-0.797653 -0.573183 0.236624 
-0.872182 -0.308350 0.475470 
-0.727474 -0.529621 0.443191 
-0.649754 -0.761690 0.259078 
-0.930061 -0.344018 0.305491 
-0.819164 -0.440646 0.388191 
-0.686340 -0.563273 0.477089 
-0.773077 -0.451381 0.465895 
-0.669713 -0.662585 0.364549 
-0.843526 -0.526513 0.212284 
-0.636752 -0.761740 0.285386 
-0.888795 -0.524672 0.123137 
-0.966258 -0.420383 0.119564 
-0.569361 -0.639124 0.602733 
-0.790331 -0.377262 0.540056 
-0.831626 -0.460600 0.333512 
-0.625329 -0.663962 0.452584 
-0.615447 -0.681836 0.446309 
-0.779043 -0.608233 0.222761 
-0.635577 -0.686834 0.398100 
-0.698853 -0.470956 0.587672 
-0.582892 -0.647174 0.563420 
-0.764337 -0.503708 0.406557 
-0.759187 -0.605160 0.267580 
-0.686227 -0.707359 0.265095 
-0.813880 -0.553788 0.232265 
-0.911171 -0.463362 0.168038 
-0.702574 -0.514455 0.516054 
-0.680361 -0.685838 0.308694 
