150
166
178
191
181
172
196
165
172
193
149
187
140
168
150
178
170
197
192
199
182
139
171
180
184
173
178
171
183
165
158
190
147
179
182
189
160
156
170
188
147
184
189
176
181
190
180
178
156
197
176
182
172
181
186
172
168
166
193
201
188
164
164
179
178
180
162
194
135
170
144
184
151
181
182
176
172
174
158
188
178
169
194
173
168
195
196
151
153
156
156
202
172
173
150
149
175
182
176
182
182
167
188
176
167
231
198
204
174
162
172
178
180
178
168
195
162
187
188
163
172
195
172
162
165
169
189
181
174
167
181
186
210
169
162
198
178
164
179
181
172
166
208
172
159
167
176
160
174
181
200
162
172
191
183
198
192
178
145
172
189
178
202
155
193
175
175
170
193
182
183
157
174
188
176
176
220
193
160
181
181
194
138
164
164
154
177
191
173
143
158
193
178
187
208
173
210
176
186
215
143
206
181
177
181
141
196
167
186
162
140
195
179
160
174
190
181
201
179
165
164
195
159
188
195
165
168
